63 217 2.16667 1
0.830459 0.031056 -0.556213 -2.64301 -0.252406 0.911056 -0.325989 9.87023 0.496618 0.411112 0.764434 -41.5571 
0.896732 0.060118 -0.43847 -7.49223 -0.267608 0.862752 -0.429006 17.7931 0.3525 0.502041 0.789747 -56.2221 
0.998523 0.0189441 -0.0509003 -1.14506 -0.0253806 0.991326 -0.12895 -4.26038 0.0480154 0.130051 0.990344 6.0027 
0.998523 0.0189441 -0.0509003 -1.14506 -0.0253806 0.991326 -0.12895 -4.26038 0.0480154 0.130051 0.990344 6.0027 
0.998523 0.0189441 -0.0509003 -1.14506 -0.0253806 0.991326 -0.12895 -4.26036 0.0480154 0.130051 0.990344 6.00271 
0.998523 0.0189441 -0.0509003 -1.14506 -0.0253806 0.991326 -0.12895 -4.26038 0.0480154 0.130051 0.990344 6.00271 
0.998523 0.0189441 -0.0509003 -1.14506 -0.0253806 0.991326 -0.12895 -4.26038 0.0480154 0.130051 0.990344 6.00271 
0.998523 0.0189441 -0.0509003 -1.14506 -0.0253806 0.991326 -0.12895 -4.26038 0.0480154 0.130051 0.990344 6.00271 
0.998523 0.0189441 -0.0509003 -1.14506 -0.0253806 0.991326 -0.12895 -4.26038 0.0480154 0.130051 0.990344 6.00271 
0.775173 0.190669 -0.602286 -27.6514 -0.449826 0.835987 -0.314298 21.4421 0.443576 0.51456 0.733804 -57.7801 
0.704234 -0.063971 -0.707078 12.5951 -0.100297 0.97698 -0.188284 -0.809097 0.702846 0.203513 0.681608 -9.07421 
0.971961 4.76837e-07 -0.23514 0.347611 -0.017632 0.997185 -0.0728804 0.374054 0.234478 0.0749829 0.969225 -7.04776 
0.99718 0.0460433 -0.0592677 -4.27112 -0.0602351 0.962079 -0.26604 4.16563 0.0447711 0.26886 0.962137 -23.0791 
0.998215 0.0470599 -0.0367611 -4.353 -0.0575349 0.59304 -0.803116 22.9567 -0.0159943 0.803797 0.594688 -48.6777 
0.966157 0.0819446 -0.244592 -5.63011 -0.231769 -0.140482 -0.962574 34.2792 -0.113239 0.986686 -0.116737 -54.0765 
0.966157 0.0819443 -0.244591 -5.6301 -0.231769 -0.140481 -0.962574 34.2792 -0.113239 0.986686 -0.116737 -54.0765 
0.964943 0.00730127 -0.262356 -0.302792 -0.0683911 0.972074 -0.22449 2.9737 0.25339 0.234563 0.938496 -22.0983 
0.909468 0.0287443 -0.414778 -2.53987 -0.205608 0.89818 -0.388585 11.702 0.361376 0.438688 0.822777 -45.3682 
0.980259 0.0837156 0.179115 -7.91057 -0.0250481 0.951216 -0.307507 11.2752 -0.196121 0.29695 0.934536 -35.7864 
0.971451 0.100009 0.215125 -10.5141 -0.0196009 0.937536 -0.347337 13.4268 -0.236425 0.333205 0.912732 -41.9462 
0.579031 -0.147555 0.801841 6.0482 -0.171424 0.939468 0.296671 5.37305 -0.797081 -0.309236 0.518684 24.4505 
0.587552 -0.191785 0.786129 12.2639 -0.115656 0.94163 0.316162 7.01131 -0.800879 -0.276682 0.531073 19.9612 
0.984483 0.144555 0.0994655 7.07646 -0.0579334 0.802839 -0.593374 51.2714 -0.165632 0.578406 0.798757 -64.3184 
0.959626 -0.151922 0.236713 35.4418 0.224274 0.921192 -0.317975 40.3096 -0.169754 0.358227 0.918072 -43.2338 
0.486425 -0.702503 0.519498 69.7469 0.794706 0.602823 0.0710658 85.2511 -0.36309 0.378282 0.85151 -50.7463 
0.486425 -0.702503 0.519498 69.7469 0.794706 0.602822 0.071066 85.2511 -0.36309 0.378281 0.85151 -50.7463 
0.752384 -0.215424 0.622502 20.406 0.449969 0.858252 -0.246846 54.5024 -0.481089 0.465831 0.742668 -62.8672 
-0.330052 -0.634856 0.698584 22.9 0.689397 0.343422 0.637805 89.2372 -0.644823 0.692113 0.324319 -79.3157 
-0.330052 -0.634857 0.698585 22.9001 0.689398 0.343422 0.637805 89.2372 -0.644823 0.692113 0.32432 -79.3157 
0.721716 -0.0279566 0.691622 -5.4661 0.408033 0.824306 -0.392466 61.9567 -0.559138 0.565455 0.606321 -73.1317 
-0.402647 -0.430211 0.807955 -8.30161 0.671095 0.461527 0.580193 75.4106 -0.622498 0.775831 0.102879 -79.8154 
-0.402648 -0.430211 0.807955 -8.30169 0.671096 0.461528 0.580192 75.4107 -0.622497 0.775831 0.102879 -79.8154 
0.925663 0.377732 -0.0215257 -19.4827 -0.322328 0.757541 -0.567659 44.1277 -0.19812 0.5324 0.822981 -61.0451 
0.777357 0.158856 0.608669 -25.6072 0.155394 0.88911 -0.430508 42.7225 -0.609565 0.429242 0.666469 -59.4605 
0.777356 0.158856 0.608668 -25.6073 0.155394 0.88911 -0.430509 42.7225 -0.609565 0.429243 0.666469 -59.4604 
0.74042 0.657024 0.141757 -68.8968 -0.53984 0.70695 -0.45694 38.4916 -0.40044 0.2618 0.878128 -37.112 
0.733268 0.666351 0.135244 -70.1529 -0.544829 0.694824 -0.469446 40.2233 -0.40679 0.270544 0.872541 -38.2921 
0.733269 0.66635 0.135243 -70.1529 -0.54483 0.694824 -0.469445 40.2232 -0.40679 0.270545 0.872541 -38.2921 
0.69377 0.378194 -0.612904 -53.9442 -0.405629 0.908399 0.101382 14.7743 0.595103 0.178276 0.783627 -3.41882 
0.681871 0.361441 -0.635934 -51.217 -0.399497 0.912291 0.090157 14.081 0.612742 0.192578 0.766461 -5.87964 
0.488594 0.379199 -0.7858 -46.0998 -0.474882 0.871113 0.125096 22.0996 0.731958 0.312042 0.605697 -25.3645 
0.472413 0.484601 -0.736198 -59.6506 -0.601716 0.787667 0.132363 37.6545 0.644022 0.380453 0.663696 -31.4832 
0.702817 0.61027 -0.365538 -95.177 -0.481289 0.0295302 -0.876065 152.677 -0.523843 0.791644 0.31447 -21.381 
0.8054 0.560558 0.19262 -112.576 -0.302269 0.667969 -0.680038 65.2529 -0.509867 0.489482 0.707421 -0.509624 
0.520377 0.852357 0.0518964 -129.739 -0.760634 0.490288 -0.425507 94.4988 -0.388129 0.18195 0.903466 22.8923 
0.520377 0.852358 0.0518958 -129.739 -0.760634 0.490288 -0.425506 94.4988 -0.388128 0.18195 0.903466 22.8923 
0.771309 0.633805 -0.0580618 -111.763 -0.454076 0.484062 -0.747998 94.0836 -0.44598 0.603304 0.661156 -15.1104 
0.330925 0.910807 -0.246814 -118.955 -0.936111 0.283838 -0.207691 115.448 -0.119113 0.299776 0.946545 -4.08562 
0.330925 0.910808 -0.246814 -118.955 -0.936111 0.283838 -0.207691 115.448 -0.119113 0.299776 0.946545 -4.08561 
0.788037 0.563466 -0.247996 -97.6298 -0.501985 0.354923 -0.788696 111.744 -0.356386 0.746013 0.562544 -32.329 
0.281747 0.72974 -0.622973 -81.3646 -0.933286 0.0577293 -0.354465 146.368 -0.222706 0.681283 0.697321 -35.638 
0.281747 0.72974 -0.622974 -81.3645 -0.933285 0.0577296 -0.354465 146.368 -0.222705 0.681283 0.697321 -35.6381 
0.908468 0.385649 -0.161123 -84.4697 -0.276481 0.2654 -0.923645 116.602 -0.313443 0.883651 0.347731 -43.1552 
0.93603 0.3477 -0.0543171 -85.5074 -0.140674 0.2282 -0.963398 117.009 -0.32258 0.909413 0.262514 -42.3255 
0.936031 0.3477 -0.054317 -85.5074 -0.140674 0.2282 -0.963397 117.009 -0.32258 0.909412 0.262513 -42.3255 
0.825204 0.548313 -0.135616 -99.4726 -0.264725 0.163342 -0.950389 128.771 -0.49896 0.820168 0.27994 -25.0084 
0.826552 0.532474 -0.18244 -96.0015 -0.348307 0.229253 -0.908913 122.545 -0.442149 0.814811 0.374953 -29.7743 
0.826552 0.532474 -0.18244 -96.0014 -0.348307 0.229253 -0.908913 122.545 -0.442148 0.814811 0.374954 -29.7743 
0.986946 -0.115611 0.112124 10.6137 -0.00664452 0.666375 0.745587 29.6777 -0.160915 -0.736598 0.656909 63.8935 
0.990676 -0.0638646 0.12033 8.07519 0.011105 0.918223 0.39591 17.6101 -0.135775 -0.390881 0.910371 46.7871 
0.98618 0.0370424 0.161476 6.92937 -0.105125 0.893239 0.437121 16.4555 -0.128045 -0.448054 0.884789 47.4999 
0.98618 0.0370421 0.161477 6.92935 -0.105125 0.89324 0.43712 16.4555 -0.128046 -0.448054 0.884789 47.4999 
0.984483 0.144554 0.0994654 7.07644 -0.0579332 0.80284 -0.593374 51.2714 -0.165633 0.578406 0.798757 -64.3184 
0.831519 0.0282536 -0.554778 -2.35619 -0.250195 0.910721 -0.32862 9.91266 0.495963 0.412056 0.764351 -41.6021 
0.89773 0.0572974 -0.436804 -7.20282 -0.262867 0.865327 -0.426743 17.36 0.353527 0.497921 0.791893 -55.4558 
0.998543 0.0189209 -0.0505279 -1.32391 -0.0250393 0.992048 -0.123345 -4.38676 0.0477915 0.12443 0.991077 7.02328 
0.998543 0.0189209 -0.0505279 -1.32391 -0.0250393 0.992048 -0.123345 -4.38676 0.0477915 0.12443 0.991077 7.02327 
0.998543 0.0189209 -0.0505279 -1.32391 -0.0250393 0.992048 -0.123345 -4.38675 0.0477915 0.12443 0.991077 7.02328 
0.998543 0.0189209 -0.0505279 -1.32391 -0.0250393 0.992048 -0.123345 -4.38676 0.0477915 0.12443 0.991077 7.02328 
0.998543 0.0189209 -0.0505279 -1.32391 -0.0250393 0.992048 -0.123345 -4.38678 0.0477915 0.12443 0.991077 7.02328 
0.998543 0.0189209 -0.0505279 -1.32391 -0.0250393 0.992048 -0.123345 -4.38676 0.0477915 0.12443 0.991077 7.02328 
0.998543 0.0189209 -0.0505279 -1.32391 -0.0250393 0.992048 -0.123345 -4.38678 0.0477915 0.12443 0.991077 7.02328 
0.777046 0.188203 -0.600647 -27.4169 -0.447635 0.836096 -0.317121 21.415 0.442516 0.515288 0.733933 -57.7921 
0.705066 -0.067243 -0.705946 12.9562 -0.0985433 0.976545 -0.191439 -0.749908 0.702261 0.204543 0.681903 -9.13333 
0.971934 0.00109518 -0.235252 0.163125 -0.0187013 0.997184 -0.0726206 0.376549 0.23451 0.0749818 0.969218 -6.98925 
0.997355 0.0412724 -0.059849 -3.92207 -0.055151 0.965903 -0.252965 3.75156 0.047368 0.255596 0.965622 -21.8376 
0.99839 0.0454869 -0.0338934 -4.16621 -0.0541492 0.586159 -0.808386 23.1142 -0.0169046 0.808918 0.587678 -48.2982 
0.965804 0.0803039 -0.246523 -5.46444 -0.232541 -0.152196 -0.960605 34.6082 -0.11466 0.985083 -0.128317 -53.6288 
0.965803 0.0803108 -0.246527 -5.46439 -0.232535 -0.152276 -0.960594 34.6082 -0.114687 0.98507 -0.128395 -53.628 
0.964903 0.00802504 -0.262485 -0.452164 -0.0691787 0.971996 -0.224586 2.98405 0.253331 0.234861 0.938437 -22.0681 
0.909754 0.0276009 -0.414229 -2.47583 -0.204783 0.897784 -0.389934 11.7507 0.361125 0.439571 0.822415 -45.4046 
0.9802 0.0807692 0.180789 -7.63639 -0.0216065 0.9512 -0.307817 11.2887 -0.196831 0.297816 0.934112 -35.8131 
0.971345 0.0971341 0.216919 -10.2515 -0.016149 0.937538 -0.347509 13.4377 -0.237126 0.334048 0.912242 -41.9695 
0.578358 -0.151839 0.801527 6.48485 -0.169032 0.938898 0.299831 5.40958 -0.79808 -0.308893 0.517352 24.4858 
0.586659 -0.196079 0.785738 12.6941 -0.113158 0.94088 0.319282 7.07553 -0.80189 -0.276222 0.529785 19.9804 
0.984591 0.142186 0.101793 7.24053 -0.054521 0.802702 -0.593882 51.3992 -0.166154 0.579182 0.798086 -64.3333 
0.958804 -0.154781 0.238191 35.6518 0.227607 0.92031 -0.318159 40.5086 -0.169968 0.359267 0.917626 -43.2735 
0.483638 -0.704303 0.519663 69.8053 0.796682 0.600111 0.0718799 85.5705 -0.362482 0.379244 0.851341 -50.7549 
0.483638 -0.704304 0.519663 69.8054 0.796682 0.600111 0.0718801 85.5705 -0.362482 0.379244 0.851341 -50.7548 
0.750673 -0.218026 0.623661 20.5601 0.452946 0.857049 -0.245577 54.6725 -0.480968 0.466835 0.742116 -62.885 
-0.332622 -0.635655 0.696636 22.9321 0.688984 0.340605 0.639758 89.4325 -0.643943 0.692771 0.324662 -79.2981 
-0.332622 -0.635656 0.696637 22.9321 0.688985 0.340605 0.639758 89.4326 -0.643943 0.692771 0.324663 -79.2981 
0.720107 -0.0304006 0.693195 -5.34125 0.410991 0.823615 -0.390826 62.0524 -0.559047 0.566334 0.605584 -73.1294 
-0.405146 -0.43136 0.806091 -8.22416 0.67042 0.459295 0.582739 75.504 -0.621603 0.776517 0.10311 -79.7977 
-0.405147 -0.431361 0.806092 -8.22423 0.670421 0.459295 0.582738 75.504 -0.621603 0.776517 0.10311 -79.7977 
0.926624 0.37549 -0.0192703 -19.2934 -0.319073 0.758219 -0.56859 44.1647 -0.198893 0.533019 0.822394 -61.055 
0.776554 0.156134 0.610396 -25.4126 0.15859 0.889176 -0.429204 42.7378 -0.609765 0.430103 0.665731 -59.4691 
0.776554 0.156134 0.610395 -25.4127 0.158589 0.889176 -0.429204 42.7378 -0.609765 0.430103 0.665731 -59.469 
0.742003 0.654819 0.143673 -68.6775 -0.536981 0.708832 -0.457394 38.341 -0.401354 0.262236 0.877581 -37.1048 
0.734864 0.66419 0.137199 -69.9398 -0.541987 0.696727 -0.469915 40.0698 -0.407706 0.270962 0.871983 -38.2824 
0.734865 0.664189 0.137199 -69.9398 -0.541988 0.696727 -0.469914 40.0698 -0.407706 0.270963 0.871984 -38.2824 
0.696245 0.374733 -0.612224 -53.5826 -0.403648 0.909678 0.0977547 14.571 0.593557 0.179062 0.784619 -3.42467 
0.684345 0.357984 -0.635232 -50.8559 -0.39759 0.913481 0.0864602 13.8923 0.611222 0.193393 0.767468 -5.89036 
0.490053 0.377262 -0.785826 -45.9008 -0.473977 0.871903 0.123006 21.9939 0.73157 0.312184 0.606093 -25.3244 
0.47413 0.482907 -0.736208 -59.4932 -0.600834 0.788671 0.130371 37.5209 0.643583 0.380526 0.66408 -31.4322 
0.704194 0.610554 -0.362403 -95.3324 -0.478354 0.0307873 -0.877627 152.411 -0.524683 0.791377 0.31374 -21.2406 
0.806175 0.558524 0.195278 -112.424 -0.299 0.669365 -0.68011 64.9068 -0.510571 0.489901 0.706623 -0.451321 
0.522772 0.850774 0.0537853 -129.675 -0.758458 0.492996 -0.426262 94.07 -0.389169 0.182043 0.903 22.9893 
0.522772 0.850775 0.0537851 -129.675 -0.758458 0.492995 -0.426261 94.07 -0.389169 0.182043 0.903 22.9893 
0.772632 0.632451 -0.0551943 -111.716 -0.450989 0.485591 -0.748874 93.7551 -0.446825 0.603497 0.66041 -15.0227 
0.334049 0.909984 -0.245644 -118.975 -0.934856 0.286624 -0.209508 115.084 -0.120242 0.299627 0.94645 -3.97224 
0.334048 0.909985 -0.245644 -118.975 -0.934856 0.286624 -0.209508 115.084 -0.120242 0.299627 0.94645 -3.97223 
0.789566 0.562621 -0.245037 -97.6514 -0.498933 0.356066 -0.790116 111.481 -0.357288 0.746106 0.561848 -32.2298 
0.195247 0.639003 -0.744012 -62.1499 -0.924784 -0.132658 -0.356619 168.478 -0.326581 0.75768 0.565038 -34.9653 
0.195246 0.639003 -0.744013 -62.1498 -0.924783 -0.132658 -0.356619 168.478 -0.32658 0.75768 0.565038 -34.9653 
0.90925 0.385177 -0.157811 -84.5132 -0.273065 0.265796 -0.924547 116.395 -0.31417 0.883737 0.346853 -43.0574 
0.936346 0.347367 -0.0509121 -85.5519 -0.137156 0.228441 -0.963848 116.798 -0.32318 0.909479 0.261543 -42.2267 
0.936347 0.347368 -0.0509121 -85.5518 -0.137156 0.228441 -0.963847 116.798 -0.32318 0.909479 0.261542 -42.2267 
0.825856 0.548156 -0.132246 -99.5486 -0.2614 0.164358 -0.951134 128.495 -0.499635 0.82007 0.279022 -24.8907 
0.827516 0.532091 -0.179164 -96.0586 -0.345037 0.230221 -0.909915 122.285 -0.442911 0.814789 0.374101 -29.6647 
0.827516 0.53209 -0.179164 -96.0586 -0.345037 0.230221 -0.909916 122.285 -0.44291 0.814789 0.374102 -29.6647 
0.986736 -0.118516 0.110935 10.7935 -0.00211899 0.673909 0.738812 29.0497 -0.162321 -0.729246 0.66472 63.2602 
0.990481 -0.0666939 0.12041 8.25045 0.0134287 0.917426 0.397682 17.3614 -0.136991 -0.392279 0.909588 46.5998 
0.986275 0.0359068 0.161163 7.0841 -0.102271 0.899142 0.425542 16.0428 -0.129628 -0.436183 0.890473 47.1718 
0.986276 0.0359062 0.161155 7.08415 -0.102263 0.899157 0.425513 16.043 -0.129626 -0.436152 0.890488 47.1717 
0.98459 0.142186 0.101793 7.24051 -0.0545209 0.802703 -0.593882 51.3992 -0.166155 0.579182 0.798086 -64.3333 
0.83257 0.0254514 -0.553335 -2.06939 -0.247979 0.910375 -0.331245 9.95641 0.495312 0.413 0.764262 -41.6473 
0.898704 0.0544536 -0.435161 -6.90962 -0.258116 0.867873 -0.424466 16.9313 0.354551 0.493791 0.794018 -54.6879 
0.998561 0.0188883 -0.0501964 -1.50125 -0.0246965 0.992737 -0.117736 -4.50833 0.0476076 0.118805 0.991776 8.0445 
0.998561 0.0188883 -0.0501964 -1.50125 -0.0246965 0.992737 -0.117736 -4.50832 0.0476076 0.118805 0.991776 8.0445 
0.998561 0.0188883 -0.0501964 -1.50125 -0.0246965 0.992737 -0.117736 -4.50829 0.0476076 0.118805 0.991776 8.0445 
0.998561 0.0188883 -0.0501964 -1.50125 -0.0246965 0.992737 -0.117736 -4.5083 0.0476076 0.118805 0.991776 8.04451 
0.998561 0.0188883 -0.0501964 -1.50125 -0.0246965 0.992737 -0.117736 -4.5083 0.0476076 0.118805 0.991776 8.04451 
0.998561 0.0188883 -0.0501964 -1.50125 -0.0246965 0.992737 -0.117736 -4.50832 0.0476076 0.118805 0.991776 8.04451 
0.998561 0.0188883 -0.0501964 -1.50125 -0.0246965 0.992737 -0.117736 -4.50832 0.0476076 0.118805 0.991776 8.0445 
0.778909 0.185735 -0.599001 -27.182 -0.445435 0.836198 -0.319938 21.3888 0.44146 0.516019 0.734056 -57.8043 
0.705888 -0.0705143 -0.704805 13.3172 -0.0967846 0.976098 -0.19459 -0.68898 0.701679 0.205573 0.682192 -9.19247 
0.971905 0.00219023 -0.235363 -0.021395 -0.0197705 0.997182 -0.0723603 0.379196 0.234541 0.0749805 0.96921 -6.93073 
0.997502 0.0365134 -0.0604801 -3.57382 -0.0500313 0.969521 -0.239842 3.35589 0.0498797 0.242269 0.968926 -20.5894 
0.998552 0.0440139 -0.0309472 -3.98491 -0.0507463 0.579237 -0.813578 23.2822 -0.0178835 0.81397 0.580632 -47.9119 
0.965432 0.0787921 -0.248463 -5.30509 -0.233303 -0.163879 -0.958495 34.9471 -0.116239 0.983329 -0.139831 -53.1714 
0.965429 0.0788061 -0.248472 -5.30501 -0.23329 -0.164042 -0.95847 34.9471 -0.116293 0.983301 -0.139986 -53.1696 
0.964861 0.008749 -0.262614 -0.601553 -0.0699662 0.971917 -0.224681 2.99446 0.253273 0.23516 0.938378 -22.0379 
0.910038 0.0264577 -0.413679 -2.4118 -0.203957 0.897385 -0.391282 11.7998 0.360877 0.440454 0.822051 -45.4411 
0.980129 0.0778216 0.182462 -7.36205 -0.0181639 0.951174 -0.30812 11.3033 -0.197532 0.298683 0.933686 -35.84 
0.971227 0.0942581 0.21871 -9.98874 -0.0126964 0.93753 -0.347673 13.4498 -0.237818 0.334893 0.911752 -41.993 
0.577681 -0.156121 0.801194 6.92143 -0.166644 0.938309 0.302994 5.44821 -0.799072 -0.308548 0.516025 24.5208 
0.58576 -0.200369 0.785327 13.1241 -0.110666 0.940111 0.322405 7.14188 -0.802894 -0.275761 0.528503 19.9995 
0.984687 0.139817 0.10412 7.40433 -0.051107 0.802557 -0.594381 51.5279 -0.166668 0.57996 0.797414 -64.3481 
0.957971 -0.15764 0.239667 35.8611 0.230938 0.919418 -0.318336 40.7087 -0.170173 0.360306 0.917181 -43.313 
0.480845 -0.706096 0.519823 69.8628 0.798648 0.597392 0.0726956 85.8906 -0.361869 0.380202 0.851175 -50.7628 
0.480845 -0.706096 0.519823 69.8628 0.798649 0.597391 0.0726958 85.8907 -0.361869 0.380201 0.851175 -50.7628 
0.748954 -0.220625 0.624814 20.7138 0.455918 0.855836 -0.244303 54.8435 -0.48084 0.467837 0.741569 -62.9026 
-0.335188 -0.636448 0.694681 22.9637 0.688562 0.337784 0.641705 89.6283 -0.643064 0.693424 0.325012 -79.2803 
-0.335188 -0.636449 0.694681 22.9637 0.688562 0.337784 0.641705 89.6284 -0.643064 0.693423 0.325012 -79.2803 
0.718489 -0.0328445 0.694761 -5.21654 0.413945 0.822915 -0.389179 62.1489 -0.558949 0.567214 0.604851 -73.1273 
-0.40764 -0.432505 0.804218 -8.14681 0.669736 0.457058 0.585279 75.5979 -0.62071 0.7772 0.103349 -79.78 
-0.407641 -0.432505 0.804218 -8.14689 0.669736 0.457058 0.585278 75.5979 -0.620709 0.7772 0.103349 -79.78 
0.927576 0.373244 -0.0170144 -19.1041 -0.315814 0.75889 -0.569514 44.2027 -0.199658 0.533642 0.821805 -61.0652 
0.775743 0.15341 0.612117 -25.2178 0.161783 0.889233 -0.427892 42.754 -0.609958 0.430965 0.664996 -59.4779 
0.775742 0.15341 0.612116 -25.2179 0.161783 0.889232 -0.427892 42.754 -0.609958 0.430965 0.664996 -59.4778 
0.743577 0.652607 0.145589 -68.4576 -0.534115 0.710707 -0.457839 38.1914 -0.402262 0.262677 0.877033 -37.0982 
0.736452 0.662022 0.139153 -69.7262 -0.539138 0.698624 -0.470376 39.9173 -0.408617 0.271386 0.871425 -38.2733 
0.736452 0.662021 0.139153 -69.7262 -0.53914 0.698624 -0.470375 39.9172 -0.408617 0.271386 0.871426 -38.2733 
0.698709 0.371266 -0.611529 -53.2201 -0.401652 0.910941 0.0941308 14.3695 0.592014 0.179852 0.785603 -3.43121 
0.686808 0.354521 -0.634516 -50.4939 -0.395668 0.914656 0.0827666 13.7055 0.609705 0.194213 0.768467 -5.90173 
0.491506 0.37532 -0.785849 -45.7012 -0.473066 0.872689 0.120917 21.8889 0.731184 0.312327 0.606483 -25.2846 
0.475844 0.481207 -0.736216 -59.3351 -0.599947 0.789672 0.12838 37.3878 0.643146 0.380602 0.664459 -31.3816 
0.705563 0.61083 -0.359263 -95.4869 -0.475413 0.0320479 -0.879178 152.144 -0.525516 0.791114 0.313008 -21.1009 
0.80694 0.556481 0.197933 -112.271 -0.295728 0.670754 -0.68017 64.5614 -0.511268 0.490323 0.705825 -0.393818 
0.52516 0.849181 0.0556735 -129.61 -0.756273 0.495699 -0.427007 93.6415 -0.390205 0.182142 0.902533 23.0852 
0.52516 0.849182 0.0556736 -129.61 -0.756272 0.495698 -0.427007 93.6415 -0.390204 0.182142 0.902533 23.0852 
0.773945 0.631089 -0.0523256 -111.668 -0.447895 0.487116 -0.749738 93.427 -0.447663 0.603693 0.659662 -14.9357 
0.337169 0.909149 -0.24447 -118.994 -0.933589 0.289409 -0.211319 114.719 -0.121369 0.299484 0.946351 -3.85972 
0.337168 0.90915 -0.24447 -118.994 -0.933589 0.289409 -0.211319 114.719 -0.121369 0.299484 0.946351 -3.8597 
0.791085 0.561769 -0.242075 -97.672 -0.495874 0.357208 -0.791524 111.219 -0.358184 0.746202 0.561149 -32.1313 
0.12388 0.517837 -0.846463 -40.7254 -0.890761 -0.31786 -0.324819 187.552 -0.437262 0.794236 0.421893 -28.8786 
0.12388 0.517838 -0.846463 -40.7253 -0.890761 -0.31786 -0.324818 187.552 -0.437261 0.794235 0.421893 -28.8786 
0.910022 0.384699 -0.154496 -84.5558 -0.269645 0.266193 -0.925435 116.188 -0.31489 0.883825 0.345974 -42.9601 
0.93665 0.34703 -0.0475059 -85.5954 -0.133636 0.228682 -0.964284 116.586 -0.323773 0.909547 0.260571 -42.1285 
0.936651 0.34703 -0.0475059 -85.5954 -0.133635 0.228682 -0.964283 116.586 -0.323773 0.909546 0.26057 -42.1285 
0.826498 0.547992 -0.128874 -99.6234 -0.258073 0.165376 -0.951865 128.218 -0.500303 0.819975 0.278103 -24.7736 
0.82847 0.5317 -0.175886 -96.1147 -0.341761 0.231189 -0.910904 122.025 -0.443666 0.814769 0.373246 -29.5557 
0.82847 0.5317 -0.175885 -96.1146 -0.341762 0.231189 -0.910905 122.025 -0.443665 0.814769 0.373247 -29.5557 
0.986514 -0.121423 0.109767 10.9734 0.0024211 0.681355 0.731949 28.43 -0.163665 -0.72181 0.672461 62.6199 
0.990284 -0.069519 0.120439 8.4257 0.015765 0.916618 0.399454 17.117 -0.138166 -0.393673 0.908808 46.409 
0.986366 0.0347715 0.160857 7.23921 -0.0993958 0.904885 0.413887 15.6359 -0.131165 -0.424231 0.896004 46.8384 
0.986368 0.0347704 0.160842 7.23933 -0.0993802 0.904914 0.413829 15.6364 -0.131159 -0.42417 0.896033 46.8383 
0.984687 0.139816 0.10412 7.40432 -0.0511068 0.802558 -0.594381 51.5279 -0.166669 0.57996 0.797414 -64.3482 
0.833611 0.0226492 -0.551887 -1.7826 -0.245759 0.910019 -0.333866 10.0014 0.494667 0.413945 0.764169 -41.6925 
0.899655 0.0515868 -0.433543 -6.61269 -0.253354 0.87039 -0.422174 16.507 0.355573 0.489651 0.796122 -53.9183 
0.998576 0.0188465 -0.0499059 -1.67717 -0.0243521 0.993395 -0.112122 -4.62515 0.047463 0.113177 0.992441 9.06635 
0.998576 0.0188465 -0.0499059 -1.67717 -0.0243521 0.993395 -0.112122 -4.62512 0.047463 0.113177 0.992441 9.06635 
0.998576 0.0188465 -0.0499059 -1.67717 -0.0243521 0.993395 -0.112122 -4.62512 0.047463 0.113177 0.992441 9.06635 
0.998576 0.0188465 -0.0499059 -1.67717 -0.0243521 0.993395 -0.112122 -4.62514 0.047463 0.113177 0.992441 9.06635 
0.998576 0.0188465 -0.0499059 -1.67716 -0.0243521 0.993395 -0.112122 -4.62514 0.047463 0.113177 0.992441 9.06635 
0.998576 0.0188465 -0.0499059 -1.67717 -0.0243521 0.993395 -0.112122 -4.62512 0.047463 0.113177 0.992441 9.06635 
0.998576 0.0188465 -0.0499059 -1.67716 -0.0243521 0.993395 -0.112122 -4.62512 0.047463 0.113177 0.992441 9.06635 
0.780762 0.183265 -0.597347 -26.9468 -0.443227 0.836291 -0.322749 21.3638 0.440407 0.516751 0.734173 -57.8168 
0.706701 -0.073784 -0.703654 13.6779 -0.0950218 0.975638 -0.197737 -0.626511 0.701102 0.206603 0.682474 -9.25173 
0.971875 0.00328547 -0.235474 -0.205933 -0.0208399 0.997179 -0.0720997 0.381935 0.234573 0.0749792 0.969203 -6.87222 
0.997623 0.0317668 -0.061161 -3.22643 -0.0448774 0.972935 -0.226676 2.97851 0.0523055 0.228882 0.972048 -19.3349 
0.998701 0.0426432 -0.0279248 -3.80923 -0.0473275 0.572277 -0.818694 23.4604 -0.0189313 0.818951 0.573551 -47.5191 
0.965039 0.0774091 -0.250416 -5.15217 -0.234054 -0.17553 -0.956246 35.2957 -0.117977 0.981427 -0.151275 -52.7044 
0.965035 0.0774297 -0.250429 -5.15206 -0.234035 -0.175774 -0.956206 35.2957 -0.118058 0.981381 -0.151507 -52.7017 
0.964819 0.00947302 -0.262744 -0.750947 -0.0707539 0.971838 -0.224776 3.00494 0.253215 0.235459 0.938319 -22.0076 
0.910321 0.0253147 -0.413129 -2.3478 -0.20313 0.896983 -0.392629 11.8491 0.360631 0.441337 0.821686 -45.4775 
0.980046 0.0748738 0.184131 -7.08771 -0.0147209 0.951138 -0.308415 11.3192 -0.198227 0.299551 0.933261 -35.8671 
0.971098 0.0913817 0.220497 -9.72596 -0.0092437 0.937512 -0.34783 13.4631 -0.238505 0.335739 0.911261 -42.0165 
0.576998 -0.160399 0.800841 7.35773 -0.164261 0.937701 0.306159 5.48906 -0.800058 -0.3082 0.514704 24.5555 
0.584854 -0.204655 0.784896 13.5538 -0.108179 0.939323 0.325529 7.21043 -0.803893 -0.275296 0.527227 20.0181 
0.984772 0.137446 0.106446 7.56768 -0.0476925 0.802403 -0.594872 51.6576 -0.167176 0.580739 0.796741 -64.3631 
0.957127 -0.160495 0.241139 36.0697 0.234267 0.918515 -0.318508 40.9101 -0.170372 0.361346 0.916735 -43.3525 
0.478048 -0.70788 0.519977 69.9191 0.800605 0.594666 0.0735116 86.2113 -0.361251 0.381156 0.851011 -50.7705 
0.478048 -0.70788 0.519977 69.9191 0.800605 0.594665 0.0735118 86.2113 -0.361251 0.381155 0.851011 -50.7704 
0.747227 -0.223221 0.625959 20.8668 0.458883 0.854614 -0.243024 55.0155 -0.480706 0.468838 0.741023 -62.9202 
-0.33775 -0.637233 0.692717 22.9947 0.688129 0.334961 0.643645 89.8247 -0.642185 0.694072 0.325366 -79.2623 
-0.337751 -0.637234 0.692718 22.9948 0.68813 0.33496 0.643645 89.8248 -0.642185 0.694072 0.325366 -79.2623 
0.716864 -0.0352869 0.696319 -5.09213 0.416892 0.822206 -0.387525 62.2462 -0.558845 0.568094 0.604121 -73.1252 
-0.410129 -0.433644 0.802336 -8.06973 0.669042 0.454816 0.587812 75.6925 -0.619817 0.77788 0.103593 -79.7625 
-0.41013 -0.433644 0.802337 -8.0698 0.669042 0.454817 0.587811 75.6925 -0.619817 0.77788 0.103593 -79.7625 
0.928516 0.370994 -0.0147587 -18.915 -0.312551 0.759553 -0.570429 44.2418 -0.200418 0.534267 0.821213 -61.0756 
0.774922 0.150684 0.613831 -25.0232 0.164974 0.889279 -0.426573 42.7713 -0.610146 0.431829 0.664264 -59.487 
0.774922 0.150685 0.61383 -25.0233 0.164974 0.889279 -0.426574 42.7713 -0.610146 0.431829 0.664264 -59.4869 
0.745142 0.650388 0.147502 -68.2373 -0.531244 0.712573 -0.458278 38.043 -0.403167 0.263123 0.876484 -37.0921 
0.73803 0.659847 0.141105 -69.5121 -0.536284 0.700512 -0.47083 39.7659 -0.409523 0.271815 0.870866 -38.2649 
0.738031 0.659846 0.141105 -69.5121 -0.536285 0.700512 -0.470829 39.7659 -0.409524 0.271814 0.870867 -38.2648 
0.701161 0.367794 -0.610821 -52.8568 -0.399642 0.912192 0.0905105 14.1697 0.590474 0.180648 0.786579 -3.43851 
0.68926 0.351054 -0.633786 -50.1313 -0.393732 0.915817 0.0790766 13.5203 0.60819 0.195037 0.769458 -5.91382 
0.492953 0.373374 -0.785869 -45.5013 -0.472151 0.873471 0.118827 21.7846 0.730801 0.312473 0.60687 -25.2451 
0.477552 0.479504 -0.736221 -59.1765 -0.599054 0.79067 0.126388 37.2553 0.642712 0.38068 0.664835 -31.3313 
0.706923 0.611099 -0.356119 -95.6404 -0.472467 0.0333108 -0.880717 151.878 -0.526344 0.790854 0.312272 -20.9619 
0.807695 0.554433 0.200587 -112.117 -0.292454 0.672138 -0.680219 64.2169 -0.511959 0.490749 0.705028 -0.337189 
0.527542 0.847578 0.0575612 -129.543 -0.754079 0.498397 -0.427746 93.2136 -0.391237 0.182248 0.902065 23.1801 
0.527542 0.847579 0.0575615 -129.543 -0.754078 0.498397 -0.427745 93.2136 -0.391236 0.182247 0.902065 23.1802 
0.775248 0.629719 -0.0494567 -111.619 -0.444797 0.488639 -0.750591 93.0992 -0.448495 0.603894 0.658912 -14.8495 
0.340285 0.908304 -0.243294 -119.012 -0.93231 0.292192 -0.213125 114.355 -0.122494 0.299348 0.946249 -3.74805 
0.340284 0.908305 -0.243293 -119.012 -0.93231 0.292193 -0.213125 114.355 -0.122494 0.299348 0.946249 -3.74803 
0.792595 0.56091 -0.239111 -97.6916 -0.492809 0.358348 -0.792921 110.956 -0.359074 0.746302 0.560447 -32.0335 
0.071184 0.372332 -0.925367 -18.1545 -0.832724 -0.488515 -0.260616 202.614 -0.549093 0.789128 0.275275 -17.695 
0.0711831 0.372332 -0.925367 -18.1544 -0.832724 -0.488515 -0.260616 202.614 -0.549092 0.789127 0.275275 -17.695 
0.910782 0.384218 -0.15118 -84.5976 -0.266222 0.266589 -0.926311 115.981 -0.315604 0.883916 0.345092 -42.8633 
0.936943 0.346688 -0.0440996 -85.6381 -0.130114 0.228924 -0.964708 116.375 -0.324359 0.909616 0.259598 -42.0308 
0.936944 0.346689 -0.0440996 -85.6381 -0.130113 0.228924 -0.964707 116.375 -0.324359 0.909616 0.259597 -42.0308 
0.827129 0.547822 -0.125501 -99.6973 -0.254742 0.166394 -0.952584 127.941 -0.500964 0.819882 0.277182 -24.6573 
0.829413 0.531304 -0.172605 -96.1698 -0.338483 0.232157 -0.911881 121.765 -0.444415 0.814753 0.37239 -29.4474 
0.829414 0.531303 -0.172605 -96.1698 -0.338483 0.232157 -0.911882 121.765 -0.444414 0.814753 0.372391 -29.4474 
0.986278 -0.124332 0.108621 11.1534 0.006975 0.688714 0.724999 27.8184 -0.16495 -0.714292 0.680132 61.9726 
0.990085 -0.0723398 0.120417 8.6009 0.0181136 0.9158 0.401225 16.8768 -0.139302 -0.395064 0.908031 46.215 
0.986454 0.0336361 0.160559 7.3947 -0.0965015 0.91047 0.402157 15.2349 -0.132657 -0.412202 0.901383 46.4999 
0.986458 0.0336344 0.160536 7.39487 -0.096478 0.910511 0.402069 15.2356 -0.132647 -0.41211 0.901426 46.4997 
0.984771 0.137446 0.106446 7.56766 -0.0476924 0.802404 -0.594872 51.6576 -0.167177 0.580739 0.796741 -64.3631 
0.834644 0.0198462 -0.550433 -1.49574 -0.243534 0.909654 -0.336482 10.0477 0.494026 0.414891 0.764071 -41.7379 
0.900583 0.0486965 -0.431948 -6.31199 -0.248582 0.872877 -0.41987 16.0871 0.356592 0.485502 0.798205 -53.1472 
0.998589 0.018795 -0.049657 -1.8516 -0.0240051 0.994021 -0.106506 -4.73718 0.0473579 0.107546 0.993071 10.0886 
0.998589 0.018795 -0.049657 -1.8516 -0.0240051 0.994021 -0.106506 -4.73718 0.0473579 0.107546 0.993071 10.0886 
0.998589 0.018795 -0.049657 -1.8516 -0.0240051 0.994021 -0.106506 -4.73715 0.0473579 0.107546 0.993071 10.0886 
0.998589 0.018795 -0.049657 -1.8516 -0.0240051 0.994021 -0.106506 -4.7372 0.0473579 0.107546 0.993071 10.0886 
0.998589 0.018795 -0.049657 -1.8516 -0.0240051 0.994021 -0.106506 -4.73718 0.0473579 0.107546 0.993071 10.0886 
0.998589 0.018795 -0.049657 -1.8516 -0.0240051 0.994021 -0.106506 -4.73717 0.0473579 0.107546 0.993071 10.0886 
0.998589 0.018795 -0.049657 -1.8516 -0.0240051 0.994021 -0.106506 -4.73718 0.0473579 0.107546 0.993071 10.0886 
0.782606 0.180792 -0.595685 -26.7113 -0.44101 0.836376 -0.325554 21.3398 0.43936 0.517484 0.734284 -57.8295 
0.707504 -0.0770533 -0.702495 14.0385 -0.0932546 0.975167 -0.200881 -0.562347 0.700529 0.207635 0.68275 -9.31105 
0.971844 0.00438005 -0.235585 -0.390408 -0.021909 0.997175 -0.0718398 0.38475 0.234605 0.0749784 0.969195 -6.81375 
0.997718 0.0270325 -0.061891 -2.87989 -0.0396901 0.976142 -0.21347 2.61966 0.0546443 0.215439 0.974987 -18.0743 
0.998801 0.0422846 -0.024683 -3.68422 -0.0441307 0.559112 -0.827917 23.9631 -0.0212079 0.828013 0.560308 -47.3065 
0.964433 0.0768946 -0.252899 -5.05019 -0.234271 -0.194463 -0.952524 36.0067 -0.122423 0.977892 -0.169531 -52.3239 
0.964426 0.0769214 -0.252916 -5.05004 -0.234243 -0.194788 -0.952464 36.0066 -0.12253 0.977825 -0.16984 -52.3203 
0.964777 0.0101963 -0.262873 -0.90027 -0.0715412 0.971758 -0.224872 3.01543 0.253156 0.235758 0.93826 -21.9774 
0.910602 0.024171 -0.412578 -2.28373 -0.202303 0.89658 -0.393976 11.8986 0.360387 0.44222 0.821318 -45.5139 
0.979953 0.0719239 0.185798 -6.81311 -0.0112764 0.951091 -0.308704 11.3362 -0.198915 0.30042 0.932835 -35.8943 
0.970958 0.088503 0.222282 -9.46288 -0.00578964 0.937485 -0.347979 13.4774 -0.239184 0.336586 0.91077 -42.0402 
0.57631 -0.164675 0.800468 7.79401 -0.161882 0.937075 0.309328 5.53198 -0.801038 -0.307849 0.513387 24.5898 
0.583943 -0.208937 0.784446 13.9832 -0.105698 0.938517 0.328656 7.28104 -0.804884 -0.27483 0.525955 20.0366 
0.984846 0.135073 0.108771 7.73079 -0.0442762 0.802241 -0.595355 51.7883 -0.167677 0.581519 0.796066 -64.3778 
0.956272 -0.16335 0.242609 36.2777 0.237594 0.917602 -0.318675 41.1125 -0.170564 0.362384 0.916289 -43.3916 
0.475244 -0.709657 0.520125 69.9744 0.802552 0.591933 0.0743292 86.5327 -0.360628 0.382104 0.85085 -50.7775 
0.475244 -0.709657 0.520125 69.9745 0.802552 0.591932 0.0743295 86.5327 -0.360628 0.382104 0.85085 -50.7775 
0.745491 -0.225815 0.627097 21.0195 0.461844 0.853382 -0.241741 55.1884 -0.480565 0.469838 0.74048 -62.9375 
-0.340309 -0.638011 0.690746 23.0252 0.687688 0.332133 0.645579 90.0215 -0.641307 0.694715 0.325724 -79.244 
-0.34031 -0.638012 0.690746 23.0253 0.687689 0.332133 0.64558 90.0216 -0.641307 0.694715 0.325725 -79.244 
0.71523 -0.0377301 0.69787 -4.96783 0.419835 0.821489 -0.385866 62.3444 -0.558734 0.568974 0.603395 -73.123 
-0.412615 -0.434779 0.800445 -7.99273 0.668339 0.45257 0.59034 75.7877 -0.618926 0.778555 0.103843 -79.7448 
-0.412616 -0.434779 0.800446 -7.99281 0.668339 0.45257 0.590339 75.7877 -0.618926 0.778556 0.103843 -79.7448 
0.929447 0.368739 -0.0125023 -18.7259 -0.309283 0.760209 -0.571336 44.2819 -0.201171 0.534895 0.82062 -61.086 
0.774094 0.147957 0.615538 -24.8284 0.168164 0.889316 -0.425248 42.7897 -0.610327 0.432694 0.663534 -59.4962 
0.774093 0.147957 0.615537 -24.8285 0.168163 0.889316 -0.425249 42.7897 -0.610327 0.432694 0.663534 -59.4961 
0.7467 0.648162 0.149414 -68.0164 -0.528366 0.714433 -0.45871 37.8957 -0.404065 0.263574 0.875934 -37.0865 
0.739602 0.657663 0.143056 -69.2974 -0.533422 0.702394 -0.471277 39.6156 -0.410424 0.272249 0.870306 -38.2568 
0.739602 0.657663 0.143056 -69.2974 -0.533423 0.702394 -0.471276 39.6156 -0.410425 0.272248 0.870307 -38.2568 
0.7036 0.364317 -0.610099 -52.4926 -0.397618 0.913427 0.0868927 13.9717 0.588937 0.181448 0.787547 -3.44648 
0.691699 0.34758 -0.633042 -49.7677 -0.391781 0.916965 0.075389 13.337 0.606679 0.195866 0.77044 -5.92659 
0.494395 0.371423 -0.785887 -45.3007 -0.47123 0.87425 0.116737 21.681 0.730421 0.31262 0.607251 -25.206 
0.479255 0.477793 -0.736226 -59.0172 -0.598155 0.791666 0.124396 37.1235 0.642281 0.38076 0.665205 -31.2814 
0.708275 0.61136 -0.35297 -95.793 -0.469515 0.0345761 -0.882246 151.611 -0.527166 0.790598 0.311532 -20.8235 
0.808441 0.552376 0.203238 -111.961 -0.289174 0.673516 -0.680259 63.873 -0.512644 0.491179 0.704231 -0.281425 
0.529918 0.845963 0.059448 -129.474 -0.751875 0.501092 -0.428477 92.7859 -0.392265 0.18236 0.901596 23.2741 
0.529918 0.845964 0.0594486 -129.474 -0.751874 0.501091 -0.428476 92.7859 -0.392265 0.182359 0.901596 23.2741 
0.776543 0.62834 -0.0465868 -111.568 -0.441693 0.490157 -0.751434 92.7718 -0.449322 0.604099 0.658161 -14.7641 
0.343397 0.907447 -0.242115 -119.028 -0.93102 0.294974 -0.214927 113.991 -0.123618 0.299218 0.946144 -3.63729 
0.343397 0.907448 -0.242114 -119.028 -0.931019 0.294974 -0.214927 113.991 -0.123618 0.299218 0.946144 -3.63728 
0.794096 0.560044 -0.236142 -97.7101 -0.489737 0.359487 -0.794308 110.694 -0.359958 0.746405 0.559742 -31.9363 
0.038964 0.203548 -0.97829 5.26464 -0.750193 -0.640762 -0.163199 213.154 -0.66007 0.740266 0.127734 -1.35376 
0.0389629 0.203548 -0.978291 5.26472 -0.750192 -0.640761 -0.163198 213.154 -0.66007 0.740265 0.127734 -1.35375 
0.911532 0.383731 -0.147861 -84.6385 -0.262795 0.266985 -0.927176 115.775 -0.316311 0.884008 0.344208 -42.7672 
0.937225 0.346342 -0.0406915 -85.68 -0.126589 0.229166 -0.96512 116.164 -0.324938 0.909687 0.258623 -41.9338 
0.937226 0.346342 -0.0406915 -85.6799 -0.126589 0.229166 -0.965119 116.164 -0.324937 0.909687 0.258623 -41.9338 
0.827752 0.547644 -0.122125 -99.7701 -0.251409 0.167413 -0.953291 127.664 -0.501619 0.819794 0.276258 -24.5417 
0.830348 0.530899 -0.169323 -96.2239 -0.335199 0.233125 -0.912847 121.505 -0.445157 0.81474 0.371531 -29.3398 
0.830349 0.530899 -0.169322 -96.2238 -0.335199 0.233125 -0.912848 121.505 -0.445157 0.814739 0.371532 -29.3398 
0.98603 -0.127244 0.107497 11.3335 0.0115426 0.695985 0.717963 27.215 -0.166173 -0.706691 0.687732 61.3185 
0.989884 -0.0751557 0.120343 8.77605 0.0204747 0.914974 0.402994 16.6408 -0.140398 -0.396451 0.907257 46.0177 
0.986539 0.0324999 0.160268 7.55056 -0.0935876 0.915895 0.390354 14.8397 -0.134102 -0.400096 0.906609 46.1563 
0.986544 0.032498 0.160239 7.5508 -0.0935565 0.915949 0.390235 14.8407 -0.134088 -0.399974 0.906664 46.156 
0.984846 0.135073 0.108771 7.73078 -0.0442761 0.802242 -0.595355 51.7883 -0.167678 0.581518 0.796066 -64.3779 
0.835667 0.0170431 -0.548972 -1.20888 -0.241304 0.909279 -0.339094 10.0953 0.493389 0.415838 0.763967 -41.7833 
0.901487 0.0457837 -0.430378 -6.00764 -0.243799 0.875335 -0.417552 15.6717 0.357608 0.481343 0.800266 -52.3746 
0.9986 0.0187349 -0.0494493 -2.0247 -0.0236557 0.994616 -0.100886 -4.84444 0.0472924 0.101913 0.993668 11.1112 
0.9986 0.0187349 -0.0494493 -2.02471 -0.0236557 0.994616 -0.100886 -4.84442 0.0472924 0.101913 0.993668 11.1112 
0.9986 0.0187349 -0.0494493 -2.0247 -0.0236557 0.994616 -0.100886 -4.84441 0.0472924 0.101913 0.993668 11.1112 
0.9986 0.0187349 -0.0494493 -2.0247 -0.0236557 0.994616 -0.100886 -4.84445 0.0472924 0.101913 0.993668 11.1112 
0.9986 0.0187349 -0.0494493 -2.0247 -0.0236557 0.994616 -0.100886 -4.84444 0.0472924 0.101913 0.993668 11.1112 
0.9986 0.0187349 -0.0494493 -2.0247 -0.0236557 0.994616 -0.100886 -4.84444 0.0472924 0.101913 0.993668 11.1112 
0.9986 0.0187349 -0.0494493 -2.0247 -0.0236557 0.994616 -0.100886 -4.84444 0.0472924 0.101913 0.993668 11.1112 
0.78444 0.178317 -0.594017 -26.4754 -0.438785 0.836452 -0.328353 21.3168 0.438316 0.518219 0.73439 -57.8424 
0.708298 -0.0803217 -0.701328 14.399 -0.0914824 0.974683 -0.204021 -0.496552 0.699959 0.208666 0.683019 -9.37041 
0.971812 0.00547469 -0.235695 -0.574888 -0.0229779 0.99717 -0.0715796 0.387703 0.234636 0.0749776 0.969187 -6.75528 
0.997785 0.0223119 -0.06267 -2.53431 -0.0344711 0.979142 -0.200226 2.27936 0.0568959 0.201942 0.977743 -16.8078 
0.998868 0.0425472 -0.0212894 -3.59056 -0.0409973 0.54269 -0.838932 24.6394 -0.0241411 0.838854 0.54382 -47.1695 
0.963691 0.076922 -0.255699 -4.97994 -0.234137 -0.216944 -0.947689 36.907 -0.12837 0.973149 -0.191055 -51.9669 
0.963683 0.0769543 -0.255721 -4.97975 -0.234098 -0.217348 -0.947606 36.9067 -0.128503 0.973056 -0.191439 -51.9625 
0.964733 0.0109195 -0.263003 -1.04959 -0.0723284 0.971678 -0.224968 3.02602 0.253098 0.236056 0.9382 -21.9472 
0.91088 0.0230273 -0.412027 -2.21966 -0.201475 0.896174 -0.395321 11.9484 0.360145 0.443103 0.820948 -45.5504 
0.979847 0.0689733 0.187463 -6.53846 -0.00783119 0.951034 -0.308986 11.3544 -0.199596 0.301291 0.932409 -35.9216 
0.970806 0.0856235 0.224064 -9.19972 -0.00233513 0.937447 -0.34812 13.4928 -0.239856 0.337435 0.91028 -42.064 
0.575617 -0.168947 0.800076 8.23006 -0.159507 0.93643 0.312498 5.57707 -0.802012 -0.307497 0.512076 24.6239 
0.583026 -0.213216 0.783977 14.4124 -0.103221 0.937691 0.331784 7.35382 -0.80587 -0.274362 0.524689 20.0548 
0.98491 0.132699 0.111094 7.89351 -0.0408587 0.802071 -0.595829 51.9199 -0.168172 0.5823 0.795391 -64.3927 
0.955407 -0.166202 0.244077 36.4851 0.240918 0.916679 -0.318836 41.3161 -0.170749 0.363423 0.915844 -43.4306 
0.472436 -0.711425 0.520268 70.0287 0.80449 0.589192 0.075148 86.8547 -0.360001 0.383049 0.850691 -50.7841 
0.472436 -0.711426 0.520268 70.0288 0.80449 0.589192 0.0751483 86.8547 -0.360001 0.383049 0.850691 -50.7841 
0.743747 -0.228407 0.628229 21.1716 0.464799 0.852141 -0.240452 55.3622 -0.480419 0.470838 0.739941 -62.9549 
-0.342864 -0.638782 0.688767 23.0553 0.687237 0.329302 0.647507 90.2188 -0.640429 0.695355 0.326088 -79.2257 
-0.342865 -0.638783 0.688767 23.0553 0.687237 0.329302 0.647508 90.2189 -0.640429 0.695355 0.326088 -79.2257 
0.713589 -0.040172 0.699412 -4.84377 0.422772 0.820763 -0.3842 62.4433 -0.558618 0.569854 0.602671 -73.121 
-0.415096 -0.435909 0.798546 -7.91593 0.667627 0.450319 0.592862 75.8835 -0.618036 0.779229 0.1041 -79.7273 
-0.415097 -0.435909 0.798547 -7.91601 0.667627 0.45032 0.592862 75.8836 -0.618035 0.779229 0.104099 -79.7273 
0.930367 0.366481 -0.0102462 -18.5368 -0.306012 0.760857 -0.572235 44.323 -0.201919 0.535526 0.820025 -61.0968 
0.773256 0.145228 0.617238 -24.6337 0.171351 0.889344 -0.423916 42.809 -0.610502 0.433562 0.662806 -59.5057 
0.773256 0.145229 0.617237 -24.6337 0.17135 0.889344 -0.423916 42.809 -0.610502 0.433562 0.662806 -59.5056 
0.748249 0.645928 0.151324 -67.795 -0.525481 0.716286 -0.459135 37.7494 -0.404961 0.264029 0.875385 -37.0815 
0.741165 0.655474 0.145004 -69.0822 -0.530555 0.704269 -0.471716 39.4663 -0.411321 0.272688 0.869746 -38.2495 
0.741166 0.655473 0.145005 -69.0822 -0.530556 0.704269 -0.471715 39.4663 -0.411322 0.272687 0.869747 -38.2494 
0.706028 0.360833 -0.609363 -52.1275 -0.395578 0.914649 0.0832785 13.7754 0.587402 0.182253 0.788506 -3.45515 
0.694127 0.344101 -0.632283 -49.4033 -0.389814 0.918098 0.071705 13.1554 0.60517 0.1967 0.771413 -5.94003 
0.495831 0.369467 -0.785904 -45.0994 -0.470304 0.875025 0.114646 21.5781 0.730045 0.312769 0.607628 -25.1671 
0.480953 0.476077 -0.73623 -58.8572 -0.59725 0.792659 0.122404 36.9921 0.641854 0.380843 0.66557 -31.2319 
0.70962 0.611612 -0.349816 -95.9445 -0.466558 0.0358452 -0.883764 151.343 -0.527982 0.790346 0.310789 -20.6859 
0.809178 0.550312 0.205886 -111.804 -0.285891 0.674888 -0.680287 63.5297 -0.513321 0.491613 0.703434 -0.226612 
0.53229 0.844338 0.0613335 -129.404 -0.749662 0.503783 -0.429199 92.3586 -0.393288 0.182478 0.901126 23.3669 
