44 121 3.966 0.454545
1 -0.000277279 -1.68611e-07 1.03041e-05 0.000277279 1 -3.1682e-06 0.000196954 1.69463e-07 3.16815e-06 1 -3.06323e-05 
1 0.000372173 2.63286e-05 -0.00161077 -0.000372173 1 8.74775e-06 0.000911214 -2.63207e-05 -8.75754e-06 1 3.92201e-05 
1 0.000572879 3.68087e-05 -0.00224939 -0.000572881 1 3.68825e-05 0.00232909 -3.67822e-05 -3.69036e-05 1 0.000227109 
1 0.000627547 0.000147143 -0.00897318 -0.000627555 1 5.44206e-05 0.00274694 -0.000147102 -5.45129e-05 1 0.0032156 
1 0.00076471 0.00021147 -0.0128739 -0.000764737 1 0.000125351 0.00378493 -0.000211367 -0.000125512 1 0.00573209 
1 0.0011265 0.000446691 -0.0271897 -0.00112658 1 0.000187061 0.0199111 -0.000446471 -0.000187564 1 0.0186698 
0.799235 -0.492339 0.344712 -11.1997 0.480881 0.867885 0.124617 -37.4798 -0.360524 0.0661671 0.930401 26.4527 
0.677582 -0.652425 0.33945 -2.80481 0.579766 0.757831 0.299275 -56.9948 -0.4525 -0.00598167 0.891745 35.3827 
0.67783 -0.651727 0.340294 -2.89048 0.579107 0.758434 0.299022 -56.9279 -0.452971 -0.00561928 0.891509 35.4351 
0.553987 -0.832499 0.00687953 36.0949 0.823296 0.549053 0.143966 -58.8472 -0.123629 -0.0740917 0.98956 4.50923 
0.323903 -0.94093 0.0986887 45.9955 0.94441 0.327779 0.0255342 -55.3463 -0.0563742 0.0849319 0.994793 -2.37026 
0.323765 -0.941134 0.0971882 46.124 0.944579 0.327417 0.0238952 -55.2275 -0.0543098 0.0840654 0.994981 -2.52438 
0.858206 -0.49175 0.14719 2.57882 0.483053 0.870698 0.0924408 -31.4337 -0.173616 -0.00823255 0.98478 7.88558 
0.858699 -0.491306 0.14579 2.6642 0.482876 0.870954 0.0909496 -31.295 -0.171661 -0.00769986 0.985127 7.72341 
0.859478 -0.490375 0.144331 2.73088 0.482275 0.871485 0.0890259 -31.0972 -0.169439 -0.00690849 0.985518 7.54147 
0.677653 -0.651913 0.340289 -2.8766 0.57932 0.758275 0.299014 -56.9433 -0.452963 -0.00549153 0.891514 35.4341 
0.678466 -0.650985 0.340446 -2.9482 0.578152 0.759066 0.299267 -56.8764 -0.453239 -0.00621311 0.891369 35.4651 
0.679671 -0.649553 0.340778 -3.06667 0.57673 0.760288 0.298907 -56.7391 -0.453245 -0.0066214 0.891363 35.466 
0.680695 -0.64863 0.340493 -3.12881 0.574798 0.761052 0.300682 -56.7162 -0.454163 -0.00895796 0.890875 35.5786 
0.68056 -0.648611 0.340798 -3.14044 0.574388 0.761063 0.301434 -56.7381 -0.454882 -0.0093937 0.890503 35.6688 
1 0.0006068 -0.000123248 0.00793819 -0.000606887 1 -2.99306e-05 0.00576113 0.000123522 3.00779e-05 1 -0.0105884 
0.994446 -0.0637326 0.0837675 -3.36236 0.0575208 0.995555 0.0745865 -6.98644 -0.0881481 -0.0693539 0.993692 5.86013 
0.995362 -0.0501589 -0.0821039 2.50743 0.0549982 0.996814 0.0577809 -6.25513 0.0789438 -0.0620285 0.994949 -2.9123 
1 0.000585118 -0.00136952 0.705082 -0.000585908 1 -0.000437233 -2.60847 0.00136897 0.00043794 1 0.473239 
0.999734 -0.00910705 0.0212233 0.767373 0.00948523 0.999798 -0.0177986 -3.11265 -0.0210561 0.0179953 0.999618 1.50946 
1 0.000827325 0.00011115 -0.00657948 -0.000827544 1 0.000204063 0.00198807 -0.000111211 -0.000204062 1 0.000680258 
0.991462 0.0406354 0.123913 -5.40843 -0.0296814 0.99559 -0.0890003 6.07015 -0.126983 0.0845625 0.988295 8.44765 
0.997525 0.0352222 0.0608662 -3.47574 -0.0300224 0.995986 -0.0843289 5.92129 -0.0635921 0.0822928 0.994578 4.91252 
1 0.000853459 -0.000348563 -3.23145 -0.000853427 1 0.000717708 3.36148 0.000349037 -0.000717278 1 0.521937 
0.999695 0.0105881 0.0223756 -3.1671 -0.0109898 0.99978 0.0178867 3.8698 -0.0221812 -0.0181269 0.999591 1.56666 
0.990669 0.136013 -0.00868377 -0.261301 -0.135847 0.990576 0.0174673 -1.66936 0.0109777 -0.0161247 0.99981 0.15298 
0.990337 0.127364 0.0548883 -2.46431 -0.128653 0.991476 0.0206113 -1.75394 -0.051795 -0.0274737 0.99828 -0.00630682 
1 -4.74862e-05 -2.25711e-05 0.00147168 4.74318e-05 1 8.4254e-06 0.702794 2.2634e-05 -8.43632e-06 1 0.554669 
1 -4.50142e-05 -2.30961e-05 0.00145894 4.50677e-05 1 1.00684e-05 0.702743 2.33822e-05 -1.00732e-05 1 0.554704 
0.846947 0.266691 0.459954 -31.6467 -0.269038 0.961139 -0.0618881 1.77832 -0.458585 -0.0713294 0.885784 3.60672 
0.875009 -0.0183408 0.48376 -32.7028 0.11388 0.979039 -0.168865 13.7707 -0.470522 0.202849 0.858756 5.08942 
0.390218 -0.196739 0.899458 -61.9739 0.347651 0.936073 0.0539241 5.74446 -0.852566 0.291655 0.433669 21.3971 
-0.10419 -0.406564 0.907662 -70.0419 0.343522 0.84175 0.416474 -10.1193 -0.933348 0.355194 0.0519619 36.7714 
-0.335769 -0.312196 0.888703 -73.1561 0.18111 0.904477 0.386163 -11.709 -0.92437 0.290614 -0.247153 47.367 
-0.331754 -0.358154 0.872735 -72.6357 0.0517452 0.916827 0.395919 -14.5738 -0.941946 0.176507 -0.285628 48.074 
0.971051 -0.149452 -0.186344 10.7065 0.149194 0.988687 -0.0154904 1.59604 0.186551 -0.0127595 0.982363 1.89492 
0.991902 -0.126317 0.0132056 3.86548 0.126607 0.991659 -0.0241706 1.82032 -0.0100424 0.0256468 0.999621 0.632326 
1 0.000418589 0.000121107 5.42452 -0.000418676 1 -0.000186242 -0.680851 -0.000121206 0.000186228 1 0.554834 
1 0.00041803 0.000121826 5.42451 -0.000418085 1 -0.000187618 -0.680833 -0.000122004 0.000187607 1 0.554838 
0.999998 -0.00027648 -0.00225453 -0.00710117 0.000276475 1 -2.61242e-06 0.000162985 0.00225453 1.9891e-06 0.999998 -0.13393 
0.999925 0.000705595 0.0122569 -0.893699 -0.000683625 0.999999 -0.0017965 0.112445 -0.0122581 0.00178798 0.999924 -0.0731168 
0.999897 0.00134138 0.0142935 -1.01762 -0.00129042 0.999993 -0.00357419 0.230463 -0.0142982 0.00355538 0.999892 -0.0393036 
0.999997 0.0019351 -0.00200759 -0.0260149 -0.00194574 0.999985 -0.00530909 0.354115 0.00199729 0.00531298 0.999985 -0.488325 
0.999997 0.00261788 9.24233e-05 -0.153998 -0.00261716 0.999972 -0.00706457 0.487319 -0.000110908 0.0070643 0.999976 -0.405411 
0.999609 0.0128117 0.0248926 -1.64197 -0.0125863 0.999879 -0.00919232 1.16455 -0.0250073 0.00887541 0.999649 0.982413 
0.823932 -0.426523 0.373116 -14.5969 0.424799 0.900651 0.0915086 -32.0378 -0.375078 0.0831023 0.923262 27.2717 
0.715142 -0.571797 0.402022 -9.59419 0.509705 0.820174 0.25984 -50.1627 -0.478303 0.0190898 0.877988 37.4345 
0.691427 -0.526013 0.495217 -15.4407 0.470054 0.848088 0.244535 -46.1262 -0.548615 0.0637001 0.833646 45.9807 
0.658529 -0.738406 0.145255 18.9024 0.72217 0.67435 0.154033 -54.4841 -0.211691 0.00346391 0.977332 10.4875 
0.458 -0.859341 0.227532 27.6209 0.877397 0.478124 0.03966 -54.0068 -0.14287 0.181471 0.972965 4.09207 
0.41962 -0.855213 0.304189 24.3918 0.880675 0.464751 0.0917594 -58.1461 -0.219846 0.229387 0.948184 11.0554 
0.905856 -0.33195 0.263127 -8.69032 0.339718 0.940378 0.016807 -16.5494 -0.253018 0.0741644 0.964616 14.1074 
0.886465 -0.336523 0.317699 -11.8736 0.341336 0.938994 0.0422085 -18.7802 -0.312521 0.0710257 0.947253 19.7425 
0.868545 -0.3399 0.360692 -13.9545 0.337785 0.938539 0.071049 -20.7666 -0.362672 0.060127 0.929976 24.5768 
0.670617 -0.525977 0.523089 -16.1259 0.459716 0.848102 0.263413 -46.8754 -0.582181 0.0638235 0.810551 50.4038 
0.605983 -0.529853 0.593332 -15.5012 0.431189 0.845588 0.314737 -47.8536 -0.668478 0.0651124 0.740878 61.4377 
0.64565 -0.534113 0.545767 -14.9351 0.472798 0.840835 0.263555 -47.1615 -0.599667 0.0878733 0.795412 51.9547 
0.686108 -0.530898 0.497398 -14.5571 0.505452 0.839609 0.19894 -44.9025 -0.523236 0.114916 0.844405 41.9452 
0.681431 -0.529929 0.504806 -14.7163 0.518052 0.836459 0.178776 -44.458 -0.516987 0.139692 0.844519 41.3972 
0.999818 -0.012869 0.014147 -0.89795 0.0131143 0.999764 -0.0173881 0.37852 -0.0139195 0.0175705 0.99975 0.186713 
0.989209 -0.0741898 0.126345 -5.42577 0.0634035 0.994158 0.0873563 -7.67115 -0.132087 -0.0784029 0.988134 8.22962 
0.991927 -0.054413 -0.114551 3.02646 0.0617279 0.996209 0.0613074 -6.65431 0.110781 -0.0678835 0.991526 -4.57684 
0.999942 0.0018848 -0.0107339 0.698254 -0.00188669 0.999999 -0.000148544 -2.54614 0.0107333 0.00016869 0.999944 -0.0959832 
0.999727 -0.00776855 0.0220618 0.724197 0.00815491 0.999815 -0.0174879 -3.04898 -0.0219211 0.0176632 0.999605 1.51261 
0.999734 0.0180461 0.0144347 -0.911951 -0.0180934 0.999832 0.00314146 0.591785 -0.0143758 -0.00340169 0.999892 0.199822 
0.981154 0.0558644 0.184979 -8.10493 -0.0377655 0.994275 -0.0999618 6.82801 -0.189504 0.091092 0.977646 11.9833 
0.998858 0.0418719 0.0230613 -3.25267 -0.0397337 0.995464 -0.0864526 6.44883 -0.0265766 0.0854375 0.99599 2.819 
0.999686 0.000284352 -0.0251014 -3.16083 -0.000271793 1 0.000512575 3.32214 0.0251014 -0.000505464 0.999686 -0.928509 
0.999699 0.00994752 0.0225033 -3.19566 -0.0103482 0.99979 0.0177406 3.82703 -0.022322 -0.017968 0.999591 1.50601 
0.990566 0.136526 -0.0118464 -0.214825 -0.136318 0.990522 0.0168364 -1.63169 0.0140327 -0.0150627 0.999789 0.018018 
0.989737 0.125552 0.0682463 -2.99172 -0.127232 0.991654 0.0208374 -1.73956 -0.0650603 -0.0293067 0.997451 -0.168514 
0.999891 -0.000183991 -0.0148023 0.056213 0.00018486 1 6.10274e-05 0.701478 0.0148023 -6.37677e-05 0.999891 0.819423 
1 -0.000187078 0.00012078 -0.00302537 0.000187121 1 7.93811e-05 0.701442 -0.000120508 -7.93623e-05 1 0.549074 
0.834228 0.308439 0.457089 -31.7223 -0.322227 0.945351 -0.0498212 0.527006 -0.447476 -0.105724 0.888025 3.40053 
0.879887 0.0768996 0.46892 -31.7957 0.0102678 0.983512 -0.180556 13.253 -0.475072 0.163683 0.86459 4.44062 
0.428801 -0.0652978 0.901037 -61.4024 0.232073 0.971875 -0.0400116 9.34355 -0.873082 0.226263 0.431895 20.8983 
-0.0399572 -0.270801 0.961806 -71.361 0.241932 0.931311 0.272266 -4.11112 -0.96947 0.24357 0.0283028 36.9828 
-0.277757 -0.187585 0.942159 -74.5527 0.0607772 0.975354 0.212112 -4.96403 -0.958727 0.116177 -0.259511 47.212 
-0.271393 -0.264492 0.925414 -73.964 -0.124813 0.963053 0.238646 -9.41971 -0.954342 -0.0507365 -0.294377 48.26 
0.970352 -0.150109 -0.189432 10.7447 0.150013 0.988572 -0.0149265 1.56385 0.189508 -0.0139333 0.981781 1.794 
0.991824 -0.124951 0.025925 3.35832 0.125582 0.991785 -0.0243208 1.80661 -0.0226733 0.0273777 0.999368 0.467261 
0.999892 0.000370413 -0.0147217 5.48132 -0.000373686 1 -0.000212083 -0.680828 0.0147216 0.000217597 0.999892 0.819998 
1 0.00037691 0.000202842 5.42208 -0.000376942 1 -0.000222701 -0.680837 -0.000203026 0.000222665 1 0.549595 
0.99999 -0.000275148 -0.00444204 -0.0140786 0.000275142 1 -2.03092e-06 0.000127444 0.00444204 8.08713e-07 0.99999 -0.263627 
0.999708 0.00104688 0.0241527 -1.76057 -0.000961325 0.999994 -0.00355357 0.220902 -0.0241562 0.00352931 0.999703 -0.135067 
0.999602 0.00215055 0.0281514 -2.00306 -0.00195178 0.999974 -0.00708606 0.452048 -0.0281659 0.00702829 0.99958 -0.0649044 
0.999987 0.00328811 -0.00412225 -0.0449712 -0.0033312 0.99994 -0.0104889 0.697136 0.00408752 0.0105025 0.999938 -0.964341 
0.99999 0.00448642 -0.00011209 -0.289489 -0.00448755 0.999892 -0.0139877 0.955512 4.93307e-05 0.0139881 0.999903 -0.804483 
0.99853 0.0242633 0.0484794 -3.16647 -0.0233878 0.999555 -0.0185458 2.27135 -0.0489078 0.0173847 0.998653 1.96149 
0.843355 -0.360269 0.398699 -17.4943 0.368477 0.927769 0.0589148 -26.6124 -0.391125 0.0972251 0.915188 28.2558 
0.742893 -0.487284 0.458984 -15.3777 0.438328 0.872317 0.216641 -42.9575 -0.505944 0.0402443 0.861628 39.7983 
0.675515 -0.384942 0.628888 -24.3309 0.36769 0.915155 0.165215 -33.8165 -0.639128 0.11963 0.759741 57.4306 
0.730355 -0.622793 0.280559 3.96205 0.610906 0.779301 0.139597 -47.4899 -0.305579 0.0694395 0.949633 18.0679 
0.560379 -0.748101 0.355419 11.1672 0.793407 0.60801 0.0288231 -49.5107 -0.237661 0.26584 0.934265 12.4542 
0.460678 -0.726789 0.509467 6.16722 0.803708 0.585142 0.108004 -56.1577 -0.376606 0.359707 0.853688 27.728 
0.922136 -0.155771 0.354122 -15.8411 0.193658 0.978278 -0.073962 -0.415416 -0.334908 0.136782 0.932271 21.38 
0.869552 -0.166469 0.46494 -21.3806 0.208335 0.977251 -0.0397391 -4.30091 -0.447747 0.131418 0.884452 33.3043 
0.814989 -0.178259 0.551379 -24.283 0.20996 0.977694 0.00574542 -7.94125 -0.540103 0.111085 0.834237 43.6313 
0.622853 -0.38466 0.681244 -24.5881 0.353054 0.915268 0.194007 -35.045 -0.698147 0.119678 0.705882 66.2843 
0.45589 -0.392817 0.798662 -18.8909 0.311111 0.911063 0.270513 -36.5255 -0.833892 0.125148 0.537554 87.4351 
0.571616 -0.393121 0.720217 -21.8459 0.386792 0.903211 0.18602 -35.9234 -0.723635 0.172242 0.668346 68.9254 
0.682898 -0.378988 0.624516 -23.6587 0.436088 0.897355 0.0677059 -30.9264 -0.586071 0.226107 0.778073 49.2638 
0.679675 -0.371702 0.632362 -23.9766 0.461136 0.886958 0.0257162 -29.8981 -0.570437 0.274126 0.774248 48.2049 
0.999275 -0.0257703 0.0280485 -1.76798 0.0267201 0.999064 -0.034033 0.716085 -0.0271449 0.0347579 0.999028 0.38676 
0.982269 -0.0855963 0.1668 -7.2771 0.0694046 0.992504 0.100603 -8.39408 -0.17416 -0.0872426 0.980846 10.6011 
0.987408 -0.0598062 -0.146459 3.63029 0.0698307 0.995486 0.0642855 -7.12067 0.141953 -0.0737034 0.987128 -6.13417 
0.999796 0.00163757 -0.0201911 0.735379 -0.0016383 1 -1.01803e-05 -2.56661 0.0201907 4.31586e-05 0.999797 -0.610561 
0.999716 -0.00798408 0.0225002 0.721421 0.00837377 0.999817 -0.0172892 -3.068 -0.0223572 0.0174729 0.999599 1.55134 
0.998993 0.0347153 0.0284618 -1.78051 -0.0348941 0.999374 0.00580456 1.17491 -0.0282427 -0.00679176 0.999579 0.405103 
0.96733 0.0713335 0.243283 -10.4625 -0.0450385 0.992689 -0.111989 7.59942 -0.249493 0.0973729 0.96347 15.5705 
0.998706 0.0489754 -0.013795 -2.92923 -0.0500035 0.994857 -0.0880892 7.00606 0.00940978 0.0886649 0.996018 0.886566 
0.998793 0.00052886 -0.0491425 -3.03129 -0.000497037 1 0.000664373 3.32827 0.0491427 -0.000639023 0.998793 -2.24948 
0.999694 0.0101241 0.0226136 -3.19478 -0.0105309 0.999785 0.0179218 3.83062 -0.0224273 -0.0181543 0.999585 1.53123 
0.990456 0.137022 -0.0149168 -0.169717 -0.136779 0.990469 0.0162244 -1.59516 0.0169977 -0.0140293 0.999758 -0.112403 
0.988984 0.123764 0.0812028 -3.50389 -0.12585 0.991826 0.0210732 -1.72616 -0.0779307 -0.0310604 0.996475 -0.319769 
0.999575 -0.000324191 -0.0291447 0.108026 0.000326754 1 8.50606e-05 0.700604 0.0291447 -9.45591e-05 0.999576 1.08327 
1 -0.000332527 0.000260735 -0.0049069 0.000332549 1 0.000123826 0.700548 -0.000260489 -0.000123743 1 0.54967 
0.819578 0.348465 0.454823 -31.8493 -0.373027 0.927039 -0.0380709 -0.682981 -0.434905 -0.138459 0.889768 3.24419 
0.875791 0.169332 0.452016 -30.8778 -0.0906768 0.977492 -0.190495 12.6542 -0.474099 0.125846 0.871432 3.80744 
0.451201 0.0657086 0.89 -60.3799 0.114607 0.984762 -0.130807 12.7181 -0.885033 0.16102 0.436795 20.166 
0.00149403 -0.125888 0.992044 -71.84 0.129448 0.983722 0.124637 1.81794 -0.991585 0.128231 0.0177656 36.7645 
-0.252898 -0.0546962 0.965946 -75.0771 -0.0712813 0.996741 0.0377775 1.57859 -0.964864 -0.0593 -0.255972 46.7624 
-0.25753 -0.165474 0.951997 -74.7862 -0.307133 0.948152 0.0817215 -4.36571 -0.91616 -0.271344 -0.295 48.8142 
0.969664 -0.150743 -0.19243 10.7818 0.150811 0.988458 -0.0143799 1.53265 0.192376 -0.0150768 0.981206 1.69663 
0.991594 -0.123597 0.0382683 2.86562 0.124581 0.991908 -0.0244721 1.79349 -0.034934 0.0290339 0.998968 0.31266 
0.999576 0.000332892 -0.0291272 5.53483 -0.000339431 1 -0.000215732 -0.681239 0.0291271 0.00022556 0.999576 1.08418 
1 0.000346186 0.000279169 5.42192 -0.000346199 1 -0.000234221 -0.681281 -0.000279351 0.000234164 1 0.550528 
0.999978 -0.000275281 -0.00661115 -0.0208801 0.000275273 1 -2.19897e-06 0.000137714 0.00661115 3.79054e-07 0.999978 -0.39157 
0.999536 0.00137837 0.030456 -2.28455 -0.00121821 0.999986 -0.005277 0.327229 -0.0304628 0.00523744 0.999523 -0.219865 
0.999322 0.00295318 0.0367015 -2.66254 -0.00256873 0.999942 -0.0105178 0.668306 -0.0367304 0.0104164 0.999272 -0.106625 
0.999987 0.00462611 -0.00252569 -0.287934 -0.00466487 0.999869 -0.0155616 1.03299 0.00245337 0.0155732 0.999877 -1.20969 
0.999951 0.00622616 0.00770146 -0.909766 -0.00606432 0.999764 -0.0208624 1.41068 -0.00782953 0.0208147 0.999754 -0.800482 
0.996039 0.0353853 0.0815821 -5.19109 -0.0331625 0.999046 -0.0284424 3.36085 -0.0825106 0.0256242 0.996261 3.51527 
0.853632 -0.29278 0.430805 -20.2229 0.311695 0.949774 0.0278593 -21.2553 -0.417324 0.110498 0.902016 30.0923 
0.754749 -0.399345 0.520461 -20.399 0.365833 0.914766 0.171376 -35.5088 -0.544538 0.0610557 0.836512 43.3396 
0.658705 -0.240783 0.712835 -29.141 0.282453 0.957254 0.0623391 -20.8179 -0.697373 0.160279 0.698558 65.271 
0.778119 -0.501754 0.377857 -6.32978 0.508759 0.856262 0.0893403 -38.1588 -0.368371 0.122721 0.921545 23.2454 
0.625934 -0.628656 0.46152 -1.1012 0.716095 0.697692 -0.0208438 -42.1275 -0.308895 0.343539 0.886887 19.5723 
0.455633 -0.578856 0.67626 -6.02612 0.746433 0.662372 0.0640564 -50.5307 -0.485015 0.475596 0.733875 42.7444 
0.919918 0.0272412 0.391164 -17.2944 0.0427057 0.98469 -0.169009 16.2075 -0.389778 0.17218 0.904671 26.0183 
0.841969 0.0197282 0.539166 -24.073 0.070419 0.986765 -0.146074 12.361 -0.534911 0.160957 0.829436 42.4459 
0.739624 0.0132167 0.672891 -27.1536 0.0910833 0.988644 -0.119535 8.83604 -0.666829 0.1497 0.730021 59.5265 
0.568334 -0.240247 0.786943 -28.3041 0.272534 0.957399 0.0954612 -22.756 -0.776353 0.160215 0.609598 78.4909 
0.288182 -0.251937 0.92384 -14.8379 0.241562 0.952694 0.184454 -25.8772 -0.926607 0.170008 0.335407 107.57 
0.514536 -0.24015 0.823154 -24.6456 0.334525 0.940131 0.065173 -23.9546 -0.789524 0.241832 0.564067 79.5135 
0.649504 -0.209293 0.730988 -28.6707 0.374389 0.924785 -0.0678752 -17.0586 -0.6618 0.317758 0.679009 60.2598 
0.649602 -0.189941 0.736167 -29.0728 0.410877 0.902415 -0.129727 -15.5084 -0.639687 0.386744 0.664252 59.4718 
0.99858 -0.0313518 0.0430928 -2.74857 0.0333237 0.998394 -0.0458328 1.09065 -0.0415863 0.0472037 0.99802 0.713462 
0.974954 -0.0946513 0.201265 -8.82861 0.0734367 0.991172 0.110394 -8.95095 -0.209936 -0.0928484 0.973298 12.6085 
0.982984 -0.0638147 -0.172253 4.07755 0.0759648 0.994998 0.0648856 -7.45946 0.167251 -0.0768667 0.982915 -7.43578 
0.999325 0.00138337 -0.0367457 0.816528 -0.00137922 1 0.0001435 -2.59198 0.0367455 -9.28247e-05 0.999326 -1.52539 
0.999709 -0.00823636 0.0227147 0.722344 0.00862564 0.999818 -0.0171041 -3.09307 -0.0225688 0.0172953 0.999597 1.57259 
0.998088 0.043791 0.0436494 -2.76008 -0.0439946 0.999025 0.00370867 1.69091 -0.0434447 -0.0056218 0.999041 0.738839 
0.952788 0.0825393 0.292207 -12.3445 -0.0488943 0.991492 -0.120638 8.14044 -0.299678 0.100656 0.948717 18.6127 
0.997575 0.0530473 -0.0450782 -2.65012 -0.056827 0.994571 -0.0871776 7.36096 0.0402088 0.0895278 0.995174 -0.797268 
0.997386 0.00127856 -0.0722667 -2.87456 -0.00123933 1 0.000590767 3.37411 0.0722673 -0.000499543 0.997387 -3.52503 
0.999683 0.0108202 0.0227962 -3.19215 -0.0112276 0.999779 0.0177985 3.87401 -0.0225985 -0.0180486 0.999583 1.55291 
0.990348 0.137491 -0.0175478 -0.150646 -0.137223 0.990417 0.0156391 -1.56024 0.0195299 -0.0130803 0.999724 -0.24265 
0.988117 0.122094 0.0933679 -3.99986 -0.124583 0.991981 0.0212834 -1.71301 -0.0900204 -0.0326626 0.995405 -0.463563 
0.99906 -0.000410531 -0.0433424 0.1556 0.000415226 1 0.000100583 0.699994 0.0433424 -0.000118498 0.999061 1.34299 
1 -0.00042025 0.000350612 -0.00665408 0.000420248 1 0.000156392 0.699854 -0.000350391 -0.000156248 1 0.548808 
0.817961 0.358724 0.44973 -31.677 -0.391577 0.919893 -0.0215536 -1.93124 -0.421436 -0.158474 0.892905 3.0053 
0.87503 0.207621 0.437284 -30.1041 -0.140227 0.973336 -0.181534 11.4261 -0.463314 0.0975282 0.880812 3.14875 
0.464297 0.133163 0.875612 -59.409 0.0387251 0.984635 -0.170278 13.6149 -0.884833 0.112968 0.452007 19.0379 
0.0245132 -0.0415629 0.998836 -71.6373 0.0584121 0.997488 0.0400734 4.75538 -0.997992 0.0573617 0.0268793 35.799 
-0.239313 0.0362708 0.970265 -74.9418 -0.137163 0.988018 -0.0707653 5.43766 -0.961206 -0.15002 -0.23147 45.4233 
-0.257215 -0.0785734 0.963155 -75.1057 -0.384756 0.92261 -0.027485 -0.724049 -0.886456 -0.377649 -0.267541 47.9162 
0.96906 -0.151314 -0.195007 10.7946 0.151539 0.988355 -0.0138514 1.5023 0.194832 -0.0161283 0.980704 1.59477 
0.991237 -0.122284 0.0499677 2.3848 0.123622 0.992025 -0.0246024 1.78027 -0.0465608 0.0305639 0.998448 0.163861 
0.999061 0.000296454 -0.0433375 5.58188 -0.000306531 1 -0.000223303 -0.681894 0.0433374 0.00023641 0.999061 1.34343 
1 0.000311323 0.000356512 5.41966 -0.000311313 1 -0.000245783 -0.681882 -0.000356689 0.000245712 1 0.549184 
0.99996 -0.000274083 -0.00895893 -0.0281367 0.000274066 1 -3.06667e-06 0.000190741 0.00895892 6.11213e-07 0.99996 -0.529379 
0.99948 0.00171964 0.032216 -2.54271 -0.00149087 0.999974 -0.00712391 0.441157 -0.0322274 0.00707216 0.999457 -0.338761 
0.999145 0.0037898 0.0411723 -3.08432 -0.00320809 0.999895 -0.0141857 0.89914 -0.0412217 0.0140414 0.999052 -0.173617 
0.999979 0.00603855 0.00261059 -0.754907 -0.00598237 0.999762 -0.0210181 1.39137 -0.00273688 0.021002 0.999777 -1.26496 
0.999694 0.00797242 0.0234372 -2.01287 -0.00730922 0.999575 -0.0282472 1.88372 -0.0236524 0.0280672 0.999327 -0.420402 
0.990889 0.0472281 0.126134 -7.77905 -0.0425308 0.998307 -0.039679 4.51464 -0.127794 0.0339529 0.99122 5.79488 
0.854636 -0.218312 0.471103 -22.8954 0.249723 0.968308 -0.00430699 -15.5118 -0.455232 0.121326 0.882068 32.9355 
0.749913 -0.300476 0.589361 -24.8192 0.286767 0.950493 0.119705 -27.188 -0.596152 0.0792408 0.798953 48.3963 
0.647535 -0.0858643 0.757184 -31.1333 0.19793 0.978481 -0.0583088 -6.54451 -0.735882 0.187626 0.650596 70.241 
0.817588 -0.369279 0.441798 -13.3858 0.405046 0.914182 0.0145479 -26.8176 -0.409255 0.167054 0.896998 26.2154 
0.673867 -0.497582 0.546184 -10.4587 0.643377 0.758637 -0.102652 -32.4417 -0.363277 0.420575 0.831354 25.7231 
0.427727 -0.409613 0.805772 -13.8025 0.712659 0.701171 -0.0218601 -43.0982 -0.55603 0.58359 0.591825 56.4834 
0.896279 0.222576 0.383593 -13.6025 -0.126856 0.957469 -0.259158 33.3774 -0.424961 0.183617 0.886394 28.0536 
0.801606 0.22705 0.553062 -20.8426 -0.0906042 0.960531 -0.263009 31.1498 -0.590948 0.160719 0.790539 47.5485 
0.645349 0.243152 0.724157 -22.714 -0.0278477 0.954846 -0.295795 29.1225 -0.763381 0.170725 0.62298 73.0454 
0.514825 -0.0850554 0.853066 -28.8526 0.204211 0.978591 -0.0256703 -9.6726 -0.832619 0.187421 0.521173 88.0956 
0.116312 -0.0996569 0.988202 -5.736 0.213362 0.974233 0.0731353 -16.6076 -0.970026 0.202338 0.134578 123.43 
0.487679 -0.0692832 0.870271 -25.4357 0.293954 0.951672 -0.0889608 -10.4592 -0.822048 0.299203 0.484476 85.2739 
0.578629 -0.0178261 0.815398 -28.7014 0.330218 0.919272 -0.214235 -3.86161 -0.745752 0.393221 0.537803 74.9429 
0.583546 0.02036 0.811826 -28.8552 0.379109 0.877236 -0.294507 -1.98198 -0.718159 0.479628 0.504189 75.1136 
0.997702 -0.0308377 0.0603472 -3.90678 0.0341302 0.997941 -0.0543139 1.53591 -0.0585477 0.0562488 0.996699 1.18945 
0.966973 -0.101997 0.233583 -10.2765 0.0760497 0.990153 0.117537 -9.38649 -0.24327 -0.0958911 0.965208 14.4478 
0.978611 -0.066533 -0.194671 4.39395 0.0802622 0.99475 0.063501 -7.67874 0.189424 -0.0777674 0.978813 -8.63807 
0.998127 0.001646 -0.0611745 0.955472 -0.00163383 1 0.000251958 -2.58964 0.0611745 -0.000151643 0.998128 -2.8931 
0.999708 -0.00799709 0.0228343 0.715224 0.00838662 0.999821 -0.0170254 -3.09156 -0.0226932 0.0172121 0.999596 1.57362 
0.99704 0.0467771 0.0610319 -3.9181 -0.0467006 0.998906 -0.00268271 2.17251 -0.0610909 -0.000175352 0.998133 1.22177 
0.937128 0.0901925 0.337131 -14.019 -0.0500154 0.990765 -0.12603 8.47739 -0.345385 0.101245 0.932985 21.3869 
0.995786 0.0540584 -0.0740848 -2.4113 -0.0602386 0.994653 -0.0838959 7.50808 0.0691533 0.0880052 0.993718 -2.43154 
0.995311 0.00168392 -0.0967269 -2.68314 -0.00166166 0.999999 0.00031311 3.40476 0.0967271 -0.000150804 0.995312 -4.89188 
0.999676 0.0111819 0.0229444 -3.19648 -0.0115842 0.999781 0.0174584 3.90122 -0.0227442 -0.0177184 0.999586 1.55448 
0.990233 0.137979 -0.0200135 -0.15369 -0.137693 0.990361 0.0150247 -1.52359 0.0218937 -0.0121222 0.999687 -0.384569 
0.987063 0.120382 0.105908 -4.52581 -0.123306 0.992136 0.0214879 -1.6988 -0.102488 -0.034269 0.994144 -0.613266 
0.998277 -0.000454709 -0.0586858 0.202967 0.000461809 1 0.000108347 0.699633 0.0586858 -0.000135275 0.998277 1.6232 
1 -0.000462491 0.000405246 -0.00832226 0.000462472 1 0.000177999 0.69936 -0.000405041 -0.000177815 1 0.547172 
0.829339 0.34322 0.440904 -31.1595 -0.382736 0.923857 0.000752118 -3.32674 -0.407075 -0.169374 0.897554 2.66246 
0.883013 0.200773 0.42424 -29.377 -0.147323 0.97677 -0.155621 9.58321 -0.445629 0.0749151 0.892079 2.44884 
0.480376 0.148634 0.864377 -58.6509 -0.00378932 0.985879 -0.16742 12.4283 -0.877055 0.0771493 0.474155 17.6149 
0.0483294 -0.00963568 0.998786 -71.2459 0.0246827 0.99966 0.00844978 5.20835 -0.998527 0.0242443 0.0485508 34.2672 
-0.210576 0.0952585 0.972926 -74.5647 -0.146088 0.980999 -0.127668 7.17824 -0.966601 -0.169017 -0.192658 43.2135 
-0.235466 0.00925616 0.971839 -75.0347 -0.379595 0.919653 -0.100731 1.74963 -0.894687 -0.392624 -0.213034 45.217 
0.968479 -0.151884 -0.197431 10.7863 0.152274 0.988249 -0.0132922 1.47007 0.197129 -0.0171903 0.980227 1.47954 
0.990716 -0.120883 0.0622111 1.86871 0.122611 0.992147 -0.0247302 1.76591 -0.0587331 0.0321283 0.997757 0.00709815 
0.998283 0.000261254 -0.0585735 5.62411 -0.000275696 1 -0.000236557 -0.682748 0.0585734 0.00025233 0.998283 1.62204 
1 0.000273196 0.000519084 5.41271 -0.000273139 1 -0.000259938 -0.682606 -0.000519255 0.000259836 1 0.545997 
0.999938 -0.000274216 -0.0111706 -0.0350585 0.000274192 1 -3.66031e-06 0.000227022 0.0111706 5.97206e-07 0.999938 -0.658964 
0.999423 0.00203896 0.0339354 -2.78974 -0.00173907 0.99996 -0.00886429 0.548486 -0.033952 0.00880015 0.999386 -0.450113 
0.998957 0.00458635 0.045439 -3.48484 -0.00378789 0.999838 -0.0176428 1.11647 -0.0455125 0.0174523 0.998812 -0.23453 
0.999946 0.00739505 0.00740009 -1.19155 -0.00719913 0.999632 -0.0261609 1.72885 -0.00759081 0.0261062 0.999631 -1.31636 
0.999225 0.00967816 0.0381507 -3.03721 -0.00833433 0.999345 -0.0352274 2.32567 -0.0384666 0.0348821 0.998652 -0.0503323 
0.984105 0.0585061 0.167679 -10.0893 -0.0506917 0.997437 -0.0505145 5.58329 -0.170204 0.0412117 0.984547 8.04614 
0.849459 -0.147381 0.506655 -24.8981 0.190821 0.981017 -0.0345633 -10.0678 -0.491942 0.126041 0.861457 35.786 
0.734164 -0.204393 0.647479 -27.8085 0.212203 0.974917 0.0671446 -19.0523 -0.644961 0.0881018 0.759121 53.4746 
0.623868 0.0628645 0.778999 -30.6344 0.117058 0.978 -0.172671 7.02519 -0.772714 0.198911 0.602784 75.1169 
0.839446 -0.235752 0.489646 -18.2096 0.301253 0.951767 -0.0582161 -15.5596 -0.452304 0.196376 0.869977 29.5793 
0.706319 -0.362226 0.608201 -17.2271 0.571513 0.798771 -0.187989 -22.4405 -0.417718 0.480374 0.771204 32.3188 
0.38911 -0.234059 0.890962 -17.6723 0.693105 0.711477 -0.115793 -35.8844 -0.606796 0.662584 0.439071 69.8004 
0.842725 0.399258 0.361121 -6.96522 -0.284427 0.899742 -0.331011 48.1538 -0.457074 0.176239 0.871794 29.5709 
0.730294 0.413486 0.543784 -13.9323 -0.235082 0.899511 -0.368264 47.7241 -0.64141 0.141107 0.754111 52.0487 
0.5288 0.450399 0.719383 -12.6873 -0.112169 0.877234 -0.466776 46.2997 -0.841303 0.166139 0.514402 85.2703 
0.451235 0.063907 0.890115 -26.5619 0.149121 0.97801 -0.145813 2.41032 -0.879859 0.198531 0.431782 97.139 
-0.0518235 0.0476856 0.997518 6.87399 0.221328 0.974569 -0.0350901 -10.3637 -0.973822 0.21896 -0.0610595 135.935 
0.458937 0.0996978 0.882859 -23.8499 0.254759 0.937192 -0.238265 2.56662 -0.851162 0.334264 0.404713 90.8877 
0.503272 0.170294 0.847183 -24.7609 0.305996 0.881744 -0.35902 7.59196 -0.808137 0.439919 0.391647 88.356 
0.517908 0.226184 0.824994 -24.3396 0.365133 0.813694 -0.452306 9.57682 -0.773596 0.535485 0.338832 89.3853 
0.996605 -0.0303275 0.0765529 -4.98451 0.0351434 0.997435 -0.0623684 1.94945 -0.0744647 0.064847 0.995114 1.65477 
0.95839 -0.109432 0.263656 -11.5617 0.0787175 0.989106 0.124397 -9.80978 -0.274396 -0.0984665 0.956563 16.2176 
0.973961 -0.0696173 -0.215767 4.72887 0.0847545 0.994491 0.0617048 -7.8885 0.210282 -0.0783853 0.974495 -9.73778 
0.996455 0.00138664 -0.0841294 1.12334 -0.00140122 1 -0.000112081 -2.59275 0.0841288 0.000229457 0.996456 -4.14823 
0.999704 -0.00827815 0.0229372 0.715576 0.00867746 0.999813 -0.0173751 -3.09786 -0.0227882 0.0175691 0.999588 1.60165 
0.995765 0.049685 0.0773695 -4.99545 -0.0491601 0.998753 -0.00867919 2.62239 -0.0777045 0.00483905 0.996965 1.69423 
0.920375 0.0971951 0.378768 -15.4559 -0.0505913 0.990074 -0.131129 8.77138 -0.387753 0.101526 0.916156 24.0632 
0.993343 0.0548121 -0.101328 -2.13814 -0.0631087 0.99475 -0.0805724 7.6214 0.0963791 0.0864307 0.991586 -3.91458 
0.992812 0.00167858 -0.119686 -2.46817 -0.00165692 0.999999 0.000282438 3.40504 0.119686 -8.19908e-05 0.992813 -6.12474 
0.999673 0.0111349 0.0230999 -3.19634 -0.0115388 0.999783 0.0174074 3.89931 -0.022901 -0.0176681 0.999583 1.60544 
0.990119 0.138438 -0.0223393 -0.156451 -0.138138 0.990308 0.0144466 -1.48912 0.0241227 -0.011218 0.999647 -0.517994 
0.985924 0.118743 0.117709 -5.02134 -0.122099 0.992281 0.0216939 -1.6859 -0.114224 -0.0357607 0.992812 -0.749185 
0.997323 -0.000503794 -0.0731253 0.245647 0.000511905 1 9.29056e-05 0.699577 0.0731253 -0.000130104 0.997323 1.89339 
1 -0.000509719 0.000457711 -0.00788976 0.000509691 1 0.000177317 0.699191 -0.000457515 -0.000177087 1 0.551253 
0.839602 0.329058 0.432192 -30.6496 -0.374445 0.926997 0.0216305 -4.6328 -0.393523 -0.179993 0.901523 2.36673 
0.890345 0.195296 0.411274 -28.649 -0.154101 0.979277 -0.131413 7.85899 -0.428416 0.0536253 0.90199 1.84204 
0.49547 0.164644 0.852879 -57.879 -0.0438939 0.985364 -0.16472 11.3119 -0.867516 0.0441778 0.495445 16.2937 
0.0712897 0.0218127 0.997218 -70.784 -0.0076693 0.999744 -0.0213197 5.62779 -0.997426 -0.00612808 0.0714387 32.7448 
-0.181507 0.151201 0.971696 -74.0149 -0.156424 0.971089 -0.180326 8.75631 -0.970869 -0.184727 -0.152608 41.004 
-0.211282 0.0923033 0.973058 -74.6502 -0.377528 0.910567 -0.168349 3.98889 -0.901573 -0.402926 -0.15754 42.5294 
0.967927 -0.152413 -0.199717 10.7787 0.152964 0.98815 -0.0127643 1.4396 0.199295 -0.0181945 0.979771 1.3713 
0.99009 -0.119536 0.073714 1.3832 0.121649 0.992262 -0.0248552 1.75248 -0.0701726 0.0335761 0.99697 -0.135715 
0.997337 0.000239446 -0.0729369 5.66271 -0.000256818 1 -0.000227264 -0.684023 0.0729368 0.000245419 0.997337 1.89078 
1 0.000248656 0.000647681 5.40892 -0.000248571 1 -0.000251194 -0.683774 -0.000647844 0.000251072 1 0.548647 
0.99991 -0.000273683 -0.0134525 -0.0393148 0.000273649 1 -4.35168e-06 0.000269274 0.0134525 6.70029e-07 0.99991 -0.790588 
0.999744 0.00248198 0.0225058 -2.23629 -0.00224241 0.999941 -0.0106639 0.660422 -0.0225309 0.0106107 0.999691 -0.637586 
0.999288 0.00541604 0.0373611 -3.13617 -0.00462278 0.999763 -0.021286 1.34615 -0.0374675 0.0210981 0.999076 -0.366732 
0.999741 0.00846449 0.0211388 -2.15904 -0.0077913 0.999467 -0.0317282 2.06928 -0.0213961 0.0315552 0.999274 -0.816159 
0.997316 0.0111792 0.0723637 -5.18569 -0.00809374 0.999051 -0.0427924 2.7553 -0.0727734 0.0420919 0.996461 1.36262 
0.969327 0.0702352 0.235529 -13.5778 -0.0568223 0.996378 -0.0632682 6.67873 -0.239119 0.0479442 0.969807 12.1244 
0.825329 -0.0723739 0.559995 -26.8416 0.13101 0.989233 -0.0652351 -4.52116 -0.549244 0.127205 0.825924 40.5704 
0.68682 -0.103375 0.71944 -29.6134 0.138197 0.990351 0.0103702 -10.6274 -0.713569 0.092302 0.694479 61.1715 
0.638366 0.205551 0.741782 -27.9986 0.00687812 0.962124 -0.272528 21.4838 -0.769703 0.179074 0.612773 71.7304 
0.877016 -0.114785 0.466551 -18.2519 0.196108 0.971995 -0.129502 -4.20229 -0.438619 0.20507 0.874964 25.6839 
0.738447 -0.246835 0.627512 -20.3322 0.520785 0.799912 -0.298204 -11.5325 -0.428346 0.547006 0.71924 34.2571 
0.367792 -0.0759858 0.9268 -18.6559 0.705951 0.671542 -0.225092 -29.1955 -0.605281 0.737061 0.30063 77.4926 
0.770377 0.572043 0.281581 5.60683 -0.478166 0.81049 -0.338327 59.8148 -0.421755 0.125997 0.897914 22.3173 
0.673684 0.594366 0.439182 -0.321812 -0.42987 0.798559 -0.421327 63.1221 -0.601134 0.0950502 0.793477 43.3905 
0.495863 0.647454 0.578727 2.18327 -0.220033 0.738355 -0.63751 64.1865 -0.840063 0.188778 0.508584 83.6272 
0.446239 0.206769 0.870701 -23.8932 0.0697477 0.961948 -0.264184 16.0354 -0.892193 0.178618 0.414836 97.105 
-0.1433 0.187426 0.971771 17.1782 0.230743 0.961172 -0.151356 -4.13381 -0.962406 0.20254 -0.180983 140.777 
0.458195 0.255474 0.851347 -20.119 0.210228 0.899482 -0.383064 15.1452 -0.863634 0.354495 0.35843 91.9524 
0.404733 0.360449 0.840399 -14.9019 0.320748 0.804686 -0.499603 14.9892 -0.856337 0.471762 0.21007 102.685 
0.44203 0.449016 0.776529 -13.2709 0.391238 0.682502 -0.617354 17.8538 -0.807183 0.576696 0.126014 104.826 
0.995282 -0.0134203 0.0960944 -6.37059 0.0192588 0.998008 -0.0600914 2.53111 -0.0950961 0.0616586 0.993558 2.45682 
0.951038 -0.109973 0.288851 -12.7488 0.0773635 0.98951 0.122015 -9.81511 -0.299238 -0.0936941 0.949569 17.466 
0.970377 -0.0665902 -0.232241 4.83143 0.0813973 0.995178 0.0547579 -7.62636 0.227474 -0.0720396 0.971118 -10.814 
0.9932 0.00138647 -0.116424 1.43678 -0.0013993 1 -2.70037e-05 -2.58884 0.116423 0.000189616 0.993201 -5.96086 
0.999708 -0.00825754 0.0227536 0.742686 0.0086532 0.999813 -0.0173561 -3.09228 -0.0226052 0.017548 0.999592 1.57297 
0.994665 0.0357537 0.0967675 -6.38302 -0.0333938 0.999107 -0.0259004 2.91528 -0.0976073 0.0225309 0.994971 2.48896 
0.906209 0.0909798 0.412928 -16.7821 -0.0433142 0.991414 -0.12338 8.30075 -0.420608 0.093922 0.902369 25.9778 
0.99137 0.0434489 -0.123691 -2.08457 -0.052567 0.99606 -0.0714334 6.93067 0.120099 0.0773189 0.989748 -5.38125 
0.989456 0.00227599 -0.144822 -2.1751 -0.00210033 0.999998 0.00136746 3.38503 0.144824 -0.00104877 0.989458 -7.5587 
0.999673 0.0118028 0.0227324 -3.17013 -0.0122219 0.999757 0.0183673 3.89282 -0.0225101 -0.018639 0.999574 1.54389 
0.990017 0.138893 -0.0239927 -0.202986 -0.13859 0.990253 0.0138857 -1.45574 0.0256874 -0.010422 0.999616 -0.657235 
0.984736 0.117305 0.128586 -5.50556 -0.12107 0.992404 0.0218316 -1.67171 -0.125048 -0.0370662 0.991458 -0.88449 
0.996124 -0.00042414 -0.0879649 0.286115 0.000437015 1 0.000127721 0.699003 0.0879649 -0.000165683 0.996124 2.16262 
1 -0.000431532 0.000343381 -0.00615623 0.000431512 1 0.000216 0.698542 -0.000343188 -0.000215855 1 0.549099 
0.878051 0.233995 0.417461 -29.5035 -0.281679 0.9579 0.0555363 -6.07476 -0.386891 -0.166353 0.906997 1.90948 
0.914029 0.0529122 0.402184 -28.0581 -0.0301561 0.997577 -0.0627087 4.73454 -0.404527 0.0451892 0.91341 1.26719 
0.525494 0.021605 0.850524 -57.5421 0.0249952 0.998854 -0.0408161 4.44532 -0.850431 0.0427076 0.524352 14.6985 
0.100757 -0.118564 0.987822 -70.149 0.0855528 0.990229 0.110126 -1.18809 -0.991226 0.0734149 0.109915 30.5632 
-0.105998 0.0798169 0.991158 -73.6367 0.0241511 0.996686 -0.0776793 4.37138 -0.994073 0.0157037 -0.107574 38.1143 
-0.101464 0.129345 0.986395 -73.4142 -0.100593 0.985097 -0.139522 3.57234 -0.989741 -0.113381 -0.0869406 37.632 
0.967476 -0.15286 -0.201554 10.7421 0.153548 0.988065 -0.012309 1.4133 0.20103 -0.0190395 0.9794 1.25386 
0.989387 -0.118237 0.0844584 0.909992 0.120728 0.992371 -0.025013 1.74232 -0.0808566 0.0349441 0.996113 -0.278309 
0.996136 0.000189283 -0.0878248 5.70599 -0.000209959 1 -0.000224897 -0.682732 0.0878247 0.000242495 0.996136 2.16058 
1 0.000202918 0.000515582 5.41339 -0.000202868 1 -0.000248404 -0.682504 -0.000515733 0.000248339 1 0.546577 
0.999876 -0.00027355 -0.0157329 -0.0434722 0.000273502 1 -5.17211e-06 0.000319414 0.0157329 8.68473e-07 0.999876 -0.92172 
0.999935 0.00289956 0.0110554 -1.68089 -0.00276177 0.999919 -0.0124582 0.772094 -0.0110906 0.0124268 0.999862 -0.816767 
0.999553 0.00618436 0.0292604 -2.78645 -0.00545539 0.999675 -0.0249278 1.57551 -0.029405 0.024757 0.999262 -0.494042 
0.999347 0.00948162 0.0348755 -3.12336 -0.00817838 0.99927 -0.037323 2.40566 -0.0352039 0.0370134 0.998696 -0.301793 
0.994232 0.0127145 0.106495 -7.28767 -0.00737675 0.998704 -0.0503669 3.16917 -0.106997 0.0492908 0.993038 2.84801 
0.94971 0.0820266 0.302198 -16.7516 -0.0617439 0.995188 -0.0760865 7.72152 -0.306985 0.0536012 0.950205 16.4427 
0.79265 0.0011798 0.609677 -28.0788 0.071677 0.992883 -0.0951098 0.958607 -0.60545 0.119089 0.786924 45.498 
0.625453 -0.00331428 0.780256 -29.7943 0.0665862 0.99657 -0.0491424 -2.13188 -0.777416 0.0826905 0.623528 68.9823 
0.634618 0.340521 0.693764 -23.4682 -0.115426 0.92939 -0.350589 35.0591 -0.764159 0.142411 0.629112 67.5937 
0.900769 0.00236786 0.434295 -16.8781 0.0829064 0.980659 -0.177302 5.80399 -0.426315 0.195714 0.88315 21.5937 
0.76535 -0.138545 0.628527 -21.842 0.467273 0.791171 -0.394597 -1.56863 -0.442602 0.595697 0.670262 36.1771 
0.349662 0.0708609 0.934194 -17.8193 0.7217 0.615452 -0.316811 -24.0867 -0.597401 0.784983 0.16406 84.6231 
0.659704 0.721218 0.211272 19.606 -0.654603 0.689546 -0.309876 67.225 -0.36917 0.0661274 0.927007 13.6369 
0.574345 0.7472 0.334397 15.7616 -0.613099 0.663307 -0.429109 73.8634 -0.542437 0.0414386 0.839075 32.9753 
0.451407 0.797828 0.399628 20.0597 -0.331567 0.56576 -0.754971 77.8978 -0.82843 0.208296 0.519922 80.0024 
0.428188 0.341877 0.836527 -19.4022 -0.0195889 0.928973 -0.369632 29.334 -0.903478 0.141885 0.404471 96.4148 
-0.229409 0.320354 0.919101 28.683 0.250106 0.93198 -0.262416 0.542215 -0.940649 0.169672 -0.293926 144.239 
0.453556 0.404335 0.79423 -14.5719 0.153315 0.84248 -0.516452 27.4222 -0.877943 0.356007 0.320121 92.5021 
0.317975 0.535114 0.782654 -2.57496 0.355063 0.698213 -0.621635 18.9205 -0.879104 0.475556 0.0320152 114.604 
0.385465 0.64392 0.660898 0.84691 0.428419 0.509472 -0.746256 22.0611 -0.817237 0.570796 -0.079484 117.732 
0.993272 0.0029445 0.11577 -7.74233 0.0037514 0.998335 -0.0575782 3.088 -0.115747 0.0576252 0.991607 3.29067 
0.943005 -0.110744 0.313814 -13.9063 0.0763768 0.989856 0.119806 -9.84302 -0.323898 -0.0890093 0.941897 18.7428 
0.966512 -0.0638058 -0.248566 4.92933 0.0780899 0.99579 0.0480262 -7.3717 0.244455 -0.0658285 0.967425 -11.8541 
0.988902 0.00150216 -0.148567 1.78213 -0.00146955 1 0.000330495 -2.58743 0.148567 -0.000108622 0.988904 -7.73033 
0.999712 -0.00812024 0.0226293 0.743747 0.00850754 0.999819 -0.0170823 -3.08647 -0.0224856 0.0172701 0.9996 1.57918 
0.992969 0.0224306 0.116236 -7.75665 -0.0174877 0.998906 -0.0433731 3.2196 -0.117082 0.0410355 0.992275 3.31308 
0.89102 0.0839624 0.446134 -18.0302 -0.0358099 0.992685 -0.115304 7.81155 -0.452551 0.0867621 0.887509 27.9101 
0.98873 0.0313174 -0.146406 -1.99298 -0.040976 0.997146 -0.0634275 6.23052 0.144001 0.0687118 0.98719 -6.80474 
0.985392 0.00172317 -0.170302 -1.84602 -0.00153205 0.999999 0.00125509 3.36091 0.170303 -0.000975752 0.985393 -8.95219 
0.999697 0.0113291 0.021901 -3.14834 -0.0117315 0.999764 0.0183128 3.87293 -0.0216883 -0.0185641 0.999594 1.5155 
0.989912 0.139346 -0.0256402 -0.249689 -0.139042 0.990197 0.0133248 -1.42237 0.0272456 -0.00962538 0.999583 -0.796181 
0.983432 0.11585 0.139433 -5.98905 -0.120037 0.992526 0.0219765 -1.65776 -0.135844 -0.0383495 0.989988 -1.01546 
0.994705 -0.000349598 -0.102776 0.324268 0.000366319 1 0.000144341 0.698725 0.102776 -0.00018124 0.994705 2.4374 
1 -0.000358464 0.000229759 -0.00263887 0.000358464 1 0.000234892 0.69821 -0.000229557 -0.000234813 1 0.552112 
0.906723 0.135835 0.399253 -28.2117 -0.185332 0.978736 0.0879107 -7.3851 -0.378823 -0.153705 0.912617 1.45507 
0.92025 -0.0905139 0.38072 -26.8873 0.0966061 0.995318 0.00312138 1.8129 -0.37922 0.0339074 0.924686 0.712606 
0.546015 -0.122306 0.8288 -56.1357 0.0995506 0.991749 0.080768 -2.20324 -0.83184 0.0384069 0.553686 13.0951 
0.105581 -0.260589 0.95966 -68.7067 0.182374 0.953759 0.238922 -7.80382 -0.977544 0.149791 0.148223 28.4925 
-0.0772877 -0.007031 0.996984 -72.9921 0.215919 0.976126 0.0236223 0.264758 -0.973348 0.217093 -0.0739243 36.3218 
-0.0418479 0.130372 0.990582 -72.1037 0.20161 0.972158 -0.11943 3.92001 -0.978572 0.194713 -0.0669672 36.0251 
0.967022 -0.153302 -0.203386 10.7054 0.154132 0.987979 -0.0118539 1.38699 0.202758 -0.0198851 0.979027 1.13673 
0.988571 -0.116917 0.0951779 0.437342 0.119803 0.992479 -0.0251764 1.73234 -0.0915185 0.0362913 0.995142 -0.416625 
0.994714 0.000146871 -0.102685 5.74687 -0.000168853 1 -0.000204277 -0.681767 0.102685 0.000220561 0.994714 2.4361 
1 0.000164927 0.000382637 5.41958 -0.000164918 1 -0.000226789 -0.6816 -0.000382775 0.000226766 1 0.549824 
