94 34 1.067 0.454545
0.999852 -0.0139036 -0.0101743 0.57542 0.0140184 0.999838 0.0112999 -3.70869 0.0100156 -0.0114407 0.999885 0.00184212 
0.999976 0.00178936 -0.00674538 0.0507718 -0.00133178 0.997737 0.0672393 -12.5942 0.00685041 -0.0672285 0.997714 0.275907 
0.999976 0.00178876 -0.00674539 0.050771 -0.00133116 0.997737 0.0672412 -12.5945 0.00685039 -0.0672303 0.997715 0.275855 
0.999317 -0.0181724 -0.0321949 2.9836 0.0181732 0.999836 -0.000267876 0.0247757 0.0321945 -0.000317441 0.999481 0.0479524 
0.951183 0.306435 0.0367579 -3.92524 -0.30676 0.951781 0.00342196 -3.35894 -0.0339369 -0.0145307 0.999319 -0.479968 
0.952104 0.304083 -0.032152 -0.551525 -0.302844 0.923203 -0.236606 8.35699 -0.0422651 0.23501 0.971074 1.33931 
0.999643 -0.0266911 0.00201921 -0.599911 0.0267505 0.998834 -0.0402139 8.94841 -0.000943496 0.0402535 0.99919 1.33355 
1 1.61024e-08 2.69285e-07 -2.48109e-05 -1.41129e-08 1 4.3509e-08 -8.93187e-08 -2.54751e-07 -7.42989e-08 1 -2.00005e-05 
0.999664 -0.0221913 -0.0134821 1.09808 0.0216849 0.999095 -0.0366163 3.69605 0.0142825 0.0363115 0.999238 0.0350119 
0.999664 -0.0221917 -0.0134822 1.09809 0.0216852 0.999095 -0.0366167 3.69609 0.0142826 0.0363119 0.999239 0.0349836 
0.990083 -0.0324893 0.136682 -20.9471 0.0389637 0.998229 -0.0449625 4.62245 -0.134979 0.0498422 0.989594 0.921855 
0.997225 -0.00924895 -0.0738869 9.92185 0.00621366 0.999132 -0.0412052 4.03189 0.0742039 0.0406317 0.996415 0.0744783 
0.368143 0.0326936 -0.929194 124.688 -0.34742 0.931829 -0.10486 6.74541 0.862422 0.361424 0.354404 111.304 
0.36736 -0.00964475 -0.930029 124.838 -0.222975 0.969873 -0.0981323 11.2363 0.902957 0.243423 0.354141 113.319 
0.999977 0.00178868 -0.00674572 0.0508249 -0.00133107 0.997737 0.0672404 -12.5944 0.00685071 -0.0672295 0.997714 0.275869 
0.17263 0.0319955 -0.984467 119.602 -0.0986766 0.995007 0.0150347 3.50235 0.980032 0.0945484 0.174925 143.747 
0.99134 -0.12813 -0.0288179 2.60074 0.128991 0.908706 0.39701 -37.7437 -0.024682 -0.397288 0.917362 8.01276 
0.990451 -0.115608 0.0751253 -2.51001 0.136512 0.898687 -0.416807 2.42614 -0.0193279 0.423082 0.905886 10.029 
0.979559 0.185986 0.0766532 -2.4263 -0.146225 0.920006 -0.363606 4.89992 -0.138147 0.344965 0.928394 11.0719 
0.416847 0.0898239 0.904528 -123.213 0.433258 0.855161 -0.284586 32.3216 -0.799079 0.510523 0.317554 114.241 
0.374121 0.178615 0.910017 -122.132 0.182156 0.94801 -0.260958 40.2209 -0.909315 0.263395 0.322134 118.745 
0.999977 0.00178867 -0.00674572 0.050829 -0.00133107 0.997737 0.0672405 -12.5944 0.0068507 -0.0672296 0.997714 0.275865 
-0.102425 -0.219583 0.970203 -100.473 0.0729853 0.971046 0.227478 -21.6287 -0.99206 0.0941094 -0.0834331 181.065 
0.999716 -0.0236518 0.00311304 -0.560479 0.023767 0.998725 -0.0445666 8.91582 -0.00205499 0.0446279 0.999002 1.37766 
0.979559 0.185986 0.0766555 -2.42631 -0.146228 0.920015 -0.36358 4.90004 -0.138145 0.344939 0.928404 11.0715 
-0.318426 -0.125266 0.939636 -77.8542 0.0262515 0.989687 0.140834 -5.20132 -0.947585 0.0695117 -0.311852 210.233 
-0.340441 -0.34568 0.874418 -71.6906 0.210615 0.878304 0.429215 -60.9258 -0.916375 0.330287 -0.226205 198.728 
-0.311177 -0.3825 0.86998 -73.7709 0.122689 0.891601 0.435888 -55.1833 -0.942401 0.242375 -0.230517 199.948 
-0.259914 -0.432875 0.863172 -77.5066 -0.0132248 0.895407 0.445057 -46.0992 -0.965543 0.104261 -0.238453 200.618 
-0.0142468 -0.323439 0.946142 -105.436 0.0473961 0.944958 0.323747 -33.8854 -0.998776 0.0494553 0.00186757 168.638 
-0.341989 -0.299813 0.890594 -70.8062 0.129461 0.923671 0.36066 -46.0093 -0.930745 0.238638 -0.27707 205.994 
-0.37122 -0.113847 0.92154 -70.8257 0.0204806 0.991211 0.130704 -3.2265 -0.92832 0.0673932 -0.365625 216.481 
-0.137276 -0.204278 0.969241 -97.7065 0.0642296 0.97461 0.214506 -19.0276 -0.988449 0.0916999 -0.120669 186.369 
-0.230154 -0.163652 0.959297 -88.1693 0.0431555 0.983074 0.178062 -12.0216 -0.972198 0.0823798 -0.219195 198.9 
-0.103147 -0.219299 0.970191 -101.164 0.0728123 0.971113 0.227248 -21.6629 -0.991998 0.094081 -0.0841985 181.568 
-0.166252 -0.194431 0.966726 -95.0849 0.0583097 0.976716 0.206467 -17.4378 -0.984359 0.0906943 -0.151043 190.351 
-0.406467 -0.287487 0.867259 -61.9579 0.105714 0.928035 0.35718 -43.4872 -0.90753 0.236863 -0.346823 214.067 
-0.393306 -0.292951 0.871489 -63.7398 0.111352 0.925726 0.361436 -44.5958 -0.912641 0.239196 -0.331473 212.358 
-0.0869695 -0.294109 0.951808 -99.8818 0.0230933 0.954577 0.297074 -27.9336 -0.995944 0.0478161 -0.0762261 179.587 
-0.174704 -0.258779 0.950007 -91.7875 -0.00332378 0.964996 0.262251 -20.636 -0.984616 0.0426579 -0.169448 191.792 
-0.445486 -0.225972 -0.866303 51.0038 -0.149194 0.972831 -0.177039 27.6179 0.882771 0.0503784 -0.467096 230.284 
0.35075 -0.814992 -0.461264 47.653 0.215096 0.5495 -0.807332 138.774 0.911432 0.183956 0.368038 112.172 
0.542041 -0.710459 -0.448823 61.3004 0.0919532 0.581025 -0.808675 130.369 0.835307 0.397064 0.380268 107.722 
0.6458 -0.62393 -0.440063 69.1332 0.0132775 0.585461 -0.810593 124.774 0.763392 0.517638 0.386375 103.18 
0.171508 0.088308 -0.981218 119.752 -0.043376 0.995687 0.0820284 -2.03405 0.984228 0.0284926 0.174598 143.283 
-0.431486 -0.0886738 -0.897751 57.7352 -0.269994 0.962237 0.0347237 -13.3011 0.86077 0.25737 -0.439133 226.936 
-0.499638 -0.220156 -0.837791 42.3536 -0.159247 0.974025 -0.160985 24.4921 0.851471 0.0529814 -0.521719 236.011 
-0.729505 -0.343313 -0.591573 -13.3084 -0.231828 0.937818 -0.25837 32.5377 0.643489 -0.051339 -0.763732 253.488 
-0.905653 -0.413292 0.0947864 -127.975 -0.422169 0.857998 -0.292601 21.1153 0.0396029 -0.30501 -0.951526 228.729 
-0.72001 -0.304337 -0.623671 -8.00735 -0.218439 0.952417 -0.212577 27.0106 0.65869 -0.0168234 -0.752227 253.402 
-0.884304 -0.373926 0.279621 -153.197 -0.438745 0.870328 -0.223682 9.41127 -0.159721 -0.320485 -0.933691 208.335 
-0.875893 -0.253071 -0.410814 -52.1657 -0.266531 0.963496 -0.025266 -4.19764 0.402211 0.0873643 -0.91137 256.577 
-0.915325 -0.271132 0.297774 -158.234 -0.30973 0.946535 -0.0902302 1.38114 -0.257388 -0.174819 -0.950363 203.81 
0.2613 0.122349 -0.957473 124 -0.051586 0.992288 0.112719 -7.2432 0.963879 0.0199382 0.265596 128.182 
0.0206137 0.0309125 -0.99931 108.905 -0.0361568 0.998892 0.0301536 6.09995 0.999134 0.0355099 0.0217081 166.688 
0.999976 0.00178871 -0.00674562 0.050809 -0.00133099 0.997737 0.0672412 -12.5945 0.00685062 -0.0672306 0.997715 0.275916 
0.999976 0.00178844 -0.00674509 0.0507225 -0.00133086 0.997737 0.067243 -12.5948 0.00685005 -0.0672323 0.997714 0.275947 
0.999976 0.00178855 -0.00674586 0.0508476 -0.00133094 0.997737 0.0672402 -12.5943 0.00685056 -0.0672296 0.997714 0.275912 
0.999976 0.00178921 -0.00674532 0.0507697 -0.00133157 0.997737 0.0672409 -12.5944 0.00685019 -0.0672302 0.997714 0.275897 
0.999976 0.00178882 -0.00674654 0.0509682 -0.001331 0.997737 0.0672403 -12.5943 0.00685133 -0.0672297 0.997715 0.275863 
0.999976 0.00178868 -0.00674529 0.0507623 -0.00133115 0.997736 0.0672404 -12.5944 0.00685055 -0.0672299 0.997714 0.275923 
0.999977 0.00178949 -0.00674573 0.050836 -0.00133185 0.997737 0.0672436 -12.5949 0.00685098 -0.0672329 0.997715 0.275798 
0.999976 0.00178897 -0.00674522 0.0507477 -0.00133141 0.997737 0.0672406 -12.5944 0.00685011 -0.06723 0.997714 0.27592 
0.999976 0.00178828 -0.00674583 0.0508535 -0.00133044 0.997736 0.0672411 -12.5945 0.00685058 -0.0672302 0.997714 0.275953 
0.999977 0.00178865 -0.00674665 0.0509718 -0.00133095 0.997737 0.0672398 -12.5943 0.00685171 -0.0672292 0.997715 0.275802 
0.999976 0.00178887 -0.00674527 0.0507555 -0.00133111 0.997737 0.0672395 -12.5942 0.00685045 -0.0672292 0.997714 0.275884 
0.999976 0.00178916 -0.00674585 0.0508562 -0.00133156 0.997737 0.0672395 -12.5942 0.00685086 -0.0672291 0.997714 0.275934 
0.999976 0.00178863 -0.00674567 0.0508221 -0.00133103 0.997737 0.0672391 -12.5942 0.00685067 -0.0672284 0.997715 0.275878 
0.999977 0.00178853 -0.00674555 0.0507984 -0.00133086 0.997737 0.067241 -12.5944 0.00685077 -0.0672302 0.997715 0.275889 
0.999976 0.00178835 -0.00674473 0.050665 -0.00133094 0.997736 0.0672408 -12.5944 0.00684985 -0.0672302 0.997714 0.275911 
0.999976 0.00178829 -0.0067456 0.050805 -0.00133062 0.997737 0.0672402 -12.5943 0.00685028 -0.0672297 0.997714 0.275905 
0.999977 0.00178835 -0.00674582 0.05084 -0.00133075 0.997737 0.0672402 -12.5943 0.00685079 -0.0672296 0.997715 0.275724 
0.999976 0.00178944 -0.00674482 0.0506867 -0.00133195 0.997736 0.0672418 -12.5946 0.00684995 -0.0672311 0.997714 0.275857 
0.999976 0.00178954 -0.00674439 0.0506163 -0.00133203 0.997736 0.0672408 -12.5944 0.0068497 -0.0672301 0.997714 0.275932 
0.999976 0.00178837 -0.00674559 0.0508085 -0.00133094 0.997736 0.0672399 -12.5943 0.00685046 -0.0672294 0.997714 0.275876 
0.999976 0.00178919 -0.00674585 0.0508506 -0.00133159 0.997737 0.0672398 -12.5943 0.00685086 -0.0672294 0.997714 0.275924 
0.999976 0.0017886 -0.00674565 0.0508122 -0.001331 0.997737 0.0672404 -12.5944 0.00685064 -0.0672297 0.997714 0.275864 
0.999317 -0.0181724 -0.0321949 2.9836 0.0181732 0.999836 -0.000267876 0.0247757 0.0321945 -0.000317441 0.999481 0.0479524 
0.951183 0.306435 0.0367579 -3.92524 -0.30676 0.951781 0.00342196 -3.35894 -0.0339369 -0.0145307 0.999319 -0.479968 
0.999664 -0.0221913 -0.0134821 1.09808 0.0216849 0.999095 -0.0366163 3.69605 0.0142825 0.0363115 0.999238 0.0350119 
0.99134 -0.12813 -0.0288179 2.60074 0.128991 0.908706 0.39701 -37.7437 -0.024682 -0.397288 0.917362 8.01276 
1 1.61024e-08 2.69285e-07 -2.48109e-05 -1.41129e-08 1 4.3509e-08 -8.93187e-08 -2.54751e-07 -7.42989e-08 1 -2.00005e-05 
0.952104 0.304083 -0.032152 -0.551525 -0.302844 0.923203 -0.236606 8.35699 -0.0422651 0.23501 0.971074 1.33931 
0.990451 -0.115608 0.0751253 -2.51001 0.136512 0.898687 -0.416807 2.42614 -0.0193279 0.423082 0.905886 10.029 
0.999643 -0.0266911 0.00201921 -0.599911 0.0267505 0.998834 -0.0402139 8.94841 -0.000943496 0.0402535 0.99919 1.33355 
0.979559 0.185986 0.0766532 -2.4263 -0.146225 0.920006 -0.363606 4.89992 -0.138147 0.344965 0.928394 11.0719 
0.999716 -0.0236518 0.00311304 -0.560479 0.023767 0.998725 -0.0445666 8.91582 -0.00205499 0.0446279 0.999002 1.37766 
0.999664 -0.0221917 -0.0134822 1.09809 0.0216852 0.999095 -0.0366167 3.69609 0.0142826 0.0363119 0.999239 0.0349836 
0.979559 0.185986 0.0766555 -2.42631 -0.146228 0.920015 -0.36358 4.90004 -0.138145 0.344939 0.928404 11.0715 
0.999976 0.00178936 -0.00674538 0.0507718 -0.00133178 0.997737 0.0672393 -12.5942 0.00685041 -0.0672285 0.997714 0.275907 
0.999664 -0.0221917 -0.0134822 1.09809 0.0216852 0.999095 -0.0366167 3.69609 0.0142826 0.0363119 0.999239 0.0349836 
0.999852 -0.0139036 -0.0101743 0.57542 0.0140184 0.999838 0.0112999 -3.70869 0.0100156 -0.0114407 0.999885 0.00184212 
0.990083 -0.0324893 0.136682 -20.9471 0.0389637 0.998229 -0.0449625 4.62245 -0.134979 0.0498422 0.989594 0.921855 
0.997225 -0.00924895 -0.0738869 9.92185 0.00621366 0.999132 -0.0412052 4.03189 0.0742039 0.0406317 0.996415 0.0744783 
0.99993 -0.0115035 -0.00303706 0.129835 0.0115254 0.999907 0.00728908 -3.25837 0.00295292 -0.00732351 0.999969 -0.32453 
0.999976 0.00251813 -0.00652953 0.703391 -0.00209778 0.997974 0.063603 -12.2043 0.00667644 -0.0635875 0.997954 -0.0804871 
0.999976 0.00251754 -0.00652954 0.703388 -0.00209717 0.997974 0.0636047 -12.2046 0.00667643 -0.0635892 0.997954 -0.0805165 
0.999423 0.0128283 -0.0314818 2.91147 -0.0129051 0.999915 -0.00223516 0.401166 0.0314505 0.0026401 0.999502 -0.256911 
0.951095 0.306136 0.0412554 -4.34968 -0.304574 0.951645 -0.0400871 1.19748 -0.0515326 0.0255613 0.998345 -0.851273 
0.95214 0.303443 -0.0368151 -0.527527 -0.299584 0.902485 -0.30947 14.3164 -0.0606812 0.305687 0.950197 1.99687 
0.999344 -0.0306789 -0.0192884 -0.371498 0.0292955 0.997235 -0.068307 14.345 0.0213306 0.067697 0.997478 2.11829 
0.997597 0.0692925 -0.000348139 0.0226797 -0.0692933 0.997586 -0.00459592 0.620203 2.88513e-05 0.00460897 0.999989 -0.302175 
0.999939 -0.00721652 -0.00849208 0.641384 0.00683507 0.999003 -0.0441213 4.61683 0.00880203 0.0440605 0.99899 -0.245562 
0.999306 -0.0372722 0.000484085 -0.379676 0.0372591 0.998405 -0.0424349 4.41583 0.00109831 0.0424234 0.999099 -0.25568 
0.987457 -0.0473719 0.150619 -22.4227 0.0552223 0.997302 -0.0483701 4.9906 -0.147921 0.0560809 0.987408 0.930097 
0.997872 -0.0266277 -0.0595403 8.39865 0.023775 0.99856 -0.048117 4.90566 0.0607358 0.046599 0.997066 -0.332703 
0.356641 0.0594537 -0.932348 125.325 -0.360695 0.929357 -0.0787098 2.2108 0.861805 0.364365 0.352891 111.46 
0.359444 0.0184078 -0.932985 125.603 -0.236405 0.968987 -0.0719598 6.68918 0.902726 0.246428 0.352648 113.489 
0.999976 0.00251745 -0.00652988 0.703442 -0.00209707 0.997974 0.063604 -12.2045 0.00667674 -0.0635886 0.997954 -0.0805217 
0.16833 0.060969 -0.983844 120.102 -0.106699 0.993349 0.0433023 -0.981753 0.97994 0.0976859 0.173715 143.886 
0.992384 -0.1206 -0.0251451 2.25037 0.118994 0.88554 0.449067 -42.6068 -0.0318905 -0.448638 0.893145 10.0248 
0.991661 -0.116437 0.0552524 -1.71244 0.12572 0.968301 -0.215844 -9.62624 -0.0283689 0.22099 0.974864 7.1725 
0.98363 0.178024 0.0279572 -1.28328 -0.169597 0.966958 -0.190343 -6.64759 -0.060919 0.182485 0.98132 7.45547 
0.403936 0.0887891 0.910469 -123.329 0.466037 0.836466 -0.288332 32.5364 -0.787177 0.54078 0.296499 116.393 
0.376681 0.150304 0.914069 -122.657 0.293941 0.916362 -0.271812 37.8917 -0.878471 0.371068 0.300995 119.998 
0.999977 0.00251745 -0.00652988 0.703443 -0.00209707 0.997974 0.0636042 -12.2045 0.00667674 -0.0635886 0.997954 -0.0805166 
-0.107709 -0.229891 0.967239 -99.3262 0.195382 0.949032 0.24732 -28.9989 -0.974796 0.215619 -0.057303 176.623 
0.999471 -0.0283023 -0.0160853 -0.342828 0.0272755 0.997777 -0.0608178 14.3177 0.0177709 0.0603468 0.99802 1.97705 
0.983701 0.177739 0.0272499 -1.28665 -0.168825 0.965078 -0.200312 -6.66398 -0.0619014 0.192447 0.979354 7.60168 
-0.322976 -0.135898 0.9366 -76.7593 0.140959 0.971693 0.189597 -16.0911 -0.935852 0.193257 -0.294677 207.549 
-0.34689 -0.353885 0.868582 -70.0313 0.3197 0.826012 0.464219 -69.8625 -0.881738 0.438718 -0.173398 189.138 
-0.316772 -0.391246 0.864051 -72.1695 0.236066 0.84978 0.471328 -64.3423 -0.918657 0.353276 -0.176826 191.074 
-0.264113 -0.442284 0.857107 -76.0024 0.104718 0.870259 0.481338 -55.4571 -0.958791 0.216882 -0.183531 192.887 
-0.0192844 -0.333652 0.9425 -104.21 0.171855 0.92754 0.331872 -39.6605 -0.984935 0.168372 0.039453 162.775 
-0.347604 -0.308937 0.885286 -69.2792 0.24097 0.883018 0.402761 -55.9634 -0.90615 0.353328 -0.232495 198.212 
-0.375616 -0.124506 0.918375 -69.7248 0.132213 0.973602 0.186068 -14.8327 -0.917298 0.19131 -0.349239 213.973 
-0.142445 -0.214637 0.966252 -96.565 0.185842 0.953047 0.2391 -27.0502 -0.972201 0.213628 -0.0958669 182.202 
-0.235009 -0.17415 0.956266 -87.0494 0.161828 0.963079 0.215161 -21.558 -0.958428 0.205315 -0.198149 195.483 
-0.108429 -0.229607 0.967226 -100.015 0.195194 0.949105 0.247187 -29.1038 -0.974753 0.215599 -0.0580913 177.121 
-0.171334 -0.204818 0.963689 -93.9431 0.179122 0.955375 0.234897 -25.9412 -0.968794 0.212863 -0.127001 186.344 
-0.41171 -0.296669 0.861676 -60.4229 0.213762 0.887713 0.407768 -54.3696 -0.885891 0.352075 -0.302063 206.51 
-0.398636 -0.302096 0.865928 -62.2001 0.220146 0.885067 0.410118 -55.276 -0.890296 0.354117 -0.286313 204.681 
-0.09172 -0.304438 0.948107 -98.6722 0.14655 0.937627 0.31525 -35.0619 -0.984943 0.16786 -0.0413827 174.366 
-0.179105 -0.26925 0.946271 -90.6041 0.117912 0.949017 0.292348 -29.2562 -0.976739 0.163937 -0.138225 187.363 
-0.450866 -0.197476 -0.870474 52.1208 -0.138805 0.978868 -0.150172 24.865 0.881734 0.0531182 -0.468749 230.411 
0.35565 -0.798813 -0.485193 52.1855 0.201936 0.572548 -0.794614 136.434 0.912544 0.184626 0.364935 112.64 
0.543358 -0.693694 -0.472813 65.5871 0.0734819 0.600345 -0.796358 127.647 0.836279 0.397965 0.377176 108.182 
0.644869 -0.607237 -0.464121 73.259 -0.00797526 0.601876 -0.798551 121.839 0.764252 0.518662 0.383288 103.632 
0.168821 0.117367 -0.978634 120.09 -0.0514022 0.992583 0.110173 -6.51871 0.984306 0.0317044 0.173602 143.405 
-0.440377 -0.0608299 -0.89575 57.6565 -0.259895 0.963624 0.0623325 -16.223 0.859374 0.26025 -0.440167 226.943 
-0.505246 -0.191632 -0.84143 43.375 -0.147173 0.979884 -0.134792 21.9761 0.850334 0.0557324 -0.523285 236.116 
-0.736855 -0.315652 -0.597837 -12.0515 -0.212356 0.947617 -0.238597 31.5935 0.641834 -0.0488572 -0.765286 253.548 
-0.917672 -0.387591 0.0874826 -126.969 -0.395602 0.870659 -0.292323 23.6081 0.0371341 -0.302865 -0.95231 228.607 
-0.726992 -0.276314 -0.628597 -6.91433 -0.199297 0.960963 -0.19192 25.9139 0.657088 -0.0142466 -0.75368 253.451 
-0.896545 -0.34786 0.27423 -152.495 -0.412184 0.88188 -0.228898 12.7099 -0.162213 -0.318251 -0.934026 208.145 
-0.883866 -0.224887 -0.410132 -51.9713 -0.242018 0.970217 -0.0104304 -3.99821 0.400263 0.0900402 -0.911967 256.472 
-0.923644 -0.243079 0.296303 -157.759 -0.282017 0.954597 -0.0959845 4.8446 -0.259518 -0.172218 -0.950259 203.588 
0.258362 0.151306 -0.954126 124.205 -0.062174 0.988216 0.139876 -11.8035 0.964046 0.0231828 0.264725 128.293 
0.0181829 0.0600808 -0.998028 109.455 -0.0398159 0.997445 0.0593201 1.85723 0.999042 0.0386584 0.0205281 166.821 
0.999976 0.00251749 -0.00652977 0.703423 -0.00209699 0.997974 0.0636048 -12.2046 0.00667665 -0.0635895 0.997954 -0.0804672 
0.999976 0.0025176 -0.00652931 0.703352 -0.00209723 0.997974 0.0636083 -12.2052 0.00667619 -0.063593 0.997954 -0.0804716 
0.999976 0.00251724 -0.0065299 0.703444 -0.00209687 0.997974 0.0636038 -12.2044 0.00667648 -0.0635885 0.997954 -0.0805048 
0.999976 0.00251724 -0.00652984 0.703434 -0.0020968 0.997974 0.0636046 -12.2046 0.00667655 -0.0635893 0.997954 -0.0805132 
0.999976 0.00251749 -0.00653051 0.703553 -0.00209691 0.997974 0.0636043 -12.2045 0.00667718 -0.063589 0.997954 -0.0805457 
0.999976 0.00251745 -0.00652944 0.703376 -0.00209715 0.997973 0.0636041 -12.2045 0.00667658 -0.0635889 0.997954 -0.0804666 
0.999977 0.002518 -0.00652969 0.703417 -0.00209761 0.997974 0.0636056 -12.2047 0.00667681 -0.0635903 0.997954 -0.0805842 
0.999976 0.00251749 -0.00652872 0.703252 -0.00209719 0.997974 0.0636042 -12.2045 0.00667548 -0.063589 0.997954 -0.0804649 
0.999976 0.0025171 -0.00652993 0.703457 -0.00209648 0.997973 0.0636047 -12.2046 0.00667656 -0.0635893 0.997954 -0.0804412 
0.999976 0.00251683 -0.00653082 0.70358 -0.00209633 0.997974 0.0636055 -12.2047 0.00667773 -0.0635902 0.997955 -0.0806147 
0.999976 0.00251764 -0.00652937 0.70336 -0.0020971 0.997974 0.0636032 -12.2044 0.00667644 -0.0635883 0.997954 -0.080515 
0.999976 0.00251794 -0.00653 0.703466 -0.00209757 0.997974 0.0636031 -12.2043 0.00667689 -0.0635881 0.997954 -0.0804457 
0.999976 0.00251741 -0.00652982 0.703432 -0.00209704 0.997974 0.0636027 -12.2043 0.0066767 -0.0635875 0.997955 -0.0804949 
0.999977 0.00251716 -0.0065299 0.703444 -0.0020967 0.997975 0.0636047 -12.2046 0.006677 -0.0635893 0.997954 -0.080547 
0.999976 0.00251663 -0.00652889 0.703277 -0.00209645 0.997974 0.0636036 -12.2044 0.00667587 -0.0635883 0.997954 -0.0805735 
0.999976 0.00251768 -0.00652987 0.703448 -0.00209723 0.997974 0.0636038 -12.2045 0.00667648 -0.0635887 0.997954 -0.0805253 
0.999977 0.00251726 -0.00653083 0.703597 -0.00209683 0.997974 0.0636039 -12.2045 0.00667769 -0.0635886 0.997955 -0.0806929 
0.999976 0.00251772 -0.00652918 0.703332 -0.00209745 0.997974 0.0636046 -12.2046 0.00667616 -0.0635892 0.997954 -0.0805495 
0.999976 0.00251782 -0.00652886 0.703277 -0.00209751 0.997974 0.0636052 -12.2047 0.00667602 -0.0635898 0.997954 -0.0805231 
0.999976 0.00251707 -0.00652973 0.703423 -0.00209686 0.997973 0.0636036 -12.2044 0.00667648 -0.0635885 0.997954 -0.0805863 
0.999976 0.00251797 -0.00653 0.70347 -0.00209759 0.997974 0.0636035 -12.2044 0.00667689 -0.0635885 0.997954 -0.0804475 
0.999976 0.00251738 -0.0065298 0.703432 -0.00209701 0.997974 0.0636041 -12.2045 0.00667668 -0.0635888 0.997954 -0.0805317 
0.999423 0.0128283 -0.0314818 2.91147 -0.0129051 0.999915 -0.00223516 0.401166 0.0314505 0.0026401 0.999502 -0.256911 
0.951095 0.306136 0.0412554 -4.34968 -0.304574 0.951645 -0.0400871 1.19748 -0.0515326 0.0255613 0.998345 -0.851273 
0.999939 -0.00721652 -0.00849208 0.641384 0.00683507 0.999003 -0.0441213 4.61683 0.00880203 0.0440605 0.99899 -0.245562 
0.992384 -0.1206 -0.0251451 2.25037 0.118994 0.88554 0.449067 -42.6068 -0.0318905 -0.448638 0.893145 10.0248 
0.997597 0.0692925 -0.000348139 0.0226797 -0.0692933 0.997586 -0.00459592 0.620203 2.88513e-05 0.00460897 0.999989 -0.302175 
0.95214 0.303443 -0.0368151 -0.527527 -0.299584 0.902485 -0.30947 14.3164 -0.0606812 0.305687 0.950197 1.99687 
0.991661 -0.116437 0.0552524 -1.71244 0.12572 0.968301 -0.215844 -9.62624 -0.0283689 0.22099 0.974864 7.1725 
0.999344 -0.0306789 -0.0192884 -0.371498 0.0292955 0.997235 -0.068307 14.345 0.0213306 0.067697 0.997478 2.11829 
0.98363 0.178024 0.0279572 -1.28328 -0.169597 0.966958 -0.190343 -6.64759 -0.060919 0.182485 0.98132 7.45547 
0.999471 -0.0283023 -0.0160853 -0.342828 0.0272755 0.997777 -0.0608178 14.3177 0.0177709 0.0603468 0.99802 1.97705 
0.999306 -0.0372722 0.000484085 -0.379676 0.0372591 0.998405 -0.0424349 4.41583 0.00109831 0.0424234 0.999099 -0.25568 
0.983701 0.177739 0.0272499 -1.28665 -0.168825 0.965078 -0.200312 -6.66398 -0.0619014 0.192447 0.979354 7.60168 
0.999976 0.00251813 -0.00652953 0.703391 -0.00209778 0.997974 0.063603 -12.2043 0.00667644 -0.0635875 0.997954 -0.0804871 
0.999306 -0.0372722 0.000484085 -0.379676 0.0372591 0.998405 -0.0424349 4.41583 0.00109831 0.0424234 0.999099 -0.25568 
0.99993 -0.0115035 -0.00303706 0.129835 0.0115254 0.999907 0.00728908 -3.25837 0.00295292 -0.00732351 0.999969 -0.32453 
0.987457 -0.0473719 0.150619 -22.4227 0.0552223 0.997302 -0.0483701 4.9906 -0.147921 0.0560809 0.987408 0.930097 
0.997872 -0.0266277 -0.0595403 8.39865 0.023775 0.99856 -0.048117 4.90566 0.0607358 0.046599 0.997066 -0.332703 
0.999935 -0.010913 0.00332306 -0.215213 0.0109042 0.999937 0.00264093 -2.77207 -0.00335168 -0.00260445 0.999991 -0.749509 
0.999975 0.00161907 -0.00696838 1.43727 -0.00120238 0.998235 0.0593918 -11.7881 0.00705222 -0.0593817 0.99821 -0.547976 
0.999975 0.00161848 -0.00696838 1.43727 -0.00120176 0.998235 0.0593936 -11.7885 0.00705221 -0.0593835 0.998211 -0.547963 
0.998669 0.0411987 -0.0310526 2.89078 -0.0413604 0.999135 -0.00458537 0.781169 0.0308368 0.00586356 0.999507 -0.65738 
0.950198 0.308333 0.0453544 -4.71232 -0.303684 0.948745 -0.0875274 6.04382 -0.0700173 0.0693949 0.99513 -1.12113 
0.95136 0.305302 -0.0413349 -0.468285 -0.297594 0.875929 -0.379721 20.2397 -0.0797231 0.373552 0.924178 2.88671 
0.99873 -0.0323815 -0.0386328 -0.126033 0.0284759 0.994812 -0.0976757 19.7356 0.0415952 0.0964514 0.994469 3.07528 
0.990824 0.135159 -0.00114438 0.1121 -0.135164 0.99078 -0.00936575 1.22498 -0.00013202 0.00943446 0.999955 -0.699163 
0.999975 0.00576792 -0.00415279 0.271124 -0.00597632 0.998627 -0.0520552 5.54347 0.00384686 0.0520787 0.998636 -0.61276 
0.998461 -0.0537542 0.0136668 -1.75621 0.0543604 0.997332 -0.0487291 5.14728 -0.011011 0.0493971 0.998719 -0.61788 
0.98445 -0.0636625 0.163726 -23.7899 0.0730589 0.995971 -0.0520188 5.33756 -0.159755 0.0631715 0.985134 0.843844 
0.997956 -0.0444566 -0.045937 6.96822 0.0418853 0.997581 -0.0554978 5.79478 0.0482931 0.0534602 0.997402 -0.801404 
0.345993 0.0821843 -0.934631 125.857 -0.372426 0.926346 -0.0564132 -1.81103 0.861156 0.3676 0.351116 111.53 
0.351851 0.0423486 -0.935098 126.245 -0.248383 0.96739 -0.0496485 2.65214 0.902501 0.249731 0.350895 113.574 
0.999975 0.00161839 -0.00696873 1.43732 -0.00120167 0.998235 0.0593928 -11.7883 0.00705253 -0.0593827 0.998211 -0.54797 
0.163928 0.0857617 -0.982738 120.501 -0.11417 0.99117 0.067453 -4.97944 0.979844 0.101141 0.172271 143.936 
0.993063 -0.115765 -0.0206666 1.8465 0.110796 0.862188 0.494324 -46.8622 -0.0394068 -0.493184 0.869032 11.9349 
0.992505 -0.115773 0.0391365 -1.10669 0.116361 0.993122 -0.0130856 -21.5741 -0.0373523 0.0175416 0.999149 6.41186 
0.985239 0.170578 -0.0144355 -0.341851 -0.170722 0.985275 -0.00937081 -18.4024 0.0126245 0.0116969 0.999853 5.84251 
0.38976 0.0841954 0.91706 -123.526 0.500282 0.816703 -0.287606 32.0257 -0.77318 0.570885 0.276196 118.313 
0.375169 0.12074 0.91906 -123.179 0.398986 0.873904 -0.277677 35.1412 -0.836696 0.470867 0.279688 120.756 
0.999975 0.00161838 -0.00696873 1.43733 -0.00120166 0.998235 0.059393 -11.7884 0.00705252 -0.0593828 0.998211 -0.54797 
-0.117552 -0.242344 0.963044 -97.8401 0.309696 0.912458 0.267416 -36.0493 -0.943542 0.329685 -0.0322078 171.601 
0.999045 -0.0289895 -0.0327263 -0.0851336 0.0264366 0.996765 -0.0759123 19.7084 0.0348211 0.0749745 0.996578 2.7066 
0.985481 0.169059 -0.0157539 -0.362406 -0.169479 0.985052 -0.0308537 -18.3824 0.0103024 0.0330756 0.9994 6.15219 
-0.331707 -0.148858 0.931565 -75.2459 0.24764 0.939105 0.238241 -26.6121 -0.910301 0.309718 -0.274643 203.737 
-0.357872 -0.362908 0.860365 -67.8558 0.418167 0.761546 0.495163 -77.6629 -0.834905 0.53698 -0.120779 178.942 
-0.326786 -0.401227 0.855705 -70.0614 0.340068 0.794851 0.502562 -72.4502 -0.881798 0.455227 -0.123301 181.541 
-0.272479 -0.453536 0.848565 -74.0122 0.215346 0.830818 0.513198 -63.9087 -0.937755 0.32257 -0.128713 184.432 
-0.0288631 -0.346112 0.93775 -102.665 0.288938 0.895206 0.339301 -45.0396 -0.956914 0.280744 0.0741665 156.595 
-0.357597 -0.31942 0.877552 -67.2443 0.34295 0.829116 0.441538 -64.9482 -0.868627 0.458848 -0.186943 189.621 
-0.384077 -0.137511 0.913005 -68.1851 0.235906 0.941412 0.241028 -26.0277 -0.892656 0.307956 -0.329135 210.228 
-0.152123 -0.227166 0.961903 -95.0682 0.299374 0.91692 0.263888 -34.7443 -0.941932 0.328111 -0.0714757 177.36 
-0.244221 -0.186892 0.951541 -85.5401 0.272441 0.928509 0.252292 -30.7449 -0.930663 0.320853 -0.175843 191.155 
-0.118268 -0.242062 0.963027 -98.5233 0.309493 0.912538 0.267379 -36.224 -0.943519 0.329672 -0.0330063 172.086 
-0.180885 -0.217388 0.95918 -92.4335 0.291845 0.919476 0.263427 -34.1017 -0.939207 0.327581 -0.102875 181.591 
-0.421147 -0.307231 0.853374 -58.3534 0.312507 0.834117 0.454523 -64.2283 -0.851456 0.458105 -0.255273 198.004 
-0.4082 -0.312604 0.857703 -60.1301 0.319577 0.83116 0.455024 -64.9352 -0.855129 0.459842 -0.239378 196.088 
-0.100915 -0.317054 0.943024 -97.1127 0.262697 0.905733 0.332628 -41.7854 -0.959588 0.281296 -0.00811218 168.626 
-0.187806 -0.282067 0.940834 -89.0386 0.231924 0.918058 0.321534 -37.463 -0.954432 0.278588 -0.106998 182.185 
-0.455712 -0.17289 -0.873176 53.0441 -0.130364 0.983343 -0.126666 22.2799 0.88053 0.0561074 -0.470659 230.437 
0.359063 -0.784477 -0.50564 56.1144 0.189879 0.591839 -0.783373 134.205 0.913795 0.185269 0.361463 113.045 
0.543612 -0.679054 -0.493329 69.2984 0.0570004 0.616271 -0.78547 125.098 0.8374 0.39887 0.373718 108.579 
0.643164 -0.592792 -0.484705 76.8296 -0.0267432 0.615223 -0.7879 119.115 0.765262 0.519712 0.379836 104.022 
0.165801 0.142235 -0.975848 120.351 -0.0589178 0.989206 0.134171 -10.5127 0.984398 0.0352489 0.172392 143.436 
-0.448233 -0.0370222 -0.89315 57.5508 -0.251604 0.963975 0.086311 -18.9225 0.857778 0.263407 -0.4414 226.84 
-0.510232 -0.167026 -0.843662 44.2187 -0.137257 0.984202 -0.111839 19.5929 0.849014 0.0587345 -0.525097 236.119 
-0.743052 -0.291641 -0.602346 -10.978 -0.195898 0.955414 -0.220929 30.5431 0.639921 -0.0461639 -0.767053 253.493 
-0.927391 -0.36506 0.0817235 -126.017 -0.372518 0.881139 -0.29125 25.5337 0.0343139 -0.300546 -0.95315 228.34 
-0.73289 -0.252038 -0.631942 -5.98514 -0.183142 0.967651 -0.173532 24.7364 0.655235 -0.0114448 -0.755339 253.385 
-0.906349 -0.325033 0.269976 -151.775 -0.388961 0.891407 -0.232604 15.3494 -0.165054 -0.31583 -0.93435 207.8 
-0.890351 -0.200572 -0.408714 -51.7851 -0.221046 0.97526 0.00293264 -4.04295 0.398014 0.0929556 -0.912659 256.233 
-0.930001 -0.218705 0.295411 -157.227 -0.257829 0.960979 -0.100234 7.63423 -0.261962 -0.169383 -0.950098 203.208 
0.255078 0.176067 -0.950756 124.357 -0.0718705 0.984015 0.162944 -15.8488 0.964246 0.0267675 0.263654 128.313 
0.0154772 0.085077 -0.996254 109.889 -0.0435956 0.995484 0.0843337 -1.95012 0.99893 0.0421267 0.0191158 166.863 
0.999975 0.00161842 -0.00696862 1.4373 -0.00120159 0.998235 0.0593937 -11.7885 0.00705243 -0.0593837 0.998211 -0.547935 
0.999975 0.00161833 -0.00696832 1.43726 -0.00120163 0.998235 0.0593931 -11.7884 0.00705211 -0.0593832 0.99821 -0.547952 
0.999975 0.0016181 -0.00696864 1.43731 -0.00120138 0.998235 0.0593927 -11.7883 0.00705215 -0.0593827 0.998211 -0.547985 
0.999975 0.00161826 -0.00696898 1.43736 -0.00120146 0.998235 0.0593933 -11.7884 0.00705263 -0.0593833 0.998211 -0.547994 
0.999975 0.00161847 -0.00696904 1.43738 -0.00120157 0.998235 0.0593927 -11.7883 0.00705264 -0.0593828 0.998211 -0.548054 
0.999975 0.00161839 -0.00696829 1.43726 -0.00120174 0.998234 0.0593929 -11.7884 0.00705237 -0.059383 0.99821 -0.547922 
0.999976 0.00161854 -0.00696834 1.43726 -0.00120184 0.998235 0.0593921 -11.7882 0.00705235 -0.0593822 0.998211 -0.548053 
0.999975 0.00161842 -0.00696763 1.43714 -0.00120178 0.998235 0.059393 -11.7884 0.00705131 -0.0593832 0.99821 -0.547941 
0.999975 0.00161797 -0.00696868 1.43732 -0.00120101 0.998234 0.0593939 -11.7885 0.00705225 -0.0593838 0.99821 -0.547891 
0.999975 0.00161763 -0.00696992 1.4375 -0.00120078 0.998235 0.0593944 -11.7886 0.00705375 -0.0593845 0.998211 -0.548102 
0.999975 0.00161868 -0.00696819 1.43724 -0.0012018 0.998235 0.0593918 -11.7882 0.00705219 -0.0593822 0.998211 -0.548007 
0.999975 0.00161888 -0.00696885 1.43735 -0.00120216 0.998235 0.0593919 -11.7882 0.00705267 -0.0593823 0.99821 -0.547913 
0.999975 0.00161835 -0.00696867 1.43732 -0.00120164 0.998235 0.0593915 -11.7881 0.00705248 -0.0593816 0.998211 -0.547968 
0.999976 0.0016181 -0.00696875 1.43732 -0.00120129 0.998235 0.0593938 -11.7885 0.00705277 -0.0593839 0.998211 -0.548042 
0.999975 0.00161809 -0.00696777 1.43717 -0.00120155 0.998235 0.0593934 -11.7884 0.00705171 -0.0593834 0.998211 -0.548086 
0.999975 0.0016186 -0.00696875 1.43733 -0.0012018 0.998235 0.0593927 -11.7883 0.00705229 -0.0593829 0.998211 -0.548008 
0.999975 0.00161751 -0.00696954 1.43745 -0.00120075 0.998235 0.0593928 -11.7883 0.00705329 -0.0593829 0.998211 -0.54818 
0.999975 0.00161836 -0.00696807 1.43721 -0.00120174 0.998235 0.0593932 -11.7884 0.00705195 -0.0593832 0.998211 -0.548025 
0.999975 0.00161782 -0.00696811 1.43721 -0.00120116 0.998235 0.0593919 -11.7882 0.00705215 -0.059382 0.998211 -0.548015 
0.999975 0.00161821 -0.0069685 1.43729 -0.00120167 0.998234 0.0593928 -11.7883 0.00705219 -0.0593831 0.998211 -0.548099 
0.999975 0.0016189 -0.00696885 1.43735 -0.00120219 0.998235 0.0593923 -11.7882 0.00705267 -0.0593826 0.99821 -0.547913 
0.999975 0.00161832 -0.00696865 1.43731 -0.00120161 0.998235 0.0593929 -11.7884 0.00705246 -0.0593829 0.998211 -0.547988 
0.998669 0.0411987 -0.0310526 2.89078 -0.0413604 0.999135 -0.00458537 0.781169 0.0308368 0.00586356 0.999507 -0.65738 
0.950198 0.308333 0.0453544 -4.71232 -0.303684 0.948745 -0.0875274 6.04382 -0.0700173 0.0693949 0.99513 -1.12113 
0.999975 0.00576792 -0.00415279 0.271124 -0.00597632 0.998627 -0.0520552 5.54347 0.00384686 0.0520787 0.998636 -0.61276 
0.993063 -0.115765 -0.0206666 1.8465 0.110796 0.862188 0.494324 -46.8622 -0.0394068 -0.493184 0.869032 11.9349 
0.990824 0.135159 -0.00114438 0.1121 -0.135164 0.99078 -0.00936575 1.22498 -0.00013202 0.00943446 0.999955 -0.699163 
0.95136 0.305302 -0.0413349 -0.468285 -0.297594 0.875929 -0.379721 20.2397 -0.0797231 0.373552 0.924178 2.88671 
0.992505 -0.115773 0.0391365 -1.10669 0.116361 0.993122 -0.0130856 -21.5741 -0.0373523 0.0175416 0.999149 6.41186 
0.99873 -0.0323815 -0.0386328 -0.126033 0.0284759 0.994812 -0.0976757 19.7356 0.0415952 0.0964514 0.994469 3.07528 
0.985239 0.170578 -0.0144355 -0.341851 -0.170722 0.985275 -0.00937081 -18.4024 0.0126245 0.0116969 0.999853 5.84251 
0.999045 -0.0289895 -0.0327263 -0.0851336 0.0264366 0.996765 -0.0759123 19.7084 0.0348211 0.0749745 0.996578 2.7066 
0.998461 -0.0537542 0.0136668 -1.75621 0.0543604 0.997332 -0.0487291 5.14728 -0.011011 0.0493971 0.998719 -0.61788 
0.985481 0.169059 -0.0157539 -0.362406 -0.169479 0.985052 -0.0308537 -18.3824 0.0103024 0.0330756 0.9994 6.15219 
0.999975 0.00161907 -0.00696838 1.43727 -0.00120238 0.998235 0.0593918 -11.7881 0.00705222 -0.0593817 0.99821 -0.547976 
0.998461 -0.0537542 0.0136668 -1.75621 0.0543604 0.997332 -0.0487291 5.14728 -0.011011 0.0493971 0.998719 -0.61788 
0.999935 -0.010913 0.00332306 -0.215213 0.0109042 0.999937 0.00264093 -2.77207 -0.00335168 -0.00260445 0.999991 -0.749509 
0.98445 -0.0636625 0.163726 -23.7899 0.0730589 0.995971 -0.0520188 5.33756 -0.159755 0.0631715 0.985134 0.843844 
0.997956 -0.0444566 -0.045937 6.96822 0.0418853 0.997581 -0.0554978 5.79478 0.0482931 0.0534602 0.997402 -0.801404 
0.999818 -0.0174188 0.00782032 -0.284067 0.0174449 0.999843 -0.00327041 -2.26853 -0.00776213 0.00340631 0.999964 -1.55188 
0.999946 -0.00571962 -0.0087992 2.37328 0.00618694 0.998521 0.0540319 -11.3724 0.00847712 -0.0540832 0.998501 -1.40549 
0.999946 -0.00572021 -0.00879921 2.37328 0.00618754 0.998521 0.0540334 -11.3727 0.00847711 -0.0540846 0.998501 -1.40549 
0.997755 0.059167 -0.0314075 3.03975 -0.0594505 0.998199 -0.00816988 1.15235 0.0308676 0.0100187 0.999473 -1.42833 
0.946323 0.319277 0.0503689 -5.0864 -0.308939 0.939261 -0.149487 11.937 -0.0950375 0.125902 0.987481 -1.42481 
0.947545 0.316762 -0.0427052 -0.528499 -0.302027 0.843611 -0.443961 26.2048 -0.104603 0.43357 0.895029 3.64301 
0.99843 -0.030382 -0.0470868 -0.0670152 0.0239672 0.991059 -0.131259 25.3218 0.0506537 0.129924 0.99023 3.82781 
0.982086 0.188418 -0.00275737 0.374409 -0.188438 0.981973 -0.0148867 1.77633 -9.72289e-05 0.0151395 0.999885 -1.46689 
0.999942 0.0107781 -0.00122639 0.128877 -0.0108327 0.998097 -0.0607156 6.40898 0.000569674 0.0607253 0.998154 -1.34158 
0.996812 -0.0758144 0.0249052 -2.84555 0.0771073 0.995457 -0.055868 5.83309 -0.0205564 0.0576102 0.998128 -1.33284 
0.980871 -0.0855472 0.174855 -24.862 0.0965919 0.993768 -0.0556474 5.51175 -0.169005 0.0714725 0.983021 0.350287 
0.997358 -0.0640807 -0.034247 5.80518 0.0618085 0.996052 -0.0637302 6.65006 0.0381957 0.061445 0.99738 -1.60005 
0.34059 0.089631 -0.93593 126.413 -0.378939 0.924103 -0.0493993 -3.76311 0.860468 0.371485 0.348704 111.264 
0.347464 0.0504452 -0.936336 126.835 -0.255119 0.96597 -0.0426298 0.688241 0.902322 0.253689 0.348509 113.327 
0.999946 -0.0057203 -0.00879955 2.37334 0.00618764 0.998521 0.054033 -11.3726 0.00847743 -0.0540842 0.998501 -1.40553 
0.160571 0.0944225 -0.982498 120.951 -0.119529 0.989949 0.0756037 -7.01187 0.979761 0.105297 0.170243 143.645 
0.992776 -0.118887 -0.0162364 1.54804 0.11003 0.848004 0.518443 -49.2458 -0.0478678 -0.516484 0.854958 12.5568 
0.992353 -0.120145 0.0283455 -0.655717 0.114238 0.980821 0.157928 -31.2083 -0.046776 -0.153482 0.987044 6.67552 
0.985556 0.163933 -0.0425018 0.330007 -0.15425 0.972534 0.174315 -28.4109 0.0699105 -0.165241 0.983773 5.41035 
0.370238 0.0631159 0.926791 -124.024 0.541003 0.796382 -0.270357 28.8356 -0.755143 0.601493 0.260705 119.112 
0.364488 0.0812799 0.927655 -123.901 0.489866 0.830471 -0.265239 30.3896 -0.791948 0.551103 0.26288 120.501 
0.999946 -0.00572031 -0.00879955 2.37334 0.00618765 0.998521 0.0540331 -11.3726 0.00847742 -0.0540843 0.998501 -1.40553 
-0.136838 -0.267276 0.953856 -95.3285 0.398821 0.866561 0.300028 -43.5709 -0.906763 0.421472 -0.0119829 166.705 
0.999143 -0.0209643 -0.0357283 0.0511049 0.0178389 0.996166 -0.0856532 25.2554 0.037387 0.0849423 0.995685 3.06566 
0.986074 0.160246 -0.0444976 0.278836 -0.152832 0.978638 0.13752 -28.2827 0.065584 -0.128804 0.9895 5.9311 
-0.348601 -0.174876 0.920813 -72.7105 0.326912 0.898059 0.294317 -36.6843 -0.878412 0.403624 -0.255894 199.466 
-0.379294 -0.38094 0.843222 -63.9874 0.488093 0.691837 0.5321 -84.7283 -0.786068 0.613392 -0.0764752 169.612 
-0.346272 -0.421116 0.838308 -66.3277 0.416127 0.731926 0.539561 -79.8758 -0.840795 0.535676 -0.0782074 172.737 
-0.288681 -0.475881 0.830785 -70.5129 0.299449 0.779318 0.550452 -71.7983 -0.909393 0.407682 -0.0824716 176.501 
-0.0476873 -0.370952 0.927428 -100.024 0.382362 0.850986 0.360036 -51.161 -0.922783 0.371781 0.101257 150.906 
-0.377021 -0.340384 0.861392 -63.6629 0.416684 0.768259 0.485959 -73.1355 -0.827183 0.542144 -0.147816 181.511 
-0.400396 -0.163625 0.901616 -65.605 0.311796 0.900893 0.301957 -36.5278 -0.861666 0.402022 -0.309696 205.933 
-0.171052 -0.252261 0.952422 -92.5395 0.387287 0.871642 0.30042 -42.7617 -0.905954 0.420247 -0.0513975 172.546 
-0.262145 -0.212445 0.941355 -82.9995 0.356422 0.885185 0.299023 -39.8624 -0.896797 0.413906 -0.156326 186.605 
-0.137547 -0.266996 0.953832 -96.0008 0.398594 0.866651 0.300071 -43.8151 -0.906755 0.421465 -0.012781 167.175 
-0.199535 -0.242574 0.949393 -89.8828 0.378604 0.874551 0.303023 -42.4625 -0.903795 0.419907 -0.0826639 176.802 
-0.439411 -0.328366 0.83612 -54.7132 0.382651 0.773698 0.504948 -72.9752 -0.81271 0.541821 -0.214321 189.86 
-0.42673 -0.333626 0.840594 -56.4865 0.390466 0.770411 0.503991 -73.543 -0.815745 0.54329 -0.198487 187.895 
-0.11891 -0.342233 0.932062 -94.4532 0.354225 0.862331 0.361819 -48.9534 -0.92757 0.373183 0.0186888 163.163 
-0.204741 -0.307677 0.929203 -86.3788 0.320322 0.87598 0.360633 -45.7559 -0.92492 0.37148 -0.0807929 177.031 
-0.458952 -0.164182 -0.87316 53.537 -0.129756 0.984627 -0.116939 20.5094 0.878936 0.0596281 -0.4732 230.097 
0.358586 -0.779565 -0.513513 57.8911 0.183013 0.598129 -0.780223 132.867 0.915382 0.185797 0.357151 113.16 
0.542114 -0.674434 -0.50125 71.0033 0.048784 0.620764 -0.782479 123.661 0.838888 0.39974 0.369426 108.688 
0.641081 -0.588472 -0.492663 78.4912 -0.0355643 0.618461 -0.785011 117.627 0.766649 0.520777 0.375555 104.125 
0.16293 0.151032 -0.97501 120.753 -0.0643145 0.987739 0.142256 -12.5415 0.98454 0.0395293 0.170646 143.123 
-0.452509 -0.0289854 -0.891289 57.6818 -0.250967 0.963215 0.0960914 -20.7173 0.855718 0.267166 -0.443137 226.346 
-0.513456 -0.158316 -0.843385 44.6744 -0.136033 0.985424 -0.102162 17.8792 0.847265 0.0622723 -0.527508 235.747 
-0.746297 -0.282936 -0.602485 -10.4628 -0.191747 0.958174 -0.212456 29.2563 0.637397 -0.043031 -0.769334 253.036 
-0.930779 -0.356415 0.0813639 -125.482 -0.364296 0.885572 -0.288186 25.3817 0.0306604 -0.297878 -0.954112 227.595 
-0.736057 -0.243307 -0.631683 -5.52197 -0.179143 0.969916 -0.164841 23.4055 0.652786 -0.00817088 -0.7575 252.917 
-0.909413 -0.316262 0.27009 -151.282 -0.380135 0.895541 -0.231311 15.511 -0.168722 -0.313027 -0.934638 206.954 
-0.893242 -0.192023 -0.406505 -51.5854 -0.214609 0.976647 0.0102318 -4.97192 0.395047 0.096379 -0.913592 255.543 
-0.931656 -0.209661 0.296751 -156.792 -0.248413 0.963572 -0.099113 7.86347 -0.265161 -0.166056 -0.949798 202.318 
0.252134 0.184836 -0.949876 124.746 -0.0779895 0.982278 0.17044 -17.8534 0.964545 0.0311062 0.262081 127.988 
0.0127156 0.0939166 -0.995499 110.313 -0.0476989 0.994504 0.0932132 -3.9783 0.998781 0.0462986 0.017125 166.56 
0.999946 -0.00572026 -0.00879944 2.37332 0.00618771 0.998521 0.0540334 -11.3727 0.00847733 -0.0540848 0.998501 -1.40547 
0.999946 -0.00572037 -0.00879908 2.37326 0.0061877 0.998521 0.054034 -11.3727 0.00847694 -0.0540854 0.9985 -1.40552 
0.999946 -0.00572041 -0.00879925 2.37329 0.00618773 0.998521 0.0540325 -11.3725 0.00847685 -0.0540839 0.998501 -1.40556 
0.999946 -0.00572043 -0.00879967 2.37336 0.00618784 0.998521 0.0540331 -11.3726 0.00847739 -0.0540845 0.998501 -1.40552 
0.999946 -0.00572027 -0.00880019 2.37345 0.0061878 0.998521 0.0540334 -11.3726 0.00847786 -0.0540849 0.998501 -1.4056 
0.999945 -0.0057203 -0.00879912 2.37327 0.00618756 0.99852 0.054033 -11.3726 0.00847727 -0.0540846 0.9985 -1.40548 
0.999946 -0.00571982 -0.00879909 2.37327 0.00618716 0.998521 0.0540337 -11.3727 0.0084772 -0.0540851 0.998501 -1.40563 
0.999945 -0.00572026 -0.0087984 2.37315 0.00618753 0.998521 0.0540329 -11.3726 0.00847616 -0.0540844 0.998501 -1.4055 
0.999945 -0.00572072 -0.00879951 2.37334 0.0061883 0.99852 0.0540338 -11.3727 0.00847715 -0.054085 0.9985 -1.40545 
