21 126 1.25 1
0.0523409 0 -0.998629 0.17536 0 1 0 -17.1976 0.998629 0 0.0523409 -0.184792 
0.487534 0.147607 -0.860537 -17.1889 -0.0659522 0.989016 0.13228 -15.5128 0.87061 -0.0077365 0.491914 1.95579 
0.795396 0.147607 -0.587841 -17.0239 -0.114053 0.989016 0.0940183 -17.106 0.595262 -0.0077365 0.803494 3.06466 
0.704548 0.238145 -0.668505 -30.4812 -0.116368 0.968031 0.222205 -14.6691 0.700051 -0.0787613 0.709736 12.9302 
0.704548 0.238145 -0.668505 -30.4812 -0.116368 0.968031 0.222205 -14.6691 0.700051 -0.0787613 0.709736 12.9302 
0.905747 0.423191 -0.0230463 -60.3403 -0.393975 0.860766 0.322282 3.64937 0.156225 -0.282827 0.946363 47.8785 
0.74333 -0.0236738 -0.668505 10.0796 0.230013 0.94748 0.222205 -18.5012 0.628135 -0.318937 0.709736 52.3345 
0.74333 -0.383949 -0.547762 56.3754 0.230013 0.915645 -0.329678 -14.4104 0.628135 0.119067 0.76894 -3.94958 
0.74333 -0.383949 -0.547762 56.3754 0.230013 0.915645 -0.329678 -14.4104 0.628135 0.119067 0.76894 -3.94958 
0.596474 0.444207 -0.668505 -65.3097 -0.40981 0.884692 0.222205 -7.77452 0.690127 0.141421 0.709736 -22.0336 
0.596474 0.444207 -0.668505 -65.3097 -0.40981 0.884692 0.222205 -7.77453 0.690127 0.141421 0.709736 -22.0336 
0.596474 0.444207 -0.668505 -65.3097 -0.40981 0.884692 0.222205 -7.77454 0.690127 0.141421 0.709736 -22.0336 
-0.181174 -0.718481 -0.671537 80.5044 0.274526 0.618746 -0.736063 17.2965 0.944358 -0.31771 0.0851406 32.0546 
-0.181174 0.137987 -0.973723 31.5191 0.274526 0.957846 0.0846578 -0.133919 0.944358 -0.251974 -0.211418 27.7238 
-0.181174 0.0782963 -0.980329 32.0554 0.274526 0.961227 0.0260357 -0.713656 0.944358 -0.264409 -0.195644 27.9953 
-0.181174 0.0782963 -0.980329 32.0554 0.274526 0.961227 0.0260357 -0.713656 0.944358 -0.264409 -0.195644 27.9953 
0.0431355 -0.0313739 -0.998576 -0.751309 -0.566406 0.822589 -0.0503117 -4.49795 0.822997 0.56777 0.0177124 -58.5225 
0.626764 0.237173 -0.742237 -8.45836 -0.560208 0.799243 -0.217666 -3.44493 0.541603 0.552232 0.633803 -59.7423 
0.767489 0.05354 -0.638822 -5.71695 -0.0713018 0.997453 -0.00206591 -1.16967 0.637084 0.0471346 0.769352 -54.5836 
0.767489 0.05354 -0.638822 -5.71695 -0.0713018 0.997453 -0.00206591 -1.16968 0.637084 0.0471346 0.769352 -54.5836 
0.74333 -0.383949 -0.547762 56.3754 0.230013 0.915645 -0.329678 -14.4104 0.628135 0.119067 0.76894 -3.94958 
0.054955 0 -0.998489 0.174877 0 1 0 -16.5082 0.998489 0 0.054955 -0.184766 
0.489811 0.147586 -0.859246 -17.1838 -0.0659522 0.989016 0.13228 -14.8234 0.869331 -0.00812289 0.494165 2.00127 
0.800548 0.150703 -0.580011 -17.4003 -0.113829 0.988483 0.0997251 -16.3403 0.588359 -0.0138129 0.808482 3.84467 
0.711122 0.240607 -0.660616 -30.77 -0.115558 0.966839 0.227745 -13.8106 0.693507 -0.0856155 0.715345 13.8307 
0.711387 0.241118 -0.660145 -30.8532 -0.115638 0.966661 0.228459 -13.7807 0.693222 -0.0861845 0.715553 13.9241 
0.905665 0.423678 -0.0163756 -60.2958 -0.39521 0.857539 0.329295 4.85239 0.153558 -0.29176 0.944085 49.1091 
0.750638 -0.0304081 -0.660014 11.2305 0.231626 0.947655 0.21977 -17.8249 0.618783 -0.317844 0.718389 52.0187 
0.751175 -0.388088 -0.53397 57.1801 0.229944 0.912093 -0.339429 -13.2151 0.618758 0.132188 0.77438 -5.81041 
0.751751 -0.384312 -0.535888 56.7823 0.228965 0.914189 -0.334415 -13.3841 0.618422 0.128698 0.775236 -5.45064 
0.603192 0.445082 -0.661862 -65.3434 -0.406911 0.885429 0.224584 -7.15013 0.68599 0.133852 0.715193 -20.9571 
0.602342 0.436933 -0.668037 -64.3105 -0.407394 0.887959 0.213443 -7.48859 0.68645 0.143589 0.71286 -22.2044 
0.602342 0.436933 -0.668037 -64.3105 -0.407394 0.887959 0.213443 -7.48859 0.68645 0.143589 0.71286 -22.2044 
-0.171951 -0.72773 -0.663959 81.4176 0.262277 0.615851 -0.742925 18.3811 0.949549 -0.301888 0.0849709 30.3922 
-0.177808 0.143017 -0.973617 31.6857 0.250499 0.963369 0.0957643 0.664124 0.951648 -0.226862 -0.207121 25.5194 
-0.165419 0.0793417 -0.983027 32.1338 0.250909 0.967346 0.0358543 0.0732613 0.953772 -0.24072 -0.179925 25.647 
-0.165419 0.0610567 -0.984331 32.145 0.250909 0.967846 0.0178683 0.00350571 0.953772 -0.244022 -0.17542 25.6673 
0.0446674 -0.0310946 -0.998518 -0.795435 -0.55446 0.830666 -0.0506706 -4.51561 0.831011 0.555902 0.019863 -57.2533 
0.630882 0.232833 -0.740119 -8.20428 -0.542972 0.813891 -0.206792 -3.74915 0.554229 0.532325 0.639891 -57.9521 
0.771753 0.0465877 -0.634214 -5.45723 -0.0606067 0.998162 -0.000427753 -1.32979 0.633029 0.0387676 0.773157 -53.1058 
0.771753 0.0431309 -0.634459 -5.45656 -0.0606067 0.998144 -0.0058672 -1.35074 0.633029 0.0429803 0.772935 -53.1086 
0.751751 -0.384312 -0.535888 56.7823 0.228965 0.914189 -0.334415 -13.3841 0.618422 0.128698 0.775236 -5.45064 
0.0575686 0 -0.998342 0.174393 0 1 0 -15.8188 0.998342 0 0.0575686 -0.184739 
0.492085 0.147564 -0.857949 -17.1785 -0.0659522 0.989016 0.13228 -14.134 0.868045 -0.00850919 0.496412 2.04673 
0.805637 0.153727 -0.572117 -17.7676 -0.113638 0.987912 0.10543 -15.57 0.581409 -0.0199235 0.813368 4.6288 
0.717634 0.242988 -0.652655 -31.0481 -0.114789 0.965609 0.233285 -12.9471 0.686895 -0.0924954 0.720846 14.7342 
0.718157 0.243997 -0.651703 -31.2124 -0.114955 0.965244 0.23471 -12.8859 0.686321 -0.0936422 0.721245 14.9224 
0.905588 0.424048 -0.00970683 -60.235 -0.396411 0.854265 0.336287 6.06174 0.150894 -0.30069 0.94171 50.3378 
0.757841 -0.0370709 -0.651386 12.3685 0.233179 0.947834 0.217345 -17.15 0.609348 -0.316602 0.726951 51.6782 
0.75893 -0.391863 -0.520067 57.9338 0.229818 0.908454 -0.349135 -12.0096 0.60927 0.145448 0.77951 -7.69398 
0.76008 -0.384431 -0.52392 57.1504 0.22787 0.912723 -0.339135 -12.3557 0.608568 0.138384 0.781342 -6.96498 
0.60988 0.445886 -0.655158 -65.3668 -0.404045 0.886135 0.226963 -6.52151 0.681758 0.126293 0.720594 -19.8841 
0.608191 0.42969 -0.667436 -63.3141 -0.405019 0.891116 0.204626 -7.18843 0.682688 0.145872 0.716001 -22.3922 
0.608191 0.42969 -0.667436 -63.3141 -0.405019 0.891116 0.204626 -7.18843 0.682688 0.145872 0.716001 -22.3922 
-0.16255 -0.736741 -0.656347 82.3052 0.250037 0.612725 -0.7497 19.489 0.954494 -0.285974 0.0846139 28.7222 
-0.174202 0.14838 -0.973466 31.8207 0.22639 0.968136 0.107055 1.51656 0.958333 -0.201734 -0.202243 23.3177 
-0.149383 0.0806926 -0.985481 32.178 0.226965 0.972851 0.0452541 0.922441 0.962378 -0.21691 -0.163642 23.3028 
-0.149383 0.0440096 -0.987799 32.2017 0.226965 0.973861 0.00906493 0.782084 0.962378 -0.222842 -0.155467 23.3396 
0.0462236 -0.0308689 -0.998454 -0.833951 -0.542399 0.838569 -0.0510362 -4.51485 0.838849 0.543919 0.0220185 -55.9742 
0.634978 0.228372 -0.738004 -7.94137 -0.52538 0.828031 -0.195806 -4.0128 0.566373 0.512065 0.645764 -56.1425 
0.776034 0.0396707 -0.629442 -5.1913 -0.049967 0.99875 0.00134249 -1.45878 0.628709 0.0304094 0.777046 -51.6122 
0.776034 0.0328082 -0.629837 -5.18962 -0.049967 0.998705 -0.00954274 -1.50071 0.628709 0.0388764 0.776669 -51.6176 
0.76008 -0.384431 -0.52392 57.1504 0.22787 0.912723 -0.339135 -12.3557 0.608568 0.138384 0.781342 -6.96498 
0.0601819 0 -0.998187 0.17391 0 1 0 -15.1294 0.998187 0 0.0601819 -0.184711 
0.494356 0.147541 -0.856647 -17.173 -0.0659522 0.989016 0.13228 -13.4447 0.866754 -0.00889547 0.498656 2.09217 
0.810663 0.156681 -0.56416 -18.1256 -0.113483 0.987305 0.111131 -14.7949 0.574411 -0.0260675 0.818152 5.41694 
0.724082 0.245288 -0.644624 -31.3156 -0.114062 0.964341 0.238823 -12.0786 0.680218 -0.0994003 0.726239 15.6405 
0.724856 0.246782 -0.643181 -31.5588 -0.114318 0.963779 0.240958 -11.9845 0.679349 -0.101133 0.726813 15.9248 
0.905516 0.424302 -0.00304091 -60.1578 -0.397579 0.850944 0.343256 7.27745 0.148232 -0.309615 0.939237 51.5644 
0.764939 -0.0436595 -0.642622 13.4932 0.23467 0.948017 0.214929 -16.4766 0.599833 -0.315211 0.73542 51.3131 
0.766593 -0.395269 -0.506062 58.6361 0.229637 0.904728 -0.358795 -10.7941 0.599669 0.158839 0.784326 -9.59911 
0.768314 -0.384305 -0.511863 57.4794 0.226728 0.911246 -0.343839 -11.3252 0.598572 0.148122 0.787256 -8.49178 
0.616538 0.446619 -0.648393 -65.3799 -0.401211 0.88681 0.229343 -5.88878 0.67743 0.118744 0.72594 -18.8148 
0.61402 0.422482 -0.6667 -62.3208 -0.402684 0.894161 0.195757 -6.87398 0.678842 0.148271 0.719159 -22.597 
0.61402 0.422482 -0.6667 -62.3208 -0.402684 0.894161 0.195757 -6.87398 0.678842 0.148271 0.719159 -22.597 
-0.152974 -0.745509 -0.648703 83.1669 0.237808 0.609369 -0.756384 20.6202 0.959191 -0.269974 0.0840701 27.0451 
-0.170368 0.154085 -0.973259 31.9234 0.202218 0.972144 0.11851 2.42327 0.964408 -0.17662 -0.196781 21.1209 
-0.133083 0.0823597 -0.987677 32.1875 0.202714 0.977736 0.0542163 1.83376 0.970153 -0.193001 -0.146816 20.965 
-0.133083 0.0271841 -0.990732 32.2248 0.202714 0.979238 -0.000361435 1.6221 0.970153 -0.200884 -0.135831 21.0143 
0.0478031 -0.0306972 -0.998385 -0.86682 -0.530224 0.846297 -0.0514084 -4.49557 0.846509 0.531826 0.0241792 -54.6853 
0.639047 0.223791 -0.735891 -7.66963 -0.507446 0.841653 -0.184711 -4.23542 0.578029 0.491464 0.651418 -54.3143 
0.780331 0.0327918 -0.624506 -4.91918 -0.0393889 0.999219 0.00325017 -1.55631 0.624125 0.0220624 0.781013 -50.1035 
0.780331 0.0225781 -0.624959 -4.91615 -0.0393889 0.999138 -0.0130853 -1.61923 0.624125 0.0348273 0.780548 -50.1113 
0.768314 -0.384305 -0.511863 57.4794 0.226728 0.911246 -0.343839 -11.3252 0.598572 0.148122 0.787256 -8.49178 
0.0627949 0 -0.998026 0.173426 0 1 0 -14.44 0.998026 0 0.0627949 -0.184681 
0.496623 0.147518 -0.855338 -17.1675 -0.0659522 0.989016 0.13228 -12.7553 0.865457 -0.00928169 0.500897 2.13761 
0.815625 0.159563 -0.556143 -18.4743 -0.113361 0.986661 0.11683 -14.015 0.567367 -0.0322441 0.822834 6.209 
0.730465 0.247507 -0.636523 -31.5723 -0.113376 0.963034 0.244359 -11.2052 0.673474 -0.106329 0.731524 16.5496 
0.731484 0.249473 -0.634581 -31.8922 -0.113727 0.962266 0.247203 -11.0766 0.672307 -0.108656 0.732255 16.9313 
0.905449 0.42444 0.00362077 -60.0641 -0.398712 0.847576 0.350203 8.49942 0.145572 -0.318535 0.936667 52.7886 
0.77193 -0.050171 -0.633725 14.6041 0.236099 0.948204 0.212521 -15.8047 0.590238 -0.313673 0.743793 50.9237 
0.774161 -0.398304 -0.491964 59.2865 0.2294 0.900915 -0.368411 -9.56853 0.589958 0.172353 0.788825 -11.5246 
0.77645 -0.383934 -0.49972 57.7692 0.22554 0.909758 -0.348527 -10.2926 0.588436 0.157907 0.792974 -10.0302 
0.623162 0.44728 -0.641568 -65.3829 -0.39841 0.887453 0.231723 -5.25191 0.673007 0.111206 0.731228 -17.7493 
0.619826 0.415312 -0.665831 -61.3313 -0.40039 0.897095 0.186837 -6.54514 0.67491 0.150786 0.72233 -22.8189 
0.619826 0.415312 -0.665831 -61.3313 -0.40039 0.897095 0.186837 -6.54513 0.67491 0.150786 0.72233 -22.8189 
-0.143229 -0.754032 -0.641031 84.0024 0.225594 0.605783 -0.762977 21.7746 0.963635 -0.253893 0.08334 25.3616 
-0.166318 0.160139 -0.972982 31.9936 0.178001 0.975391 0.130108 3.38401 0.969873 -0.151552 -0.19073 18.9311 
-0.116535 0.0843525 -0.989598 32.162 0.178179 0.981997 0.0627224 2.80697 0.977073 -0.169016 -0.129467 18.6362 
-0.116535 0.0106096 -0.99313 32.2139 0.178179 0.983943 -0.0103961 2.52347 0.977073 -0.178166 -0.116554 18.6941 
0.0494046 -0.0305803 -0.99831 -0.893991 -0.51794 0.853848 -0.051787 -4.45761 0.853989 0.519623 0.0263453 -53.387 
0.643087 0.219088 -0.733784 -7.38902 -0.489181 0.854748 -0.173513 -4.41657 0.589186 0.470538 0.656852 -52.4687 
0.78464 0.0259538 -0.619408 -4.64087 -0.0288788 0.999569 0.00530048 -1.62206 0.619278 0.0137286 0.785051 -48.5804 
0.78464 0.0124469 -0.619826 -4.63617 -0.0288788 0.999447 -0.0164876 -1.70597 0.619278 0.0308366 0.784566 -48.5903 
0.77645 -0.383934 -0.49972 57.7692 0.22554 0.909758 -0.348527 -10.2925 0.588436 0.157907 0.792974 -10.0302 
0.0654072 0 -0.997859 0.172943 0 1 0 -13.7506 0.997859 0 0.0654072 -0.18465 
0.498887 0.147493 -0.854024 -17.1619 -0.0659522 0.989016 0.13228 -12.0659 0.864154 -0.00966781 0.503135 2.18303 
0.820524 0.162372 -0.548066 -18.8137 -0.113275 0.98598 0.122524 -13.2305 0.560277 -0.0384522 0.827412 7.00483 
0.736783 0.249645 -0.628354 -31.8182 -0.112732 0.961689 0.249893 -10.3268 0.666666 -0.113281 0.736698 17.4612 
0.738041 0.252069 -0.625905 -32.2126 -0.113182 0.960706 0.253443 -10.1623 0.665196 -0.11621 0.73757 17.9416 
0.905387 0.424463 0.0102766 -59.9542 -0.399813 0.844162 0.357127 9.72757 0.142912 -0.327447 0.934 54.0103 
0.778814 -0.0566024 -0.624696 15.7008 0.237467 0.948398 0.21012 -15.1346 0.580567 -0.31199 0.752067 50.5103 
0.781633 -0.400964 -0.477784 59.8847 0.229108 0.897017 -0.377982 -8.33307 0.580137 0.18598 0.793002 -13.4691 
0.784484 -0.383316 -0.487498 58.0195 0.224307 0.90826 -0.353201 -9.25783 0.578162 0.167732 0.798496 -11.5793 
0.629753 0.44787 -0.634684 -65.3758 -0.395643 0.888067 0.234103 -4.61107 0.66849 0.103681 0.736459 -16.6878 
0.62561 0.408183 -0.66483 -60.3459 -0.398138 0.899916 0.177867 -6.20194 0.670894 0.153419 0.72551 -23.058 
0.62561 0.408183 -0.66483 -60.3459 -0.398138 0.899916 0.177867 -6.20194 0.670894 0.153419 0.72551 -23.058 
-0.133317 -0.762308 -0.633335 84.8114 0.2134 0.601969 -0.769476 22.952 0.967826 -0.237738 0.0824237 23.6722 
-0.162066 0.16655 -0.972623 32.0308 0.153758 0.977877 0.141829 4.39852 0.974727 -0.126563 -0.184089 16.7502 
-0.0997566 0.0866813 -0.991229 32.1009 0.153381 0.985631 0.0707555 3.84175 0.983119 -0.144978 -0.111618 16.3188 
-0.0997566 -0.00568385 -0.994996 32.1684 0.153381 0.987943 -0.0210214 3.48602 0.983119 -0.154711 -0.097682 16.3812 
0.0510265 -0.0305188 -0.998231 -0.915391 -0.505547 0.86122 -0.052172 -4.40083 0.861289 0.507315 0.0285163 -52.0795 
0.647094 0.214262 -0.731684 -7.09949 -0.4706 0.867307 -0.162216 -4.55583 0.599838 0.449299 0.662061 -50.6066 
0.788958 0.0191595 -0.614148 -4.35637 -0.0184433 0.999802 0.00749794 -1.65571 0.61417 0.00541118 0.789155 -47.0438 
0.788958 0.0024205 -0.614442 -4.34967 -0.0184433 0.999635 -0.0197436 -1.76061 0.61417 0.026909 0.788715 -47.0556 
0.784484 -0.383316 -0.487498 58.0195 0.224307 0.90826 -0.353201 -9.25784 0.578162 0.167732 0.798496 -11.5793 
0.0680192 0 -0.997684 0.172459 0 1 0 -13.0613 0.997684 0 0.0680192 -0.184617 
0.501148 0.147467 -0.852704 -17.1561 -0.0659522 0.989016 0.13228 -11.3765 0.862845 -0.0100539 0.505369 2.22843 
0.825357 0.165109 -0.53993 -19.1437 -0.113222 0.985262 0.128215 -12.4413 0.553143 -0.0446911 0.831887 7.80433 
0.743034 0.251701 -0.620119 -32.0533 -0.11213 0.960305 0.255423 -9.44344 0.659793 -0.120254 0.741763 18.3752 
0.744524 0.254569 -0.617154 -32.5199 -0.112684 0.959098 0.259678 -9.24156 0.658017 -0.123793 0.742757 18.9556 
0.905331 0.424369 0.0169254 -59.8279 -0.40088 0.840702 0.364026 10.9619 0.140252 -0.33635 0.931235 55.2292 
0.78559 -0.0629509 -0.615537 16.7828 0.238774 0.948597 0.207727 -14.4662 0.57082 -0.310162 0.76024 50.0733 
0.789007 -0.403249 -0.463529 60.4302 0.22876 0.893032 -0.387509 -7.0876 0.570208 0.19971 0.796855 -15.4315 
0.792414 -0.382449 -0.475198 58.2301 0.223028 0.906749 -0.357861 -8.22089 0.567749 0.177592 0.803817 -13.1382 
0.636308 0.44839 -0.62774 -65.3586 -0.39291 0.888649 0.236483 -3.96625 0.663878 0.0961693 0.741632 -15.6302 
0.63137 0.401099 -0.663696 -59.365 -0.395928 0.902625 0.16885 -5.84424 0.666793 0.156169 0.728696 -23.3143 
0.63137 0.401099 -0.663696 -59.365 -0.395928 0.902625 0.16885 -5.84425 0.666793 0.156169 0.728696 -23.3143 
-0.123243 -0.770333 -0.625618 85.5937 0.201228 0.597928 -0.77588 24.1523 0.97176 -0.221514 0.0813221 21.9776 
-0.157623 0.173323 -0.97217 32.0347 0.129507 0.979602 0.15365 5.46645 0.97897 -0.101684 -0.176855 14.5804 
-0.0827662 0.0893539 -0.992555 32.0041 0.128346 0.988634 0.0782985 4.9377 0.98827 -0.12091 -0.0932937 14.0154 
-0.0827662 -0.0216682 -0.996333 32.0881 0.128346 0.991206 -0.0322185 4.50952 0.98827 -0.130542 -0.0792574 14.078 
0.0526679 -0.0305132 -0.998146 -0.931007 -0.493049 0.868412 -0.0525633 -4.3251 0.868406 0.494903 0.030693 -50.7632 
0.651063 0.209313 -0.729592 -6.80107 -0.451714 0.879321 -0.150825 -4.65281 0.609976 0.427764 0.667044 -48.729 
0.793282 0.0124116 -0.608728 -4.06571 -0.00808825 0.999919 0.0098474 -1.65698 0.608801 -0.00288834 0.793318 -45.4944 
0.793282 -0.007495 -0.608808 -4.05671 -0.00808825 0.999706 -0.0228464 -1.78287 0.608801 0.0230477 0.792988 -45.5078 
0.792414 -0.382449 -0.475198 58.2301 0.223028 0.906749 -0.357861 -8.22088 0.567749 0.177592 0.803817 -13.1382 
0.0706307 0 -0.997503 0.171976 0 1 0 -12.3719 0.997503 0 0.0706307 -0.184584 
0.503405 0.14744 -0.851378 -17.1502 -0.0659522 0.989016 0.13228 -10.6871 0.86153 -0.0104399 0.507599 2.27382 
0.830125 0.167773 -0.531737 -19.4642 -0.113205 0.984508 0.133901 -11.6475 0.545964 -0.0509598 0.836257 8.60738 
0.749218 0.253674 -0.611818 -32.2775 -0.111569 0.958883 0.26095 -8.55515 0.652858 -0.127249 0.746715 19.2915 
0.750933 0.256974 -0.60833 -32.8141 -0.112232 0.957443 0.265907 -8.31433 0.650772 -0.131404 0.747816 19.973 
0.905281 0.424159 0.0235658 -59.6853 -0.401913 0.837196 0.370902 12.2024 0.137592 -0.345242 0.928373 56.4451 
0.792257 -0.0692139 -0.606249 17.8496 0.240019 0.948803 0.205339 -13.7996 0.560999 -0.308193 0.768308 49.6128 
0.796279 -0.405155 -0.449209 60.9227 0.228356 0.888961 -0.396991 -5.83221 0.560172 0.213536 0.800381 -17.4103 
0.800235 -0.381334 -0.462826 58.4009 0.221704 0.905227 -0.362508 -7.18176 0.557199 0.187482 0.808938 -14.706 
0.642827 0.44884 -0.620738 -65.3315 -0.390211 0.889202 0.238862 -3.31744 0.659173 0.0886715 0.746746 -14.5769 
0.637105 0.394062 -0.662429 -58.3892 -0.393759 0.905219 0.159787 -5.47201 0.66261 0.159037 0.731885 -23.588 
0.637105 0.394062 -0.662429 -58.3892 -0.393759 0.905219 0.159787 -5.47201 0.66261 0.159037 0.731885 -23.588 
-0.113012 -0.778106 -0.617883 86.3492 0.189083 0.593661 -0.782186 25.3754 0.975436 -0.205227 0.0800358 20.2783 
-0.153004 0.180466 -0.971608 32.0052 0.105267 0.980567 0.165553 6.58745 0.982603 -0.0769479 -0.169028 12.4237 
-0.0655835 0.0923794 -0.993562 31.8712 0.103096 0.991004 0.0853365 6.09439 0.992507 -0.0968351 -0.0745174 11.7284 
-0.0655835 -0.0373136 -0.997149 31.9726 0.103096 0.993699 -0.0439652 5.59372 0.992507 -0.105685 -0.0613234 11.7871 
0.0543274 -0.030564 -0.998055 -0.940775 -0.480448 0.875422 -0.0529609 -4.23031 0.875339 0.482391 0.032875 -49.4383 
0.654992 0.204241 -0.72751 -6.49373 -0.432538 0.890783 -0.139344 -4.70716 0.619594 0.405945 0.671798 -46.837 
0.797609 0.00571289 -0.603148 -3.76891 0.00217974 0.999921 0.0123535 -1.62559 0.603172 -0.0111681 0.797533 -43.9329 
0.797609 -0.0172937 -0.602928 -3.7573 0.00217974 0.999665 -0.0257897 -1.77246 0.603172 0.0192557 0.797379 -43.9477 
0.800235 -0.381334 -0.462826 58.4009 0.221704 0.905227 -0.362508 -7.18176 0.557199 0.187482 0.808938 -14.706 
0.0732418 0 -0.997314 0.171493 0 1 0 -11.6825 0.997314 0 0.0732418 -0.184549 
0.505658 0.147412 -0.850047 -17.1442 -0.0659522 0.989016 0.13228 -9.99775 0.860209 -0.0108258 0.509826 2.31919 
0.834828 0.170364 -0.523487 -19.7753 -0.113221 0.983716 0.139582 -10.8489 0.538743 -0.0572574 0.840523 9.41388 
0.755335 0.255566 -0.603453 -32.4909 -0.111051 0.957423 0.266473 -7.66197 0.645861 -0.134263 0.751556 20.21 
0.757267 0.259281 -0.599433 -33.0952 -0.111826 0.955741 0.272129 -7.38071 0.643461 -0.139042 0.752746 20.9937 
0.905237 0.423833 0.0301969 -59.5263 -0.402914 0.833645 0.377752 13.4489 0.13493 -0.354122 0.925414 57.6577 
0.798814 -0.0753884 -0.596836 18.9008 0.241203 0.949015 0.202957 -13.1349 0.551105 -0.306084 0.77627 49.1293 
0.803449 -0.406681 -0.434834 61.362 0.227898 0.884804 -0.406428 -4.56693 0.55003 0.227447 0.803577 -19.4044 
0.807945 -0.379969 -0.450386 58.5317 0.220335 0.903691 -0.367144 -6.14043 0.546513 0.197397 0.813854 -16.2819 
0.649309 0.449219 -0.613677 -65.2945 -0.387547 0.889725 0.241241 -2.66478 0.654374 0.0811885 0.7518 -13.5277 
0.642814 0.387078 -0.661031 -57.4189 -0.391632 0.9077 0.15068 -5.08524 0.658343 0.162022 0.735074 -23.8791 
0.642814 0.387078 -0.661031 -57.4189 -0.391632 0.9077 0.15068 -5.08524 0.658343 0.162022 0.735074 -23.8791 
-0.102626 -0.785623 -0.610135 87.0774 0.176967 0.589169 -0.788393 26.621 0.978852 -0.188883 0.0785655 18.5751 
-0.148221 0.187982 -0.970924 31.9419 0.081055 0.980775 0.177515 7.76104 0.985627 -0.0523867 -0.160609 10.2823 
-0.0482283 0.0957657 -0.994235 31.7022 0.0776561 0.99274 0.0918547 7.31129 0.995813 -0.0727784 -0.055315 9.46025 
-0.0482283 -0.0525917 -0.997451 31.8216 0.0776561 0.995393 -0.056238 6.73824 0.995813 -0.0801704 -0.0439221 9.51072 
0.0560036 -0.0306718 -0.997959 -0.944662 -0.467748 0.882249 -0.0533647 -4.1163 0.882086 0.469782 0.0350625 -48.1051 
0.658876 0.199045 -0.72544 -6.17749 -0.413084 0.901684 -0.127778 -4.71852 0.628684 0.383858 0.67632 -44.9316 
0.801934 -0.000934042 -0.597411 -3.46601 0.0123541 0.999811 0.0150203 -1.56129 0.597284 -0.019426 0.801794 -42.36 
0.801934 -0.0269696 -0.596803 -3.45149 0.0123541 0.999515 -0.0285679 -1.72912 0.597284 0.0155364 0.801879 -42.3761 
0.807945 -0.379969 -0.450386 58.5317 0.220335 0.903691 -0.367144 -6.14043 0.546513 0.197397 0.813854 -16.2819 
0.0758523 0 -0.997119 0.17101 0 1 0 -10.9931 0.997119 0 0.0758523 -0.184513 
0.507908 0.147384 -0.848709 -17.138 -0.0659522 0.989016 0.13228 -9.30837 0.858883 -0.0112117 0.51205 2.36455 
0.839464 0.172881 -0.515182 -20.0768 -0.113273 0.982888 0.145258 -10.0457 0.531479 -0.0635831 0.844682 10.2237 
0.761383 0.257374 -0.595024 -32.6933 -0.110573 0.955926 0.271992 -6.76387 0.638803 -0.141296 0.756285 21.1305 
0.763526 0.261492 -0.590466 -33.3629 -0.111467 0.953991 0.278345 -6.44066 0.636084 -0.146706 0.757545 22.0175 
0.905199 0.423391 0.0368167 -59.3511 -0.403882 0.830048 0.384577 14.7014 0.132267 -0.362988 0.922359 58.8669 
0.80526 -0.081472 -0.587297 19.936 0.242326 0.949234 0.200579 -12.4721 0.541141 -0.303836 0.784124 48.623 
0.810513 -0.407825 -0.420413 61.7477 0.227385 0.880562 -0.415821 -3.29181 0.539782 0.241433 0.80644 -21.4124 
0.815541 -0.378354 -0.437883 58.6225 0.218921 0.902143 -0.371768 -5.09687 0.535693 0.207331 0.818564 -17.8648 
0.655751 0.44953 -0.606559 -65.2477 -0.384917 0.890218 0.24362 -2.00827 0.649484 0.0737211 0.756793 -12.483 
0.648495 0.380147 -0.659502 -56.4547 -0.389548 0.910067 0.14153 -4.68378 0.653993 0.165126 0.738259 -24.1876 
0.648495 0.380147 -0.659502 -56.4547 -0.389548 0.910067 0.14153 -4.68378 0.653993 0.165126 0.738259 -24.1876 
-0.0920902 -0.792882 -0.602376 87.7783 0.164885 0.584453 -0.794498 27.8891 0.982004 -0.172488 0.0769118 16.8685 
-0.143288 0.195875 -0.970104 31.8448 0.0568893 0.980228 0.189517 8.98671 0.988045 -0.0280329 -0.151599 8.15803 
-0.0307218 0.0995197 -0.994561 31.497 0.0520525 0.99384 0.0978397 8.58774 0.998172 -0.0487636 -0.0357129 7.21347 
-0.0307218 -0.0674747 -0.997248 31.635 0.0520525 0.996257 -0.0690111 7.94261 0.998172 -0.0540294 -0.0270946 7.25136 
0.0576953 -0.030837 -0.997858 -0.942629 -0.45495 0.888892 -0.0537745 -3.98298 0.888646 0.457078 0.0372556 -46.764 
0.662712 0.193725 -0.723384 -5.85235 -0.393367 0.912017 -0.116132 -4.68658 0.637241 0.361517 0.68061 -43.0139 
0.806257 -0.00752669 -0.591518 -3.15704 0.0224288 0.999589 0.0178519 -1.46383 0.591141 -0.0276603 0.806094 -40.7767 
0.806257 -0.0365173 -0.590438 -3.13932 0.0224288 0.999262 -0.0311752 -1.65261 0.591141 0.0118924 0.806481 -40.7937 
0.815541 -0.378354 -0.437883 58.6225 0.218921 0.902143 -0.371768 -5.09687 0.535693 0.207331 0.818564 -17.8648 
0.0784621 0 -0.996917 0.170527 0 1 0 -10.3037 0.996917 0 0.0784621 -0.184475 
0.510155 0.147354 -0.847366 -17.1318 -0.0659522 0.989016 0.13228 -8.61899 0.85755 -0.0115975 0.51427 2.40989 
0.844034 0.175324 -0.506822 -20.3688 -0.113358 0.982024 0.150928 -9.23784 0.524173 -0.0699358 0.848736 11.0367 
0.767362 0.2591 -0.586535 -32.8848 -0.110138 0.95439 0.277505 -5.8609 0.631684 -0.148347 0.7609 22.0529 
0.769708 0.263606 -0.58143 -33.6174 -0.111155 0.952195 0.284552 -5.49426 0.628645 -0.154393 0.762213 23.0442 
0.905167 0.422832 0.0434241 -59.1596 -0.404817 0.826407 0.391376 15.9598 0.1296 -0.371839 0.919206 60.0724 
0.811595 -0.0874615 -0.577637 20.9547 0.243387 0.949462 0.198205 -11.8113 0.531108 -0.301452 0.791865 48.0943 
0.81747 -0.408586 -0.405956 62.0797 0.226817 0.876233 -0.42517 -2.00685 0.529431 0.255487 0.808968 -23.4331 
0.823018 -0.376489 -0.425321 58.6732 0.217463 0.900581 -0.376382 -4.05108 0.524739 0.217278 0.823067 -19.454 
0.662153 0.449771 -0.599383 -65.1913 -0.382323 0.890682 0.245997 -1.34799 0.644502 0.0662703 0.761726 -11.4428 
0.654148 0.373275 -0.657842 -55.4968 -0.387507 0.912318 0.13234 -4.2677 0.649561 0.168349 0.741438 -24.5136 
0.654148 0.373275 -0.657842 -55.4968 -0.387507 0.912318 0.13234 -4.26769 0.649561 0.168349 0.741438 -24.5136 
-0.0814093 -0.799881 -0.594611 88.4517 0.15284 0.579516 -0.800501 29.1794 0.984892 -0.156048 0.0750757 15.1591 
-0.138219 0.204149 -0.969133 31.7138 0.0327872 0.978932 0.201537 10.2639 0.989859 -0.00391888 -0.142001 6.05307 
-0.0130857 0.103648 -0.994528 31.2555 0.0263109 0.994304 0.103278 9.92312 0.999568 -0.0248154 -0.0157382 4.99049 
-0.0130857 -0.0819355 -0.996552 31.4126 0.0263109 0.996264 -0.0822573 9.20639 0.999568 -0.0272965 -0.010881 5.01141 
0.059401 -0.0310602 -0.997751 -0.934636 -0.442058 0.895348 -0.0541903 -3.83022 0.895018 0.444282 0.0394542 -45.4151 
0.666495 0.188282 -0.721343 -5.51835 -0.373401 0.921776 -0.104411 -4.61104 0.645257 0.338939 0.684663 -41.085 
0.810572 -0.014062 -0.585471 -2.84204 0.0323968 0.999257 0.0208521 -1.33302 0.584743 -0.0358694 0.810425 -39.1836 
0.810572 -0.0459305 -0.583835 -2.82084 0.0323968 0.99891 -0.0336064 -1.54272 0.584743 0.00832605 0.811176 -39.2013 
0.823018 -0.376489 -0.425321 58.6732 0.217463 0.900581 -0.376382 -4.05109 0.524739 0.217278 0.823067 -19.454 
0.0810717 0 -0.996708 0.170044 0 1 0 -9.61435 0.996708 0 0.0810717 -0.184437 
0.512398 0.147323 -0.846017 -17.1254 -0.0659522 0.989016 0.13228 -7.9296 0.856212 -0.0119832 0.516486 2.45521 
0.848536 0.177692 -0.49841 -20.6511 -0.113479 0.981123 0.156592 -8.42532 0.516826 -0.0763148 0.852682 11.8528 
0.773271 0.260742 -0.577984 -33.0653 -0.109745 0.952817 0.283013 -4.95306 0.624506 -0.155415 0.765401 22.9771 
0.775813 0.265622 -0.572327 -33.8586 -0.110889 0.950351 0.290751 -4.54146 0.621142 -0.162104 0.76675 24.0736 
0.905141 0.422158 0.050018 -58.9519 -0.405719 0.822721 0.398148 17.2242 0.12693 -0.380673 0.915957 61.2741 
0.817817 -0.0933547 -0.567855 21.9565 0.244388 0.949696 0.195835 -11.1526 0.521008 -0.298934 0.799493 47.5435 
0.824318 -0.408962 -0.391472 62.3577 0.226194 0.871819 -0.434475 -0.712029 0.518976 0.269597 0.81116 -25.4651 
0.830374 -0.374373 -0.412704 58.6835 0.215961 0.899005 -0.380987 -3.00294 0.513653 0.227234 0.82736 -21.0486 
0.668514 0.449943 -0.59215 -65.1252 -0.379764 0.891117 0.248373 -0.683945 0.639428 0.0588366 0.766596 -10.4071 
0.659771 0.366464 -0.656053 -54.5459 -0.385509 0.914454 0.12311 -3.83686 0.645046 0.17169 0.744606 -24.8569 
0.659771 0.366464 -0.656053 -54.5459 -0.385509 0.914454 0.12311 -3.83686 0.645046 0.17169 0.744606 -24.8569 
-0.0705869 -0.806618 -0.586843 89.0974 0.140835 0.574358 -0.806398 30.4918 0.987514 -0.139569 0.0730583 13.4476 
-0.133027 0.212804 -0.967997 31.5488 0.00876586 0.976892 0.213555 11.592 0.991074 0.0199232 -0.131818 3.9694 
0.00465812 0.108156 -0.994123 30.9779 0.000457237 0.994134 0.108159 11.3166 0.999989 -0.000958372 0.00458127 2.79371 
0.00465812 -0.0959472 -0.995376 31.1543 0.000457237 0.995387 -0.0959462 10.529 0.999989 -8.21013e-06 0.00468043 2.79325 
0.0611197 -0.0313416 -0.997638 -0.920669 -0.429073 0.901617 -0.0546119 -3.6579 0.9012 0.431398 0.0416588 -44.0589 
0.670222 0.182714 -0.719318 -5.17553 -0.353199 0.930952 -0.0926199 -4.49163 0.652728 0.316138 0.688479 -39.1458 
0.814877 -0.0205379 -0.57927 -2.52108 0.042252 0.998818 0.0240242 -1.16862 0.578092 -0.0440522 0.814782 -37.5814 
0.814877 -0.0552043 -0.576999 -2.49612 0.042252 0.998463 -0.0358567 -1.39922 0.578092 0.00483933 0.815957 -37.5998 
0.830374 -0.374373 -0.412704 58.6835 0.215961 0.899005 -0.380987 -3.00294 0.513653 0.227234 0.82736 -21.0486 
0.0836806 0 -0.996493 0.169561 0 1 0 -8.92496 0.996493 0 0.0836806 -0.184397 
0.514638 0.147291 -0.844662 -17.1189 -0.0659522 0.989016 0.13228 -7.24022 0.854867 -0.0123688 0.518699 2.50052 
0.852971 0.179985 -0.489945 -20.9238 -0.113633 0.980185 0.162248 -7.60818 0.509439 -0.082719 0.856521 12.6718 
0.779109 0.2623 -0.569374 -33.2348 -0.109393 0.951206 0.288514 -4.04037 0.617269 -0.162498 0.769787 23.9028 
0.781841 0.26754 -0.563159 -34.0863 -0.11067 0.948461 0.296941 -3.58237 0.613578 -0.169836 0.771154 25.1056 
0.905122 0.421368 0.0565972 -58.7279 -0.406589 0.818991 0.404893 18.4944 0.124256 -0.389489 0.912611 62.4716 
0.823927 -0.0991489 -0.557955 22.941 0.245326 0.94994 0.193466 -10.496 0.510842 -0.296283 0.807005 46.9709 
0.831053 -0.408953 -0.376971 62.5816 0.225517 0.867318 -0.443736 0.592621 0.508421 0.283755 0.813014 -27.5071 
0.837605 -0.372006 -0.400037 58.6536 0.214415 0.897414 -0.385584 -1.95248 0.502437 0.237193 0.831442 -22.6475 
0.674831 0.450046 -0.58486 -65.0496 -0.377241 0.891524 0.250748 -0.0162964 0.634265 0.051421 0.771404 -9.37619 
0.665364 0.359717 -0.654136 -53.6024 -0.383553 0.916475 0.113844 -3.39133 0.640451 0.175149 0.747761 -25.2178 
0.665364 0.359717 -0.654136 -53.6024 -0.383553 0.916475 0.113844 -3.39134 0.640451 0.175149 0.747761 -25.2178 
-0.0596277 -0.813091 -0.579075 89.7151 0.128875 0.568981 -0.812189 31.8261 0.989866 -0.123057 0.0708603 11.7346 
-0.127725 0.221843 -0.966681 31.35 -0.0151579 0.974114 0.225551 12.9704 0.991694 0.0434613 -0.121056 1.90903 
0.0224861 0.11305 -0.993335 30.6642 -0.0254815 0.993328 0.112472 12.7675 0.999422 0.0227826 0.0252166 0.625535 
0.0224861 -0.109484 -0.993734 30.8603 -0.0254815 0.9936 -0.110046 11.9097 0.999422 0.0277963 0.0195523 0.599255 
0.0628499 -0.0316817 -0.99752 -0.900686 -0.415999 0.907698 -0.0550394 -3.46593 0.90719 0.418427 0.0438691 -42.6956 
0.673889 0.177023 -0.717312 -4.82392 -0.332775 0.939541 -0.0807636 -4.32812 0.659647 0.293129 0.692055 -37.1976 
0.819169 -0.0269516 -0.572918 -2.1942 0.051988 0.998272 0.027372 -0.970477 0.571191 -0.0522072 0.819155 -35.9711 
0.819169 -0.0643327 -0.569933 -2.16522 0.051988 0.997927 -0.037921 -1.22193 0.571191 0.00143398 0.820816 -35.9898 
0.837605 -0.372006 -0.400037 58.6536 0.214415 0.897414 -0.385584 -1.95248 0.502437 0.237193 0.831442 -22.6475 
0.0862889 0 -0.99627 0.169079 0 1 0 -8.23559 0.99627 0 0.0862889 -0.184356 
0.516874 0.147258 -0.843301 -17.1123 -0.0659522 0.989016 0.13228 -6.55084 0.853517 -0.0127543 0.520908 2.54581 
0.857337 0.182203 -0.48143 -21.1867 -0.113823 0.979211 0.167898 -6.7864 0.502013 -0.0891475 0.860253 13.4937 
0.784876 0.263775 -0.560706 -33.3933 -0.109084 0.949557 0.294009 -3.12285 0.609975 -0.169596 0.774059 24.8301 
0.787789 0.269359 -0.553926 -34.3005 -0.110497 0.946524 0.303121 -2.6169 0.605953 -0.177588 0.775425 26.14 
0.905109 0.420462 0.0631601 -58.4877 -0.407427 0.815218 0.41161 19.7704 0.121577 -0.398285 0.909169 63.6648 
0.829922 -0.104841 -0.547939 23.9077 0.246204 0.950192 0.1911 -9.84158 0.500612 -0.293503 0.814398 46.3769 
0.837676 -0.408559 -0.362463 62.7512 0.224786 0.862731 -0.452952 1.90714 0.497766 0.29795 0.814528 -29.5578 
0.844709 -0.369387 -0.387324 58.5833 0.212827 0.895807 -0.390172 -0.899612 0.491092 0.247149 0.835312 -24.25 
0.681105 0.450082 -0.577514 -64.9645 -0.374755 0.891901 0.253121 0.655045 0.629011 0.0440242 0.776149 -8.35008 
0.670926 0.353039 -0.652091 -52.6667 -0.381642 0.918379 0.104542 -2.93098 0.635774 0.178725 0.750899 -25.596 
0.670926 0.353039 -0.652091 -52.6667 -0.381642 0.918379 0.104542 -2.93098 0.635774 0.178725 0.750899 -25.596 
-0.0485362 -0.819298 -0.57131 90.3048 0.116963 0.563387 -0.817872 33.1821 0.99195 -0.106519 0.0684829 10.0207 
-0.122327 0.231264 -0.96517 31.1175 -0.0389673 0.970605 0.237505 14.3983 0.991725 0.0666633 -0.109719 -0.126059 
0.0403745 0.118333 -0.992153 30.3147 -0.051478 0.99189 0.116207 14.2748 0.997858 0.0463823 0.0461386 -1.51167 
0.0403745 -0.122523 -0.991644 30.5306 -0.051478 0.99088 -0.124525 13.348 0.997858 0.0560755 0.033699 -1.56821 
0.0645901 -0.032081 -0.997396 -0.874658 -0.402839 0.913588 -0.0554727 -3.25421 0.912989 0.405373 0.0460852 -41.3256 
0.677492 0.171209 -0.715326 -4.46358 -0.312145 0.947537 -0.0688475 -4.12032 0.666011 0.269929 0.695391 -35.2412 
0.823445 -0.0333007 -0.566418 -1.86147 0.0615982 0.997622 0.0308981 -0.738452 0.564042 -0.0603333 0.823539 -34.3533 
0.823445 -0.0733106 -0.56264 -1.8282 0.0615982 0.997307 -0.0397953 -1.01073 0.564042 -0.00188841 0.825744 -34.3721 
0.844709 -0.369387 -0.387324 58.5833 0.212827 0.895807 -0.390172 -0.899597 0.491092 0.247149 0.835312 -24.25 
0.0888968 0 -0.996041 0.168596 0 1 0 -7.5462 0.996041 0 0.0888968 -0.184313 
0.519106 0.147224 -0.841934 -17.1056 -0.0659522 0.989016 0.13228 -5.86146 0.852161 -0.0131398 0.523114 2.59108 
0.861635 0.184346 -0.472865 -21.4399 -0.114046 0.978201 0.17354 -5.96001 0.494549 -0.0955995 0.863876 14.3184 
0.790571 0.265166 -0.551982 -33.5407 -0.108816 0.947872 0.299496 -2.20053 0.602625 -0.176708 0.778214 25.7588 
0.793658 0.27108 -0.544631 -34.5013 -0.110371 0.944541 0.309291 -1.6452 0.598269 -0.18536 0.779562 27.1765 
0.905102 0.419441 0.0697053 -58.2315 -0.408233 0.811401 0.418299 21.052 0.118893 -0.407059 0.905631 64.8535 
0.835803 -0.11043 -0.537809 24.8563 0.247021 0.950453 0.188734 -9.18941 0.49032 -0.290594 0.82167 45.7619 
0.844182 -0.407778 -0.347957 62.8665 0.224002 0.858058 -0.462125 3.23145 0.487012 0.312174 0.8157 -31.6159 
0.851681 -0.366518 -0.374571 58.4727 0.211195 0.894184 -0.394754 0.15567 0.47962 0.257097 0.838967 -25.855 
0.687333 0.450049 -0.570113 -64.8701 -0.372305 0.892251 0.255493 1.32991 0.623669 0.0366469 0.780829 -7.32888 
0.676454 0.346432 -0.649919 -51.7393 -0.379774 0.920167 0.0952054 -2.45586 0.631017 0.18242 0.754017 -25.9917 
0.676454 0.346432 -0.649919 -51.7393 -0.379774 0.920167 0.0952054 -2.45586 0.631017 0.18242 0.754017 -25.9917 
-0.0373165 -0.825236 -0.563554 90.8662 0.105102 0.557577 -0.823445 34.5596 0.993761 -0.0899588 0.0659273 8.30656 
-0.116847 0.241067 -0.963449 30.8513 -0.0626463 0.966373 0.249396 15.8749 0.991172 0.0894977 -0.097816 -2.1339 
0.0582991 0.124011 -0.990567 29.9296 -0.0775051 0.989822 0.119356 15.8376 0.995286 0.0698156 0.0673172 -3.61557 
0.0582991 -0.135039 -0.989124 30.1652 -0.0775051 0.987206 -0.139345 14.8429 0.995286 0.0847858 0.0470871 -3.70683 
0.0663391 -0.0325396 -0.997266 -0.84257 -0.389595 0.919287 -0.0559115 -3.02261 0.918594 0.39224 0.0483074 -39.949 
0.681028 0.165273 -0.713363 -4.09458 -0.291322 0.954933 -0.0568766 -3.868 0.671813 0.246553 0.698483 -33.2779 
0.827702 -0.0395827 -0.55977 -1.52295 0.0710762 0.99687 0.0346056 -0.472354 0.556648 -0.0684296 0.827925 -32.7289 
0.827702 -0.0821326 -0.555125 -1.48515 0.0710762 0.996608 -0.0414755 -0.76542 0.556648 -0.00512696 0.830732 -32.7477 
0.851681 -0.366518 -0.374571 58.4727 0.211195 0.894184 -0.394754 0.155678 0.47962 0.257097 0.838967 -25.855 
0.0915037 0 -0.995805 0.168114 0 1 0 -6.85682 0.995805 0 0.0915037 -0.18427 
0.521335 0.147189 -0.840562 -17.0988 -0.0659522 0.989016 0.13228 -5.17207 0.8508 -0.0135251 0.525316 2.63633 
0.865864 0.186413 -0.464253 -21.6834 -0.114305 0.977155 0.179174 -5.12901 0.487047 -0.102074 0.867391 15.1456 
0.796193 0.266473 -0.543203 -33.677 -0.108591 0.946149 0.304976 -1.27339 0.595219 -0.183833 0.782253 26.6886 
0.799446 0.272701 -0.535275 -34.6885 -0.110291 0.942511 0.315449 -0.667191 0.590527 -0.193148 0.783564 28.2151 
0.905102 0.418305 0.0762313 -57.9591 -0.409007 0.807541 0.424959 22.3394 0.116203 -0.415811 0.901997 66.0374 
0.841569 -0.115912 -0.527566 25.7864 0.247776 0.950723 0.186368 -8.53947 0.479967 -0.28756 0.828819 45.1262 
0.85057 -0.406612 -0.333463 62.9275 0.223163 0.853299 -0.471253 4.56567 0.476161 0.326417 0.816531 -33.68 
0.85852 -0.363398 -0.361782 58.3219 0.209521 0.892545 -0.39933 1.21349 0.468023 0.267032 0.842407 -27.4618 
0.693514 0.44995 -0.562657 -64.7664 -0.369891 0.892573 0.257863 2.0083 0.618238 0.0292901 0.785445 -6.31274 
0.681948 0.339899 -0.647623 -50.8207 -0.37795 0.921838 0.0858371 -1.96588 0.626179 0.186232 0.757111 -26.4047 
0.681948 0.339899 -0.647623 -50.8207 -0.37795 0.921838 0.0858371 -1.96588 0.626179 0.186232 0.757111 -26.4047 
-0.0259736 -0.830905 -0.555807 91.3993 0.0932962 0.551553 -0.828906 35.9584 0.9953 -0.0733844 0.0631945 6.5928 
-0.111299 0.251249 -0.961503 30.5517 -0.086179 0.961429 0.261205 17.3994 0.990043 0.111933 -0.0853536 -4.11257 
0.0762348 0.130085 -0.988568 29.5094 -0.103535 0.987126 0.121911 17.4548 0.9917 0.0930573 0.0887216 -5.68388 
0.0762348 -0.14701 -0.986193 29.7646 -0.103535 0.982558 -0.154472 16.3938 0.9917 0.113881 0.0596843 -5.81428 
0.0680952 -0.0330582 -0.997131 -0.804387 -0.376271 0.924794 -0.0563559 -2.77106 0.924004 0.379029 0.0505353 -38.5664 
0.684491 0.159215 -0.711423 -3.71697 -0.270321 0.961725 -0.0448561 -3.57102 0.677051 0.223016 0.701331 -31.3087 
0.831937 -0.0457951 -0.552978 -1.17871 0.0804156 0.996018 0.0384969 -0.172087 0.549013 -0.0764951 0.832306 -31.0986 
0.831937 -0.0907937 -0.547392 -1.13614 0.0804156 0.995835 -0.0429579 -0.485898 0.549013 -0.00828069 0.835773 -31.1171 
0.85852 -0.363398 -0.361782 58.3219 0.209521 0.892545 -0.39933 1.2135 0.468023 0.267032 0.842407 -27.4618 
0.0941104 0 -0.995562 0.167631 0 1 0 -6.16743 0.995562 0 0.0941104 -0.184225 
0.523561 0.147153 -0.839184 -17.0918 -0.0659522 0.989016 0.13228 -4.48269 0.849432 -0.0139104 0.527515 2.68157 
0.870023 0.188403 -0.455592 -21.917 -0.114597 0.976072 0.184799 -4.29343 0.479508 -0.10857 0.870796 15.9753 
0.801741 0.267695 -0.534369 -33.8022 -0.108407 0.944389 0.310448 -0.341476 0.587758 -0.190969 0.786175 27.6195 
0.805154 0.274223 -0.52586 -34.8622 -0.110258 0.940436 0.321595 0.317078 0.582727 -0.200953 0.787431 29.2554 
0.905109 0.417052 0.0827375 -57.6707 -0.40975 0.803639 0.43159 23.6324 0.113505 -0.424538 0.898267 67.2163 
0.847219 -0.121284 -0.517214 26.6975 0.248471 0.951002 0.184001 -7.8918 0.469555 -0.284402 0.835843 44.4703 
0.856838 -0.40506 -0.318991 62.934 0.222272 0.848452 -0.480338 5.9098 0.465214 0.340669 0.817019 -35.7488 
0.86522 -0.360027 -0.348961 58.1307 0.207806 0.890887 -0.403901 2.2739 0.456301 0.276948 0.84563 -29.0694 
0.699648 0.449783 -0.555146 -64.6536 -0.367515 0.892868 0.260231 2.69022 0.61272 0.0219542 0.789996 -5.3017 
0.687408 0.333444 -0.645202 -49.9113 -0.37617 0.923392 0.0764382 -1.46097 0.621262 0.190161 0.760179 -26.8351 
0.687408 0.333444 -0.645202 -49.9113 -0.37617 0.923392 0.0764382 -1.46097 0.621262 0.190161 0.760179 -26.8351 
-0.0145113 -0.836303 -0.548076 91.9039 0.0815487 0.545317 -0.834253 37.3783 0.996564 -0.056801 0.0602862 4.88001 
-0.105695 0.261808 -0.959315 30.2191 -0.10955 0.955781 0.272913 18.971 0.988346 0.133938 -0.0723404 -6.06017 
0.0941566 0.136558 -0.986147 29.0544 -0.129539 0.983807 0.123866 19.1254 0.987094 0.116082 0.110322 -7.71435 
0.0941566 -0.158417 -0.982873 29.329 -0.129539 0.976916 -0.169866 17.9996 0.987094 0.143315 0.0714619 -7.88829 
0.0698578 -0.0336365 -0.99699 -0.760121 -0.362868 0.930108 -0.0568057 -2.49946 0.929219 0.365744 0.0527697 -37.1778 
0.687879 0.153036 -0.709508 -3.33086 -0.249158 0.967908 -0.0327912 -3.22924 0.68172 0.199336 0.703934 -29.3347 
0.836146 -0.0519357 -0.546042 -0.828856 0.0896099 0.995067 0.0425744 0.162462 0.541137 -0.0845293 0.836675 -29.4631 
0.836146 -0.0992887 -0.539446 -0.781288 0.0896099 0.994994 -0.0442392 -0.172051 0.541137 -0.0113493 0.840858 -29.4812 
0.86522 -0.360027 -0.348961 58.1307 0.207806 0.890887 -0.403901 2.27389 0.456301 0.276948 0.84563 -29.0694 
0.0956739 0 -0.995413 0.167342 0 1 0 -5.63859 0.995413 0 0.0956739 -0.184197 
0.524894 0.147131 -0.838355 -17.0876 -0.0659522 0.989016 0.13228 -3.95384 0.848608 -0.0141415 0.528833 2.7087 
0.873618 0.190438 -0.447801 -22.1583 -0.114924 0.974954 0.190416 -3.6138 0.472848 -0.114887 0.873623 16.784 
0.806607 0.26904 -0.52631 -33.9461 -0.108266 0.942592 0.315911 0.434647 0.581088 -0.197835 0.789429 28.5157 
0.810177 0.275863 -0.517216 -35.0539 -0.110272 0.938314 0.327729 1.147 0.57572 -0.208485 0.790621 30.2605 
0.905005 0.416139 0.0882852 -57.4378 -0.410461 0.799694 0.438191 24.7704 0.111747 -0.432803 0.894536 68.3297 
0.852271 -0.126251 -0.507637 27.5434 0.249105 0.951292 0.181633 -7.4071 0.459979 -0.281255 0.842208 43.8231 
