21 109 1.08333 1
0.891007 0 -0.45399 -0.69105 0 1 0 -14.8238 0.45399 0 0.891007 -0.254758 
0.891007 0 -0.45399 -1.15142 0 1 0 -16.1852 0.45399 0 0.891007 1.147 
0.878814 0 -0.477164 -1.12561 0 1 0 -13.7325 0.477164 0 0.878814 1.58275 
0.874768 0.314754 -0.368388 -46.0098 -0.0958455 0.857663 0.505201 8.59448 0.474967 -0.406626 0.780424 59.7222 
0.874768 0.238679 -0.421678 -33.6164 -0.0958455 0.938302 0.332269 -4.77721 0.474967 -0.250243 0.843673 34.1984 
0.950797 0.238679 -0.197527 -33.1671 -0.173382 0.938302 0.299212 -4.83118 0.256756 -0.250243 0.933518 34.4245 
0.860208 -0.308133 -0.40632 52.9599 0.467971 0.793559 0.388931 6.23793 0.202597 -0.524708 0.826823 83.2116 
0.860208 -0.500275 0.0988287 77.6504 0.467971 0.697442 -0.54275 18.589 0.202597 0.513127 0.83406 -50.1515 
0.790677 -0.500275 0.352924 80.195 0.60952 0.697442 -0.376908 15.5491 -0.0575865 0.513127 0.856379 -43.5387 
0.874768 -0.0840494 -0.477196 17.6397 -0.0958455 0.935366 -0.340446 -0.4496 0.474967 0.343549 0.810173 -59.3289 
0.874768 -0.483367 0.0337085 69.2431 -0.0958455 -0.240809 -0.965828 151.546 0.474967 0.841645 -0.256981 -123.697 
0.874768 -0.419671 0.242191 63.594 -0.0958455 -0.639829 -0.762517 191.663 0.474967 0.643813 -0.599926 -105.198 
0.703889 -0.301574 -0.643113 30.6869 0.447934 0.891132 0.0723875 -8.07909 0.551268 -0.339025 0.762342 32.2849 
0.311722 0.269784 -0.911069 2.90538 0.428192 0.816077 0.388161 -2.92863 0.848222 -0.511111 0.13887 36.8851 
0.309639 0.17525 -0.934565 4.11753 0.0426429 0.97932 0.197771 1.78347 0.949897 -0.10109 0.295763 30.0076 
0.309639 0.17525 -0.934565 4.11753 0.0426429 0.97932 0.197771 1.78347 0.949897 -0.10109 0.295763 30.0076 
0.931637 -0.11896 -0.343367 11.986 -0.183958 0.660493 -0.727948 14.9398 0.313388 0.741348 0.593457 -76.8485 
0.932165 0.04876 -0.358736 2.4207 -0.205281 0.887387 -0.412801 2.43584 0.298209 0.45844 0.8372 -60.4309 
0.932165 0.190456 -0.307889 0.49669 -0.205281 0.97857 -0.0161787 -2.16881 0.298209 0.0782847 0.951285 -57.5864 
0.932165 0.190456 -0.307889 0.49669 -0.205281 0.97857 -0.0161787 -2.16881 0.298209 0.0782847 0.951285 -57.5864 
0.790677 -0.500275 0.352924 80.195 0.60952 0.697442 -0.376908 15.5491 -0.0575865 0.513127 0.856379 -43.5387 
0.891007 0 -0.45399 -0.69105 0 1 0 -15.4216 0.45399 0 0.891007 -0.254758 
0.891007 0 -0.45399 -1.15142 0 1 0 -16.783 0.45399 0 0.891007 1.147 
0.878814 0 -0.477164 -1.12561 0 1 0 -14.3303 0.477164 0 0.878814 1.58275 
0.874768 0.314754 -0.368388 -46.0098 -0.0958455 0.857663 0.505201 7.99667 0.474967 -0.406626 0.780424 59.7222 
0.874768 0.238679 -0.421678 -33.6164 -0.0958455 0.938302 0.332269 -5.37502 0.474967 -0.250243 0.843673 34.1984 
0.950797 0.238679 -0.197527 -33.1671 -0.173382 0.938302 0.299212 -5.42899 0.256756 -0.250243 0.933518 34.4245 
0.860208 -0.308133 -0.40632 52.9599 0.467971 0.793559 0.388931 5.64012 0.202597 -0.524708 0.826823 83.2116 
0.860208 -0.500275 0.0988287 77.6504 0.467971 0.697442 -0.54275 17.9912 0.202597 0.513127 0.83406 -50.1515 
0.790677 -0.500275 0.352924 80.195 0.60952 0.697442 -0.376908 14.9513 -0.0575865 0.513127 0.856379 -43.5387 
0.874768 -0.0840495 -0.477196 17.6397 -0.0958455 0.935366 -0.340447 -1.04741 0.474967 0.343549 0.810173 -59.3289 
0.874768 -0.483367 0.0337085 69.2431 -0.0958455 -0.240809 -0.965828 150.949 0.474967 0.841645 -0.256981 -123.697 
0.874768 -0.419671 0.242191 63.594 -0.0958455 -0.639829 -0.762517 191.066 0.474967 0.643813 -0.599926 -105.198 
0.703889 -0.301574 -0.643113 30.6869 0.447934 0.891132 0.0723875 -8.6769 0.551268 -0.339025 0.762342 32.2849 
0.315315 0.275326 -0.90817 2.5524 0.441209 0.804737 0.397156 -3.03456 0.840185 -0.525921 0.132269 37.8106 
0.310524 0.182221 -0.932936 3.79414 0.0575863 0.976045 0.209808 1.54355 0.94882 -0.118875 0.292592 30.8484 
0.310524 0.182221 -0.932936 3.79414 0.0575863 0.976045 0.209808 1.54355 0.94882 -0.118875 0.292592 30.8484 
0.933856 -0.100706 -0.343179 10.1769 -0.199699 0.649208 -0.733928 15.3145 0.296706 0.753915 0.586155 -78.2791 
0.93392 0.0867508 -0.346796 -0.492107 -0.220767 0.902973 -0.368648 1.38986 0.281167 0.420849 0.862457 -58.945 
0.93392 0.206188 -0.292027 -2.22406 -0.220767 0.97517 -0.0175014 -2.59931 0.281167 0.0808149 0.95625 -56.3244 
0.93392 0.206188 -0.292027 -2.22406 -0.220767 0.97517 -0.0175014 -2.59931 0.281167 0.0808149 0.95625 -56.3244 
0.790677 -0.500275 0.352924 80.195 0.60952 0.697442 -0.376908 14.9513 -0.0575865 0.513127 0.856379 -43.5387 
0.891006 0 -0.453991 -0.69105 0 1 0 -16.0194 0.453991 0 0.891006 -0.254758 
0.891006 0 -0.453991 -1.15143 0 1 0 -17.3808 0.453991 0 0.891006 1.147 
0.878814 0 -0.477164 -1.12561 0 1 0 -14.9281 0.477164 0 0.878814 1.58275 
0.874768 0.314754 -0.368389 -46.0098 -0.0958455 0.857663 0.505201 7.39887 0.474967 -0.406626 0.780424 59.7222 
0.874768 0.238679 -0.421678 -33.6164 -0.0958455 0.938302 0.332269 -5.97281 0.474967 -0.250243 0.843673 34.1984 
0.950797 0.238679 -0.197527 -33.1671 -0.173382 0.938302 0.299212 -6.02679 0.256756 -0.250243 0.933518 34.4245 
0.860208 -0.308132 -0.406321 52.9598 0.46797 0.793559 0.388931 5.04231 0.202597 -0.524708 0.826823 83.2116 
0.860208 -0.500275 0.0988287 77.6504 0.46797 0.697442 -0.54275 17.3934 0.202597 0.513127 0.834059 -50.1515 
0.790677 -0.500275 0.352924 80.195 0.609519 0.697442 -0.376908 14.3535 -0.0575864 0.513127 0.856379 -43.5387 
0.874768 -0.0840494 -0.477196 17.6397 -0.0958455 0.935366 -0.340446 -1.64522 0.474967 0.343549 0.810173 -59.3289 
0.874768 -0.483367 0.0337085 69.2431 -0.0958455 -0.240809 -0.965828 150.351 0.474967 0.841645 -0.256981 -123.697 
0.874768 -0.419671 0.242191 63.594 -0.0958455 -0.639829 -0.762517 190.468 0.474967 0.643813 -0.599926 -105.198 
0.703889 -0.301574 -0.643113 30.6869 0.447934 0.891132 0.0723875 -9.2747 0.551268 -0.339025 0.762342 32.2849 
0.318995 0.280778 -0.90521 2.20353 0.454051 0.793092 0.406008 -3.1213 0.831913 -0.540527 0.125505 38.7273 
0.311515 0.189157 -0.931224 3.47384 0.0725011 0.972399 0.221774 1.32107 0.947471 -0.136601 0.289203 31.6828 
0.311515 0.189157 -0.931224 3.47384 0.0725011 0.972399 0.221774 1.32107 0.947471 -0.136601 0.289203 31.6828 
0.935653 -0.0824054 -0.343165 8.35873 -0.21518 0.637507 -0.739785 15.7334 0.279732 0.766025 0.578754 -79.6668 
0.935253 0.123529 -0.331728 -3.33539 -0.235984 0.916087 -0.324186 0.505714 0.263845 0.381478 0.885924 -57.3443 
0.935253 0.22173 -0.275931 -4.85899 -0.235984 0.971569 -0.0191277 -2.88562 0.263845 0.0830045 0.960987 -54.9768 
0.935253 0.22173 -0.275931 -4.85899 -0.235984 0.971569 -0.0191277 -2.88562 0.263845 0.0830045 0.960987 -54.9768 
0.790677 -0.500275 0.352924 80.195 0.609519 0.697442 -0.376908 14.3535 -0.0575864 0.513127 0.856379 -43.5387 
0.891007 0 -0.45399 -0.69105 0 1 0 -16.6172 0.45399 0 0.891007 -0.254758 
0.891007 0 -0.45399 -1.15142 0 1 0 -17.9786 0.45399 0 0.891007 1.147 
0.878814 0 -0.477164 -1.12561 0 1 0 -15.5259 0.477164 0 0.878814 1.58275 
0.874768 0.314754 -0.368388 -46.0098 -0.0958455 0.857663 0.505201 6.80106 0.474967 -0.406626 0.780424 59.7222 
0.874768 0.238679 -0.421678 -33.6164 -0.0958455 0.938302 0.332269 -6.57062 0.474967 -0.250243 0.843673 34.1984 
0.950797 0.238679 -0.197527 -33.1671 -0.173382 0.938302 0.299212 -6.6246 0.256756 -0.250243 0.933518 34.4245 
0.860208 -0.308132 -0.40632 52.9598 0.46797 0.793559 0.388931 4.44452 0.202597 -0.524708 0.826823 83.2116 
0.860208 -0.500275 0.0988287 77.6504 0.46797 0.697442 -0.54275 16.7956 0.202597 0.513127 0.834059 -50.1515 
0.790677 -0.500275 0.352924 80.195 0.609519 0.697442 -0.376908 13.7557 -0.0575865 0.513127 0.856379 -43.5387 
0.874768 -0.0840495 -0.477196 17.6397 -0.0958455 0.935366 -0.340446 -2.24303 0.474967 0.343549 0.810173 -59.3289 
0.874768 -0.483367 0.0337085 69.2431 -0.0958455 -0.240809 -0.965828 149.753 0.474967 0.841645 -0.256981 -123.697 
0.874768 -0.419671 0.242191 63.594 -0.0958455 -0.639829 -0.762517 189.87 0.474967 0.643813 -0.599926 -105.198 
0.703889 -0.301574 -0.643113 30.6869 0.447934 0.891132 0.0723875 -9.87251 0.551268 -0.339025 0.762342 32.2849 
0.322763 0.286136 -0.902192 1.85892 0.466716 0.781145 0.414715 -3.18906 0.823408 -0.554922 0.118581 39.6348 
0.312612 0.196056 -0.929428 3.15678 0.0873815 0.968383 0.233664 1.11593 0.945853 -0.154261 0.285597 32.5105 
0.312612 0.196056 -0.929428 3.15678 0.0873815 0.968383 0.233664 1.11593 0.945853 -0.154261 0.285597 32.5105 
0.937029 -0.0640688 -0.343324 6.53266 -0.230393 0.625399 -0.745517 16.196 0.262479 0.777671 0.571256 -81.0109 
0.936161 0.158854 -0.313636 -6.09523 -0.25092 0.926758 -0.279568 -0.218853 0.246254 0.340418 0.907455 -55.6339 
0.936161 0.237073 -0.259611 -7.39745 -0.25092 0.967779 -0.0210587 -3.0312 0.246254 0.084856 0.965483 -53.5491 
0.936161 0.237073 -0.259611 -7.39745 -0.25092 0.967779 -0.0210587 -3.0312 0.246254 0.084856 0.965483 -53.5491 
0.790677 -0.500275 0.352924 80.195 0.609519 0.697442 -0.376908 13.7557 -0.0575865 0.513127 0.856379 -43.5387 
0.891007 0 -0.45399 -0.69105 0 1 0 -17.215 0.45399 0 0.891007 -0.254758 
0.891007 0 -0.45399 -1.15142 0 1 0 -18.5764 0.45399 0 0.891007 1.147 
0.878814 0 -0.477164 -1.12561 0 1 0 -16.1237 0.477164 0 0.878814 1.58275 
0.874768 0.314754 -0.368388 -46.0098 -0.0958455 0.857663 0.505201 6.20325 0.474967 -0.406626 0.780424 59.7222 
0.874768 0.238679 -0.421678 -33.6164 -0.0958455 0.938302 0.332269 -7.16844 0.474967 -0.250243 0.843673 34.1984 
0.950797 0.238679 -0.197527 -33.1671 -0.173382 0.938302 0.299212 -7.22241 0.256755 -0.250243 0.933518 34.4245 
0.860208 -0.308132 -0.40632 52.9598 0.467971 0.793559 0.388931 3.84669 0.202597 -0.524708 0.826823 83.2116 
0.860208 -0.500275 0.0988287 77.6504 0.467971 0.697442 -0.54275 16.1978 0.202597 0.513127 0.834059 -50.1515 
0.790676 -0.500275 0.352924 80.195 0.60952 0.697442 -0.376908 13.1578 -0.0575866 0.513127 0.856379 -43.5387 
0.874768 -0.0840494 -0.477196 17.6397 -0.0958455 0.935366 -0.340447 -2.84084 0.474967 0.343549 0.810173 -59.3289 
0.874768 -0.483367 0.0337085 69.2431 -0.0958455 -0.240809 -0.965828 149.155 0.474967 0.841645 -0.256981 -123.697 
0.874768 -0.419671 0.242191 63.594 -0.0958455 -0.639829 -0.762517 189.272 0.474967 0.643813 -0.599926 -105.198 
0.703889 -0.301574 -0.643113 30.6869 0.447934 0.891132 0.0723875 -10.4703 0.551268 -0.339025 0.762342 32.2849 
0.326617 0.2914 -0.899115 1.51868 0.479197 0.768902 0.423274 -3.23801 0.814673 -0.569101 0.111498 40.5327 
0.313816 0.202915 -0.927548 2.84305 0.102222 0.963999 0.245473 0.927969 0.943965 -0.171849 0.281776 33.331 
0.313816 0.202915 -0.927548 2.84305 0.102222 0.963999 0.245473 0.927969 0.943965 -0.171849 0.281776 33.331 
0.937983 -0.0457078 -0.343656 4.69986 -0.245327 0.61289 -0.751119 16.7016 0.244955 0.788845 0.563667 -82.3104 
0.936646 0.192495 -0.292644 -8.75824 -0.265567 0.935028 -0.234942 -0.786674 0.228405 0.297774 0.92691 -53.8198 
0.936646 0.252207 -0.243077 -9.82937 -0.265567 0.963811 -0.0232949 -3.03995 0.228405 0.0863723 0.969727 -52.0472 
0.936646 0.252207 -0.243077 -9.82937 -0.265567 0.963811 -0.0232949 -3.03995 0.228405 0.0863723 0.969727 -52.0472 
0.790676 -0.500275 0.352924 80.195 0.60952 0.697442 -0.376908 13.1578 -0.0575866 0.513127 0.856379 -43.5387 
0.891007 0 -0.45399 -0.69105 0 1 0 -17.8128 0.45399 0 0.891007 -0.254758 
0.891007 0 -0.45399 -1.15142 0 1 0 -19.1742 0.45399 0 0.891007 1.147 
0.878814 0 -0.477164 -1.12561 0 1 0 -16.7215 0.477164 0 0.878814 1.58275 
0.874768 0.314754 -0.368388 -46.0098 -0.0958455 0.857663 0.505201 5.60544 0.474967 -0.406626 0.780424 59.7222 
0.874768 0.238679 -0.421678 -33.6164 -0.0958455 0.938302 0.332269 -7.76625 0.474967 -0.250243 0.843673 34.1984 
0.950797 0.238679 -0.197527 -33.1671 -0.173382 0.938302 0.299212 -7.82022 0.256756 -0.250243 0.933518 34.4245 
0.860208 -0.308132 -0.40632 52.9598 0.467971 0.793559 0.388931 3.24889 0.202597 -0.524708 0.826823 83.2116 
0.860208 -0.500275 0.0988287 77.6504 0.467971 0.697442 -0.54275 15.6 0.202597 0.513127 0.834059 -50.1515 
0.790676 -0.500275 0.352924 80.195 0.60952 0.697442 -0.376908 12.56 -0.0575865 0.513127 0.856379 -43.5387 
0.874768 -0.0840494 -0.477196 17.6397 -0.0958455 0.935366 -0.340446 -3.43864 0.474967 0.343549 0.810173 -59.3289 
0.874768 -0.483367 0.0337085 69.2431 -0.0958455 -0.240809 -0.965828 148.557 0.474967 0.841645 -0.256981 -123.697 
0.874768 -0.419671 0.242191 63.594 -0.0958455 -0.639829 -0.762517 188.674 0.474967 0.643813 -0.599926 -105.198 
0.703889 -0.301574 -0.643113 30.6869 0.447934 0.891132 0.0723875 -11.0681 0.551268 -0.339025 0.762342 32.2849 
0.330555 0.296567 -0.895981 1.18296 0.491489 0.756366 0.431681 -3.26839 0.805712 -0.583059 0.104261 41.4207 
0.315125 0.209731 -0.925586 2.53278 0.117017 0.959248 0.257198 0.757025 0.941809 -0.189358 0.277741 34.1442 
0.315125 0.209731 -0.925586 2.53279 0.117017 0.959248 0.257198 0.757023 0.941809 -0.189358 0.277741 34.1442 
0.938512 -0.0273337 -0.344162 2.86144 -0.259974 0.599989 -0.756589 17.2496 0.227173 0.799542 0.555991 -83.5645 
0.936705 0.224231 -0.268893 -11.3117 -0.279916 0.940945 -0.190449 -1.20114 0.210309 0.253662 0.944154 -51.9082 
0.936705 0.267122 -0.226337 -12.1454 -0.279916 0.959677 -0.0258363 -2.91617 0.210309 0.0875563 0.973706 -50.4776 
0.936705 0.267122 -0.226337 -12.1454 -0.279916 0.959677 -0.0258363 -2.91617 0.210309 0.0875563 0.973706 -50.4776 
0.790676 -0.500275 0.352924 80.195 0.60952 0.697442 -0.376908 12.56 -0.0575865 0.513127 0.856379 -43.5387 
0.891007 0 -0.453991 -0.69105 0 1 0 -18.4106 0.453991 0 0.891007 -0.254758 
0.891007 0 -0.453991 -1.15142 0 1 0 -19.772 0.453991 0 0.891007 1.147 
0.878814 0 -0.477164 -1.12561 0 1 0 -17.3193 0.477164 0 0.878814 1.58275 
0.874768 0.314754 -0.368388 -46.0098 -0.0958455 0.857663 0.505201 5.00763 0.474967 -0.406626 0.780424 59.7222 
0.874768 0.238679 -0.421678 -33.6164 -0.0958455 0.938302 0.332269 -8.36406 0.474967 -0.250243 0.843673 34.1984 
0.950797 0.238679 -0.197527 -33.1671 -0.173382 0.938302 0.299212 -8.41803 0.256756 -0.250243 0.933518 34.4245 
0.860208 -0.308132 -0.40632 52.9598 0.467971 0.793559 0.388931 2.65108 0.202597 -0.524708 0.826823 83.2116 
0.860208 -0.500275 0.0988287 77.6504 0.467971 0.697442 -0.54275 15.0021 0.202597 0.513127 0.834059 -50.1515 
0.790677 -0.500275 0.352924 80.195 0.60952 0.697442 -0.376908 11.9622 -0.0575865 0.513127 0.856379 -43.5387 
0.874768 -0.0840494 -0.477196 17.6397 -0.0958455 0.935366 -0.340446 -4.03645 0.474967 0.343549 0.810173 -59.3289 
0.874768 -0.483367 0.0337085 69.2431 -0.0958455 -0.240809 -0.965828 147.959 0.474967 0.841645 -0.256981 -123.697 
0.874768 -0.419671 0.242191 63.594 -0.0958455 -0.639829 -0.762517 188.077 0.474967 0.643813 -0.599926 -105.198 
0.703889 -0.301574 -0.643113 30.6869 0.447934 0.891132 0.0723875 -11.6659 0.551268 -0.339025 0.762342 32.2849 
0.334575 0.301635 -0.892791 0.851862 0.50359 0.743544 0.439932 -3.2804 0.796528 -0.596791 0.0968709 42.2984 
0.316538 0.216502 -0.923542 2.22609 0.13176 0.954132 0.268833 0.602934 0.939384 -0.206782 0.273493 34.9496 
0.316538 0.216502 -0.923542 2.22609 0.13176 0.954132 0.268833 0.602934 0.939384 -0.206782 0.273493 34.9496 
0.938619 -0.00895768 -0.344841 1.01852 -0.274325 0.586703 -0.761923 17.8391 0.209144 0.809753 0.548233 -84.7725 
0.936341 0.253852 -0.24254 -13.7434 -0.293958 0.944568 -0.146221 -1.46613 0.191977 0.208209 0.959059 -49.9064 
0.936341 0.281811 -0.209402 -14.3368 -0.293958 0.955388 -0.0286824 -2.6645 0.191977 0.0884117 0.977409 -48.8472 
0.936341 0.281811 -0.209402 -14.3368 -0.293958 0.955388 -0.0286824 -2.6645 0.191977 0.0884117 0.977409 -48.8472 
0.790677 -0.500275 0.352924 80.195 0.60952 0.697442 -0.376908 11.9622 -0.0575865 0.513127 0.856379 -43.5387 
0.891007 0 -0.45399 -0.69105 0 1 0 -19.0084 0.45399 0 0.891007 -0.254758 
0.891007 0 -0.45399 -1.15142 0 1 0 -20.3698 0.45399 0 0.891007 1.147 
0.878814 0 -0.477164 -1.12561 0 1 0 -17.9171 0.477164 0 0.878814 1.58275 
0.874768 0.314754 -0.368388 -46.0098 -0.0958455 0.857663 0.505201 4.40983 0.474967 -0.406626 0.780424 59.7222 
0.874768 0.238679 -0.421678 -33.6164 -0.0958455 0.938302 0.332269 -8.96185 0.474967 -0.250243 0.843673 34.1984 
0.950797 0.238679 -0.197527 -33.1671 -0.173382 0.938302 0.299212 -9.01584 0.256756 -0.250243 0.933518 34.4245 
0.860208 -0.308132 -0.40632 52.9598 0.46797 0.793559 0.388931 2.05327 0.202597 -0.524708 0.826823 83.2116 
0.860208 -0.500275 0.0988287 77.6504 0.46797 0.697442 -0.54275 14.4043 0.202597 0.513127 0.83406 -50.1515 
0.790677 -0.500275 0.352924 80.195 0.609519 0.697442 -0.376908 11.3644 -0.0575865 0.513127 0.856379 -43.5387 
0.874768 -0.0840494 -0.477196 17.6397 -0.0958455 0.935366 -0.340446 -4.63426 0.474967 0.343549 0.810173 -59.3289 
0.874768 -0.483367 0.0337085 69.2431 -0.0958455 -0.240809 -0.965828 147.362 0.474967 0.841645 -0.256981 -123.697 
0.874768 -0.419671 0.242191 63.594 -0.0958455 -0.639829 -0.762517 187.479 0.474967 0.643813 -0.599926 -105.198 
0.703889 -0.301574 -0.643113 30.6869 0.447934 0.891132 0.0723875 -12.2637 0.551268 -0.339025 0.762342 32.2849 
0.338677 0.306602 -0.889546 0.525534 0.515492 0.730438 0.448026 -3.27426 0.787125 -0.610291 0.0893314 43.1656 
0.318057 0.223226 -0.921418 1.9231 0.146447 0.948653 0.280375 0.46554 0.936693 -0.224114 0.269035 35.7471 
0.318057 0.223226 -0.921418 1.9231 0.146447 0.948653 0.280375 0.46554 0.936693 -0.224114 0.269035 35.7471 
0.938301 0.00940865 -0.345692 -0.827739 -0.28837 0.57304 -0.767117 18.4695 0.190878 0.819473 0.540397 -85.9336 
0.935551 0.281161 -0.213757 -16.0421 -0.307684 0.945964 -0.102384 -1.58598 0.17342 0.161555 0.971507 -47.8222 
0.935551 0.296263 -0.192281 -16.3957 -0.307684 0.950956 -0.0318323 -2.28989 0.17342 0.0889426 0.980824 -47.1635 
0.935551 0.296263 -0.192281 -16.3957 -0.307684 0.950956 -0.0318323 -2.28989 0.17342 0.0889426 0.980824 -47.1635 
0.790677 -0.500275 0.352924 80.195 0.609519 0.697442 -0.376908 11.3644 -0.0575865 0.513127 0.856379 -43.5387 
0.891007 0 -0.45399 -0.69105 0 1 0 -19.6062 0.45399 0 0.891007 -0.254758 
0.891007 0 -0.45399 -1.15142 0 1 0 -20.9676 0.45399 0 0.891007 1.147 
0.878814 0 -0.477164 -1.12561 0 1 0 -18.5149 0.477164 0 0.878814 1.58275 
0.874768 0.314754 -0.368388 -46.0098 -0.0958455 0.857663 0.505201 3.81201 0.474967 -0.406626 0.780424 59.7222 
0.874768 0.238679 -0.421678 -33.6164 -0.0958455 0.938302 0.332269 -9.55968 0.474967 -0.250243 0.843673 34.1984 
0.950797 0.238679 -0.197527 -33.1671 -0.173382 0.938302 0.299212 -9.61365 0.256756 -0.250243 0.933518 34.4245 
0.860208 -0.308133 -0.40632 52.9599 0.467971 0.793559 0.388931 1.45546 0.202597 -0.524708 0.826823 83.2116 
0.860208 -0.500275 0.0988287 77.6504 0.467971 0.697442 -0.54275 13.8065 0.202597 0.513127 0.83406 -50.1515 
0.790677 -0.500275 0.352924 80.195 0.60952 0.697442 -0.376908 10.7666 -0.0575865 0.513127 0.856379 -43.5387 
0.874768 -0.0840494 -0.477196 17.6397 -0.0958455 0.935366 -0.340446 -5.23207 0.474967 0.343549 0.810173 -59.3289 
0.874768 -0.483367 0.0337085 69.2431 -0.0958455 -0.240809 -0.965828 146.764 0.474967 0.841645 -0.256981 -123.697 
0.874768 -0.419671 0.242191 63.594 -0.0958455 -0.639829 -0.762517 186.881 0.474967 0.643813 -0.599926 -105.198 
0.703889 -0.301574 -0.643113 30.6869 0.447934 0.891132 0.0723875 -12.8615 0.551268 -0.339025 0.762342 32.2849 
0.342858 0.311467 -0.886248 0.204082 0.527193 0.717056 0.455958 -3.25021 0.777506 -0.623553 0.0816453 44.0218 
0.319679 0.229899 -0.919213 1.62391 0.161071 0.942814 0.291818 0.344658 0.933735 -0.241347 0.264367 36.5362 
0.319679 0.229899 -0.919213 1.62391 0.161071 0.942814 0.291818 0.344658 0.933735 -0.241347 0.264367 36.5362 
0.93756 0.0277539 -0.346715 -2.67619 -0.3021 0.55901 -0.772168 19.1401 0.172386 0.828696 0.53249 -87.0471 
0.934338 0.305975 -0.182734 -18.1972 -0.321085 0.945207 -0.0590572 -1.56539 0.154651 0.113852 0.981387 -45.664 
0.934338 0.310471 -0.174987 -18.315 -0.321085 0.946393 -0.0352849 -1.79748 0.154651 0.0891536 0.983938 -45.4342 
0.934338 0.310471 -0.174987 -18.315 -0.321085 0.946393 -0.0352849 -1.79748 0.154651 0.0891536 0.983938 -45.4342 
0.790677 -0.500275 0.352924 80.195 0.60952 0.697442 -0.376908 10.7666 -0.0575865 0.513127 0.856379 -43.5387 
0.896704 0.00530568 -0.442598 -1.25055 -0.000318264 0.999936 0.011342 -14.0436 0.44263 -0.0100296 0.896648 0.845569 
0.896704 0.00324569 -0.442618 -1.45662 -0.000318264 0.999978 0.006688 -15.4055 0.44263 -0.00585629 0.896685 1.77306 
0.887724 0.00199525 -0.460373 -1.24731 -0.00229594 0.999997 -9.32161e-05 -12.9685 0.460371 0.00113974 0.887726 1.32107 
0.883445 0.300142 -0.359776 -43.7721 -0.0981306 0.869375 0.484311 7.59761 0.458142 -0.392557 0.797499 57.6303 
0.883445 0.225764 -0.410554 -31.6538 -0.0981306 0.945975 0.309033 -5.11551 0.458142 -0.232725 0.857872 31.5393 
0.956283 0.228238 -0.182837 -31.613 -0.165892 0.938253 0.303581 -3.81403 0.240836 -0.259978 0.935098 36.3277 
0.858503 -0.345636 -0.378825 58.9243 0.471968 0.82145 0.320103 2.83978 0.200546 -0.453603 0.868346 71.6296 
0.858503 -0.492002 0.14459 77.7325 0.471968 0.647806 -0.59799 25.1532 0.200546 0.581618 0.788353 -61.3977 
0.775289 -0.492002 0.396055 80.613 0.629943 0.647806 -0.42839 21.7119 -0.045798 0.581618 0.812171 -55.1282 
0.879852 -0.108661 -0.462659 21.3521 -0.091677 0.91642 -0.389576 3.69986 0.466322 0.385185 0.796352 -65.4594 
0.876831 -0.47745 0.0566545 68.9382 -0.098646 -0.293974 -0.950709 159.952 0.470571 0.828022 -0.304864 -122.585 
0.876831 -0.404293 0.260221 62.3378 -0.098646 -0.680986 -0.725622 198.949 0.470571 0.610578 -0.636991 -102.112 
0.72121 -0.308794 -0.620083 31.3101 0.445558 0.892196 0.0739187 -7.42756 0.53041 -0.329594 0.781046 31.5768 
0.368588 0.289522 -0.883357 1.50864 0.529631 0.715541 0.455513 2.26347 0.763959 -0.63575 0.1104 44.4619 
0.351034 0.241047 -0.904805 2.41494 0.163931 0.935553 0.312838 5.71365 0.921901 -0.258142 0.288896 37.042 
0.351034 0.241047 -0.904805 2.41494 0.163931 0.935553 0.312838 5.71365 0.921901 -0.258142 0.288896 37.042 
0.941712 0.0342866 -0.334668 -3.36965 -0.2988 0.542353 -0.785221 26.3076 0.154586 0.839451 0.520985 -88.1479 
0.938399 0.307039 -0.158536 -18.5554 -0.317446 0.947232 -0.044491 4.6013 0.13651 0.0920771 0.98635 -44.8843 
0.938399 0.308836 -0.155007 -18.6064 -0.317446 0.94768 -0.0336316 4.49625 0.13651 0.0807662 0.987341 -44.7775 
0.938873 0.306798 -0.156178 -18.6036 -0.316259 0.947862 -0.039213 4.49061 0.136005 0.0862087 0.98695 -44.7883 
0.742187 -0.493802 0.45312 82.0082 0.661931 0.645939 -0.380275 21.3279 -0.104907 0.58217 0.806271 -53.6492 
0.904975 0.0130226 -0.425265 -2.06312 -0.00106581 0.999598 0.028342 -5.37444 0.425463 -0.0251955 0.904625 2.50853 
0.904975 0.00807368 -0.425388 -1.91108 -0.00106581 0.99986 0.0167095 -6.75558 0.425463 -0.0146683 0.904857 2.7133 
0.90046 0.0053646 -0.434906 -1.47885 -0.0060878 0.999981 -0.000269739 -4.35135 0.434897 0.00289051 0.900476 0.920184 
0.8958 0.279502 -0.345574 -40.5905 -0.101904 0.885965 0.452417 13.7106 0.432618 -0.37006 0.82213 54.2881 
0.8958 0.207914 -0.392828 -28.9251 -0.101904 0.956372 0.273803 2.00742 0.432618 -0.205242 0.877905 27.3765 
0.963753 0.212568 -0.16123 -29.2425 -0.155034 0.938018 0.309977 5.18222 0.217128 -0.273745 0.936973 39.0723 
0.856436 -0.395926 -0.3313 66.9002 0.476721 0.85281 0.213193 6.88911 0.198128 -0.340524 0.919124 53.2986 
0.856436 -0.471334 0.210624 76.5901 0.476721 0.565464 -0.673043 43.8135 0.198128 0.676827 0.708978 -77.4324 
0.753461 -0.471334 0.458411 79.9559 0.657045 0.565464 -0.49854 39.8257 -0.024236 0.676827 0.735742 -71.7567 
0.886736 -0.142247 -0.439846 26.4184 -0.0870867 0.883041 -0.461144 18.1191 0.453999 0.447218 0.770637 -74.5309 
0.879873 -0.467048 0.087685 68.2284 -0.105495 -0.371891 -0.922262 179.854 0.46335 0.802224 -0.376489 -120.185 
0.879873 -0.381341 0.283551 60.3621 -0.105495 -0.738547 -0.665897 216.935 0.46335 0.555992 -0.690057 -96.8044 
0.746223 -0.318557 -0.584527 32.1502 0.441387 0.894073 0.0762328 0.99987 0.498326 -0.314889 0.807785 30.4627 
0.404713 0.254315 -0.878368 3.57866 0.526991 0.720135 0.451316 10.5042 0.747321 -0.645545 0.157426 44.5751 
0.396547 0.25385 -0.882219 3.71701 0.160375 0.927073 0.338844 13.8201 0.903897 -0.275853 0.326917 37.3361 
0.396547 0.25385 -0.882219 3.71701 0.160375 0.927073 0.338844 13.8201 0.903897 -0.275853 0.326917 37.3361 
0.947992 0.0355845 -0.316298 -3.55248 -0.287201 0.524007 -0.80183 36.7654 0.13721 0.85097 0.506975 -89.2411 
0.94476 0.297009 -0.138614 -18.0896 -0.30549 0.951175 -0.0440607 13.8313 0.118759 0.0839719 0.989366 -44.8303 
0.94476 0.29913 -0.133975 -18.1543 -0.30549 0.951746 -0.0292528 13.6884 0.118759 0.0685648 0.990553 -44.6832 
0.94588 0.294303 -0.136734 -18.1476 -0.30251 0.952165 -0.0432462 13.6744 0.117466 0.0822691 0.989663 -44.7105 
0.651841 -0.475365 0.590873 83.8266 0.742076 0.560401 -0.367796 38.8257 -0.156288 0.678217 0.71805 -68.4986 
0.91291 0.0204452 -0.407649 -2.84321 -0.00213709 0.99897 0.0453164 3.32616 0.408156 -0.0404986 0.912014 4.18549 
0.91291 0.012853 -0.407959 -2.36161 -0.00213709 0.999641 0.026712 1.90386 0.408156 -0.0235138 0.91261 3.65502 
0.912429 0.00918793 -0.409131 -1.76955 -0.0102958 0.999947 -0.000505362 4.26442 0.409104 0.00467345 0.912476 0.511486 
0.907348 0.260492 -0.329944 -37.6333 -0.106089 0.901358 0.419879 19.9896 0.406773 -0.345973 0.845481 50.7121 
0.907348 0.191966 -0.373989 -26.4658 -0.106089 0.965415 0.238156 9.32228 0.406773 -0.176415 0.896333 23.0197 
0.970345 0.196954 -0.14014 -26.8336 -0.144647 0.93761 0.316171 14.1722 0.193667 -0.286524 0.938295 41.6851 
0.855019 -0.43819 -0.277366 73.5794 0.479964 0.871194 0.103223 13.0038 0.196409 -0.221383 0.955203 34.0828 
0.855019 -0.441385 0.272253 73.99 0.479964 0.474682 -0.737774 63.9561 0.196409 0.761483 0.617711 -92.2168 
0.733578 -0.441385 0.516762 77.81 0.679603 0.474682 -0.5593 59.495 0.00156897 0.761483 0.648183 -87.2217 
0.892833 -0.171837 -0.416319 30.8879 -0.0845743 0.843946 -0.529719 33.3638 0.442376 0.50816 0.73897 -83.3653 
0.882908 -0.455348 0.114592 67.2889 -0.115402 -0.446999 -0.887059 199.456 0.455143 0.769968 -0.447207 -116.894 
0.882908 -0.35903 0.302606 58.348 -0.115402 -0.790621 -0.601332 234.35 0.455143 0.496 -0.739479 -90.7024 
0.77003 -0.327006 -0.547833 32.8733 0.436483 0.89628 0.0785196 9.40065 0.465335 -0.299582 0.832895 29.2922 
0.440348 0.219376 -0.870613 5.585 0.52371 0.72487 0.447539 18.7288 0.729261 -0.653022 0.204305 44.5446 
0.441141 0.265819 -0.857167 4.97465 0.156121 0.917832 0.36498 21.923 0.883754 -0.294829 0.363394 37.5448 
0.441141 0.265819 -0.857167 4.97465 0.156121 0.917832 0.36498 21.923 0.883754 -0.294829 0.363394 37.5448 
0.953729 0.0376586 -0.298301 -3.8143 -0.275742 0.50508 -0.817839 47.2879 0.119867 0.862251 0.492093 -90.3097 
0.950556 0.286887 -0.118907 -17.6535 -0.293655 0.954917 -0.0435861 23.1033 0.101042 0.0763486 0.991948 -44.7917 
0.950556 0.289169 -0.113243 -17.7293 -0.293655 0.95559 -0.0248009 22.9226 0.101042 0.0568289 0.993258 -44.6035 
0.952244 0.281872 -0.117388 -17.7192 -0.288868 0.956202 -0.0472491 22.9002 0.0989289 0.0789025 0.991962 -44.6473 
0.543714 -0.447034 0.710307 84.5209 0.819359 0.465994 -0.333914 57.9389 -0.181728 0.763551 0.619649 -82.7421 
0.920503 0.0275685 -0.389761 -3.59031 -0.00353139 0.998054 0.0622542 12.0581 0.390719 -0.0559288 0.918809 5.87535 
0.920503 0.0175834 -0.390339 -2.80825 -0.00353139 0.999321 0.0366882 10.5728 0.390719 -0.0323932 0.91994 4.59834 
0.923619 0.013467 -0.383075 -2.11975 -0.0149178 0.999888 -0.000816841 12.8795 0.383021 0.0064691 0.923717 0.0974773 
0.918076 0.243215 -0.313022 -34.9156 -0.110684 0.915529 0.386726 26.4384 0.380638 -0.320397 0.867445 46.9161 
0.918076 0.177999 -0.354192 -24.2867 -0.110684 0.973084 0.202128 16.8319 0.380638 -0.146365 0.913067 18.4865 
0.976101 0.18147 -0.119566 -24.3968 -0.134749 0.93705 0.32215 23.1516 0.1705 -0.298339 0.939108 44.1671 
0.85431 -0.47165 -0.218404 78.8461 0.481683 0.876306 -0.00825433 21.2216 0.195282 -0.0981498 0.975823 14.2981 
0.85431 -0.403058 0.328174 70.0319 0.481683 0.376728 -0.791238 85.418 0.195282 0.834039 0.515989 -105.489 
0.716086 -0.403058 0.569882 74.2651 0.697319 0.376728 -0.609772 80.564 0.0310829 0.834039 0.55083 -101.251 
0.898244 -0.197501 -0.392621 34.7774 -0.08422 0.799434 -0.594821 49.3819 0.431353 0.567361 0.701453 -91.8656 
0.885959 -0.442945 0.137389 66.2027 -0.128202 -0.518623 -0.845336 218.664 0.445691 0.73132 -0.516266 -112.712 
0.885959 -0.337889 0.317659 56.373 -0.128202 -0.836707 -0.532434 251.116 0.445691 0.43099 -0.784607 -83.8371 
0.792582 -0.334108 -0.510084 33.4764 0.430841 0.89881 0.0807255 17.7754 0.431498 -0.283747 0.856328 28.0721 
0.475418 0.18486 -0.860119 7.51812 0.519762 0.729787 0.444139 26.9354 0.709807 -0.658208 0.25087 44.375 
0.484694 0.276823 -0.829723 6.18222 0.151136 0.907825 0.391168 30.0214 0.861527 -0.314998 0.39818 37.6711 
0.484694 0.276823 -0.829723 6.18222 0.151136 0.907825 0.391168 30.0214 0.861527 -0.314998 0.39818 37.6711 
0.958933 0.0404862 -0.280728 -4.15283 -0.264431 0.485587 -0.833236 57.8733 0.102583 0.87325 0.476351 -91.3493 
0.955799 0.276698 -0.0994351 -17.2472 -0.281951 0.958461 -0.0430799 32.4164 0.0833846 0.0692115 0.994111 -44.7668 
0.955799 0.278983 -0.0928316 -17.3318 -0.281951 0.959214 -0.020291 32.1979 0.0833846 0.045568 0.995475 -44.5368 
0.957976 0.269531 -0.0981617 -17.3186 -0.275344 0.95998 -0.0512315 32.1672 0.0804248 0.0761068 0.993851 -44.5972 
0.422154 -0.409679 0.808671 84.0665 0.888482 0.364073 -0.279375 78.6246 -0.179961 0.836429 0.517687 -96.1045 
0.927751 0.034388 -0.371613 -4.30393 -0.00524782 0.996849 0.0791442 20.8214 0.373163 -0.071476 0.925008 7.577 
0.927751 0.022265 -0.372536 -3.25106 -0.00524782 0.998898 0.0466312 19.2513 0.373163 -0.0413071 0.926846 5.54341 
0.934016 0.0182027 -0.356768 -2.52968 -0.019951 0.9998 -0.00122074 21.4945 0.356674 0.00825807 0.934192 -0.319342 
0.927971 0.227762 -0.294948 -32.451 -0.115686 0.928449 0.352985 33.0609 0.354241 -0.293439 0.887923 42.9149 
0.927971 0.166077 -0.333599 -22.3973 -0.115686 0.979358 0.165755 24.5393 0.354241 -0.115223 0.928029 13.795 
0.981061 0.166188 -0.099507 -21.9418 -0.125357 0.936357 0.327903 32.1164 0.147668 -0.309219 0.939456 46.52 
0.854353 -0.495763 -0.155885 82.6214 0.481869 0.868035 -0.119656 31.5514 0.194635 0.0271121 0.980501 -5.72634 
0.854353 -0.357437 0.377253 64.8463 0.481869 0.272975 -0.832638 108.017 0.194635 0.893154 0.405455 -117.014 
0.701369 -0.357437 0.616702 69.4436 0.709946 0.272975 -0.6492 102.857 0.0637038 0.893154 0.445217 -113.597 
0.903053 -0.219381 -0.369279 38.1141 -0.0860884 0.749842 -0.655992 66.1159 0.420813 0.624186 0.658261 -99.9384 
0.889014 -0.430424 0.156169 65.052 -0.143701 -0.586116 -0.797381 237.386 0.434745 0.686442 -0.582919 -107.651 
0.889014 -0.318403 0.329049 54.51 -0.143701 -0.876347 -0.459745 267.16 0.434745 0.361435 -0.82484 -76.2522 
0.813834 -0.339833 -0.471368 33.9565 0.424459 0.901653 0.0827969 26.1251 0.396874 -0.26746 0.878041 26.8093 
0.50985 0.150917 -0.846922 9.3688 0.515121 0.734924 0.441064 35.1224 0.688987 -0.661144 0.29696 44.0711 
0.527089 0.286739 -0.799974 7.3343 0.145389 0.89705 0.417329 38.1144 0.837281 -0.336277 0.431136 37.718 
0.527089 0.286739 -0.799974 7.3343 0.145389 0.89705 0.417329 38.1144 0.837281 -0.336277 0.431136 37.718 
0.963618 0.0440418 -0.263629 -4.56546 -0.253278 0.465543 -0.848009 68.5203 0.085383 0.883929 0.459761 -92.3557 
0.9605 0.266468 -0.080217 -16.8712 -0.270386 0.961811 -0.042555 41.7697 0.0658141 0.0625635 0.995869 -44.7539 
0.9605 0.2686 -0.072761 -16.962 -0.270386 0.962623 -0.0157385 41.5133 0.0658141 0.0347903 0.997225 -44.4815 
0.963089 0.257306 -0.0790743 -16.9462 -0.261949 0.963502 -0.0552035 41.4743 0.061984 0.0738792 0.995339 -44.5586 
0.29188 -0.364389 0.884322 82.4693 0.944399 0.256134 -0.206168 100.804 -0.151379 0.89533 0.418889 -108.295 
0.934647 0.0408991 -0.353216 -4.98361 -0.00728525 0.995357 0.0959756 29.616 0.355502 -0.08713 0.930606 9.28935 
0.934647 0.0268973 -0.354557 -3.69006 -0.00728525 0.998374 0.0565337 27.9393 0.355502 -0.050256 0.933324 6.49036 
0.943607 0.0233951 -0.33024 -2.99948 -0.0253919 0.999676 -0.00173342 30.1103 0.330092 0.0100211 0.943896 -0.736478 
0.937021 0.214214 -0.275871 -30.2519 -0.121089 0.940093 0.31869 39.861 0.327612 -0.265214 0.906825 38.7245 
0.937021 0.15625 -0.312375 -20.8049 -0.121089 0.984213 0.129077 32.4477 0.327612 -0.0831227 0.941149 8.96455 
0.985268 0.151174 -0.0799561 -19.4786 -0.116489 0.935553 0.333422 41.0623 0.125208 -0.319196 0.939381 48.7461 
0.855177 -0.510225 -0.0913337 84.8652 0.48052 0.846451 -0.229392 43.9725 0.194351 0.152283 0.969039 -25.6541 
0.855177 -0.305758 0.418549 58.5909 0.48052 0.164883 -0.861344 131.555 0.194351 0.937724 0.287927 -126.584 
0.689737 -0.305758 0.656334 63.4963 0.717291 0.164883 -0.676983 126.178 0.0987746 0.937724 0.333044 -124.039 
0.907328 -0.237686 -0.346787 40.9355 -0.0902287 0.695544 -0.712795 83.5032 0.410627 0.678029 0.609641 -107.495 
0.892027 -0.418342 0.171108 63.9164 -0.161678 -0.648859 -0.743534 255.534 0.422076 0.635588 -0.646436 -101.737 
0.892027 -0.300994 0.337179 52.8261 -0.161678 -0.909134 -0.383842 282.414 0.422076 0.287883 -0.859637 -68.0026 
0.833743 -0.344155 -0.431776 34.3111 0.417339 0.904797 0.0846805 34.4507 0.361526 -0.250799 0.897997 25.5109 
0.543571 0.117696 -0.83107 11.1281 0.509766 0.740314 0.438261 43.2887 0.666835 -0.661878 0.342416 43.6386 
0.568208 0.295451 -0.768016 8.42564 0.138855 0.885513 0.443381 46.2016 0.811085 -0.358575 0.462131 37.689 
0.568208 0.295451 -0.768016 8.42564 0.138855 0.885513 0.443381 46.2016 0.811085 -0.358575 0.462131 37.689 
0.967797 0.0482972 -0.247055 -5.04934 -0.242291 0.444965 -0.862149 79.227 0.0682915 0.894245 0.442338 -93.3249 
0.964674 0.256222 -0.0612695 -16.5253 -0.25897 0.964971 -0.0420228 51.1621 0.0483561 0.0564052 0.997236 -44.7512 
0.964674 0.25805 -0.0530484 -16.6201 -0.25897 0.965821 -0.0111573 50.8678 0.0483561 0.0245011 0.99853 -44.4359 
0.967599 0.245223 -0.0601454 -16.6021 -0.248692 0.966774 -0.0591739 50.8206 0.0436362 0.0722143 0.996434 -44.5297 
0.157692 -0.312442 0.936757 79.7687 0.982613 0.143794 -0.117451 124.359 -0.0980031 0.938991 0.329684 -119.016 
0.941189 0.0470977 -0.334583 -5.62891 -0.00964234 0.993578 0.112737 38.4416 0.337744 -0.102881 0.935598 11.0113 
0.941189 0.0314801 -0.336412 -4.12529 -0.00964234 0.997747 0.0663886 36.6369 0.337744 -0.0592404 0.939372 7.43933 
0.952382 0.0290434 -0.303521 -3.52915 -0.0312362 0.999509 -0.00237089 38.7276 0.303303 0.0117388 0.952822 -1.15144 
0.945214 0.202639 -0.255945 -28.3285 -0.126891 0.950429 0.283871 46.8431 0.300781 -0.235842 0.924072 34.3615 
0.945214 0.14856 -0.29069 -19.5152 -0.126891 0.987628 0.0921353 40.5602 0.300781 -0.0502016 0.952371 4.0147 
0.988767 0.136494 -0.0609047 -17.0167 -0.108162 0.934657 0.338699 49.9852 0.103155 -0.328307 0.938922 50.848 
0.856799 -0.51498 -0.0262855 85.5764 0.477637 0.811815 -0.335885 58.4349 0.194313 0.275231 0.941536 -45.1484 
0.856799 -0.249377 0.451338 51.4461 0.477637 0.0539847 -0.876897 155.817 0.194313 0.9669 0.165366 -134.029 
0.681424 -0.249377 0.688093 56.5981 0.719219 0.0539847 -0.692683 150.319 0.135593 0.9669 0.216143 -132.393 
0.911116 -0.252684 -0.325603 43.2875 -0.0966735 0.636949 -0.76482 101.476 0.400651 0.728317 0.555907 -114.454 
0.894921 -0.407218 0.182455 62.8713 -0.181884 -0.706266 -0.684183 273.025 0.407473 0.579104 -0.706119 -95.0082 
0.894921 -0.286022 0.342502 51.3813 -0.181884 -0.934714 -0.305333 296.815 0.407473 0.210954 -0.888518 -59.1538 
0.852268 -0.347052 -0.391399 34.5382 0.409482 0.908225 0.0863236 42.7536 0.32552 -0.233842 0.916163 24.184 
0.576509 0.0853435 -0.812622 12.7873 0.503675 0.745988 0.435675 51.4333 0.643388 -0.660468 0.387084 43.0835 
0.607941 0.302846 -0.733957 9.45118 0.13151 0.873223 0.469241 54.2824 0.783015 -0.381794 0.49104 37.5878 
0.607941 0.302846 -0.733957 9.45118 0.13151 0.873223 0.469241 54.2824 0.783015 -0.381794 0.49104 37.5878 
0.971485 0.0532216 -0.231052 -5.60131 -0.231479 0.42387 -0.875644 89.9918 0.0513327 0.904158 0.424103 -94.2527 
0.968337 0.245984 -0.042609 -16.2096 -0.247711 0.967945 -0.0414956 60.5926 0.0310359 0.0507365 0.99823 -44.7569 
0.968337 0.247361 -0.0337103 -16.3061 -0.247711 0.968812 -0.00656177 60.2605 0.0310359 0.0147044 0.99941 -44.3981 
0.971522 0.233306 -0.0413946 -16.2863 -0.235583 0.9698 -0.0631524 60.2051 0.0254107 0.0711058 0.997145 -44.5089 
0.0241758 -0.255261 0.96657 76.0402 0.999435 0.0287658 -0.0174013 149.127 -0.0233623 0.966444 0.255812 -127.974 
0.94737 0.0529796 -0.315727 -6.23939 -0.0123176 0.991514 0.129418 47.2981 0.319904 -0.118718 0.939983 12.7416 
0.94737 0.0360131 -0.318109 -4.55676 -0.0123176 0.997017 0.0761889 45.3441 0.319904 -0.0682608 0.944988 8.39045 
0.96033 0.035146 -0.276641 -4.11862 -0.037479 0.999292 -0.00314903 47.3472 0.276334 0.0133923 0.960968 -1.56176 
0.952541 0.193097 -0.235329 -26.69 -0.133084 0.959429 0.248564 54.0114 0.273779 -0.205449 0.939594 29.8437 
0.952541 0.143031 -0.268716 -18.5319 -0.133084 0.989579 0.0549721 48.88 0.273779 -0.0166013 0.961649 -1.03437 
0.991601 0.122208 -0.0423416 -14.5652 -0.100393 0.933687 0.343729 58.8815 0.0815401 -0.336592 0.938114 52.8293 
0.85922 -0.510211 0.0377494 84.7917 0.473232 0.764569 -0.437591 74.8594 0.194402 0.393851 0.898381 -63.8784 
0.85922 -0.189733 0.475123 43.6098 0.473232 -0.0581395 -0.879017 180.578 0.194402 0.980113 0.0398329 -139.214 
0.676581 -0.189733 0.711505 48.9433 0.715655 -0.0581395 -0.69603 175.056 0.173426 0.980113 0.0964471 -138.509 
0.914445 -0.264704 -0.30614 45.2244 -0.105438 0.574498 -0.811686 119.961 0.390734 0.774521 0.497437 -120.738 
0.897593 -0.397523 0.190531 61.9863 -0.204051 -0.757793 -0.619768 289.779 0.390756 0.517421 -0.761305 -87.5131 
0.897593 -0.273768 0.345511 50.2272 -0.204051 -0.952788 -0.224849 310.31 0.390756 0.131321 -0.911079 -49.7806 
0.869373 -0.348507 -0.350334 34.6361 0.400893 0.91192 0.0876745 51.0355 0.288921 -0.216668 0.932512 22.8357 
0.608593 0.0540005 -0.791643 14.3383 0.496831 0.75197 0.433244 59.5558 0.618688 -0.656981 0.430814 42.4124 
0.646179 0.308821 -0.697913 10.4061 0.123338 0.860195 0.494825 62.3566 0.753154 -0.405825 0.517751 37.4184 
0.646179 0.308821 -0.697913 10.4061 0.123338 0.860195 0.494825 62.3566 0.753154 -0.405825 0.517751 37.4184 
0.974697 0.0587812 -0.215665 -6.21794 -0.220849 0.402272 -0.888484 100.813 0.0345299 0.913631 0.405075 -95.1351 
0.971504 0.23578 -0.0242508 -15.924 -0.236618 0.970738 -0.0409853 70.0601 0.0138777 0.0455555 0.998865 -44.769 
0.971504 0.236564 -0.014762 -16.0198 -0.236618 0.971601 -0.00196603 69.6903 0.0138777 0.00540295 0.999889 -44.3666 
0.974875 0.221579 -0.0228403 -15.9986 -0.222632 0.972587 -0.0671483 69.6267 0.00733557 0.0705461 0.997482 -44.4943 
-0.104547 -0.194381 0.975339 71.3958 0.992211 -0.0871689 0.0889826 174.905 0.0677226 0.977045 0.201981 -134.892 
0.953188 0.0585411 -0.296658 -6.81466 -0.0153092 0.989165 0.146007 56.1854 0.301991 -0.134631 0.943756 14.4793 
0.953188 0.0404957 -0.299655 -4.98448 -0.0153092 0.996184 0.0859276 54.0611 0.301991 -0.0773177 0.95017 9.34388 
0.967443 0.0417003 -0.249631 -4.76769 -0.0441149 0.999018 -0.00408316 55.9702 0.249216 0.0149627 0.968332 -1.96499 
0.958992 0.18563 -0.214186 -25.3433 -0.139663 0.967062 0.212805 61.3704 0.246635 -0.174165 0.95333 25.189 
0.958992 0.139676 -0.246628 -17.857 -0.139663 0.990042 0.0176329 57.4105 0.246635 0.017535 0.96895 -6.16222 
0.993814 0.108373 -0.0242535 -12.1332 -0.0931987 0.93266 0.34851 67.7473 0.0603891 -0.344094 0.936991 54.6937 
0.862428 -0.496338 0.0993251 82.585 0.467318 0.705337 -0.533023 93.1385 0.194502 0.50611 0.840251 -81.5264 
0.862428 -0.128307 0.489647 35.2926 0.467318 -0.169878 -0.867615 205.605 0.194502 0.977076 -0.0865476 -142.046 
0.675273 -0.128307 0.726322 40.7405 0.706586 -0.169878 -0.686934 200.154 0.211525 0.977076 -0.0240542 -142.278 
0.917321 -0.274121 -0.288757 46.8068 -0.116521 0.508663 -0.853044 138.883 0.380717 0.816161 0.434666 -126.283 
0.899917 -0.389671 0.195721 61.3239 -0.227892 -0.802939 -0.550775 305.722 0.371773 0.451048 -0.811382 -79.313 
0.899917 -0.264435 0.346733 49.406 -0.227892 -0.963121 -0.143048 322.849 0.371773 0.0497133 -0.926992 -39.966 
0.885021 -0.348506 -0.308676 34.6034 0.39158 0.91586 0.0886822 59.2981 0.251798 -0.199357 0.947024 21.4734 
0.639753 0.0238044 -0.768212 15.7732 0.489215 0.75828 0.430906 67.6559 0.592777 -0.651494 0.473466 41.6324 
