21 367 3.66667 1
0.891007 0 -0.45399 -0.69105 0 1 0 -14.8238 0.45399 0 0.891007 -0.254758 
0.891007 0 -0.45399 -1.15142 0 1 0 -16.1852 0.45399 0 0.891007 1.147 
0.878814 0 -0.477164 -1.12561 0 1 0 -13.7325 0.477164 0 0.878814 1.58275 
0.874768 0.314754 -0.368388 -46.0098 -0.0958455 0.857663 0.505201 8.59448 0.474967 -0.406626 0.780424 59.7222 
0.874768 0.238679 -0.421678 -33.6164 -0.0958455 0.938302 0.332269 -4.77721 0.474967 -0.250243 0.843673 34.1984 
0.950797 0.238679 -0.197527 -33.1671 -0.173382 0.938302 0.299212 -4.83118 0.256756 -0.250243 0.933518 34.4245 
0.860208 -0.308133 -0.40632 52.9599 0.467971 0.793559 0.388931 6.23793 0.202597 -0.524708 0.826823 83.2116 
0.860208 -0.500275 0.0988287 77.6504 0.467971 0.697442 -0.54275 18.589 0.202597 0.513127 0.83406 -50.1515 
0.790677 -0.500275 0.352924 80.195 0.60952 0.697442 -0.376908 15.5491 -0.0575865 0.513127 0.856379 -43.5387 
0.874768 -0.0840494 -0.477196 17.6397 -0.0958455 0.935366 -0.340446 -0.4496 0.474967 0.343549 0.810173 -59.3289 
0.874768 -0.483367 0.0337085 69.2431 -0.0958455 -0.240809 -0.965828 151.546 0.474967 0.841645 -0.256981 -123.697 
0.874768 -0.419671 0.242191 63.594 -0.0958455 -0.639829 -0.762517 191.663 0.474967 0.643813 -0.599926 -105.198 
0.703889 -0.301574 -0.643113 30.6869 0.447934 0.891132 0.0723875 -8.07909 0.551268 -0.339025 0.762342 32.2849 
0.311722 0.269784 -0.911069 2.90538 0.428192 0.816077 0.388161 -2.92863 0.848222 -0.511111 0.13887 36.8851 
0.309639 0.17525 -0.934565 4.11753 0.0426429 0.97932 0.197771 1.78347 0.949897 -0.10109 0.295763 30.0076 
0.309639 0.17525 -0.934565 4.11753 0.0426429 0.97932 0.197771 1.78347 0.949897 -0.10109 0.295763 30.0076 
0.931637 -0.11896 -0.343367 11.986 -0.183958 0.660493 -0.727948 14.9398 0.313388 0.741348 0.593457 -76.8485 
0.932165 0.04876 -0.358736 2.4207 -0.205281 0.887387 -0.412801 2.43584 0.298209 0.45844 0.8372 -60.4309 
0.932165 0.190456 -0.307889 0.49669 -0.205281 0.97857 -0.0161787 -2.16881 0.298209 0.0782847 0.951285 -57.5864 
0.932165 0.190456 -0.307889 0.49669 -0.205281 0.97857 -0.0161787 -2.16881 0.298209 0.0782847 0.951285 -57.5864 
0.790677 -0.500275 0.352924 80.195 0.60952 0.697442 -0.376908 15.5491 -0.0575865 0.513127 0.856379 -43.5387 
0.891007 0 -0.45399 -0.69105 0 1 0 -14.8272 0.45399 0 0.891007 -0.254758 
0.891007 0 -0.45399 -1.15142 0 1 0 -16.1886 0.45399 0 0.891007 1.147 
0.878814 0 -0.477164 -1.12561 0 1 0 -13.7359 0.477164 0 0.878814 1.58275 
0.880473 0.309374 -0.359243 -45.2036 -0.094171 0.856769 0.507029 8.72594 0.46465 -0.412595 0.783496 60.594 
0.880473 0.235143 -0.411674 -33.1111 -0.094171 0.937773 0.334235 -4.70534 0.46465 -0.255517 0.847827 34.9575 
0.952923 0.236405 -0.18987 -32.888 -0.172537 0.937697 0.301586 -4.74518 0.249337 -0.254629 0.934342 35.0227 
0.861982 -0.31539 -0.396882 54.1364 0.469362 0.792328 0.389763 6.433 0.191534 -0.522251 0.831005 82.7647 
0.862085 -0.494556 0.110564 77.1571 0.469405 0.697076 -0.541981 18.672 0.190969 0.519133 0.833086 -51.041 
0.788938 -0.494556 0.36468 79.7927 0.610656 0.697076 -0.375744 15.6407 -0.0683835 0.519133 0.851953 -44.46 
0.880368 -0.0764592 -0.468088 16.3918 -0.0973329 0.936791 -0.336079 -0.767258 0.464197 0.341434 0.817278 -59.095 
0.880341 -0.473608 0.0263688 67.7142 -0.0945621 -0.229703 -0.968656 150.044 0.46482 0.850254 -0.247002 -124.834 
0.880341 -0.414117 0.231316 62.4702 -0.0945621 -0.631087 -0.769927 190.38 0.46482 0.655924 -0.594731 -106.697 
0.703889 -0.301574 -0.643113 30.6869 0.448055 0.891057 0.0725556 -8.07565 0.551169 -0.339221 0.762326 32.3055 
0.311722 0.269784 -0.911069 2.90537 0.428005 0.81619 0.388131 -2.93221 0.848316 -0.510931 0.138956 36.8822 
0.309639 0.17525 -0.934565 4.11752 0.0424336 0.979342 0.197706 1.7814 0.949907 -0.100874 0.295807 30.0057 
0.309639 0.17525 -0.934565 4.11753 0.0424336 0.979342 0.197706 1.7814 0.949907 -0.100874 0.295807 30.0057 
0.931637 -0.11896 -0.343367 11.986 -0.183958 0.660493 -0.727948 14.9363 0.313388 0.741348 0.593457 -76.8485 
0.932165 0.04876 -0.358736 2.4207 -0.205165 0.887564 -0.412477 2.42439 0.298288 0.458097 0.83736 -60.4101 
0.932165 0.190456 -0.307889 0.496688 -0.205264 0.978574 -0.0161262 -2.17726 0.298221 0.0782307 0.951286 -57.568 
0.932165 0.190456 -0.307889 0.496688 -0.205264 0.978574 -0.0161262 -2.17726 0.298221 0.0782307 0.951286 -57.568 
0.788938 -0.494556 0.36468 79.7927 0.610656 0.697076 -0.375744 15.6408 -0.0683835 0.519133 0.851953 -44.46 
0.891007 0 -0.45399 -0.69105 0 1 0 -14.8307 0.45399 0 0.891007 -0.254758 
0.891007 0 -0.45399 -1.15142 0 1 0 -16.1921 0.45399 0 0.891007 1.147 
0.878814 0 -0.477164 -1.12561 0 1 0 -13.7394 0.477164 0 0.878814 1.58275 
0.886051 0.303923 -0.350063 -44.3871 -0.0925202 0.855857 0.508871 8.86007 0.454261 -0.418497 0.786452 61.4558 
0.886051 0.231544 -0.401622 -32.5967 -0.0925202 0.937229 0.336216 -4.63132 0.454261 -0.260746 0.851856 35.7103 
0.954988 0.234087 -0.18221 -32.6031 -0.171702 0.937083 0.303964 -4.65797 0.2419 -0.258996 0.935096 35.619 
0.863629 -0.322607 -0.387389 55.3058 0.470726 0.7911 0.390611 6.62737 0.18045 -0.519697 0.835076 82.3021 
0.863819 -0.488739 0.122274 76.6495 0.47081 0.69673 -0.541207 18.7521 0.179317 0.525073 0.831951 -51.9252 
0.78707 -0.488739 0.37637 79.3756 0.611764 0.69673 -0.374583 15.7296 -0.0791546 0.525073 0.847368 -45.3771 
0.885821 -0.0689027 -0.458883 15.1476 -0.0988465 0.938197 -0.331685 -1.0825 0.453377 0.339172 0.824264 -58.8369 
0.885804 -0.46366 0.0192402 66.1613 -0.0932961 -0.218546 -0.971357 148.535 0.454584 0.858637 -0.236847 -125.938 
0.885804 -0.4083 0.220548 61.3146 -0.0932961 -0.622243 -0.777245 189.086 0.454584 0.667911 -0.589278 -108.171 
0.703889 -0.301574 -0.643113 30.6869 0.448177 0.890982 0.0727237 -8.0722 0.55107 -0.339417 0.76231 32.3261 
0.311722 0.269784 -0.911068 2.90537 0.427818 0.816303 0.3881 -2.93581 0.848411 -0.510751 0.139041 36.8792 
0.309639 0.17525 -0.934564 4.11752 0.0422241 0.979365 0.197641 1.77932 0.949916 -0.100659 0.29585 30.0038 
0.309639 0.17525 -0.934564 4.11752 0.0422241 0.979365 0.197641 1.77932 0.949916 -0.100659 0.29585 30.0038 
0.931637 -0.11896 -0.343367 11.986 -0.183958 0.660493 -0.727948 14.9329 0.313388 0.741348 0.593457 -76.8485 
0.932165 0.04876 -0.358736 2.4207 -0.20505 0.88774 -0.412154 2.41293 0.298368 0.457755 0.837519 -60.3894 
0.932165 0.190456 -0.307889 0.496689 -0.205248 0.978578 -0.0160738 -2.18572 0.298232 0.0781769 0.951287 -57.5496 
0.932165 0.190456 -0.307889 0.49669 -0.205248 0.978578 -0.0160738 -2.18572 0.298232 0.0781769 0.951287 -57.5496 
0.78707 -0.488739 0.37637 79.3756 0.611764 0.69673 -0.374583 15.7296 -0.0791546 0.525073 0.847368 -45.3771 
0.891007 0 -0.45399 -0.69105 0 1 0 -14.8342 0.45399 0 0.891007 -0.254758 
0.891007 0 -0.45399 -1.15142 0 1 0 -16.1956 0.45399 0 0.891007 1.147 
0.878814 0 -0.477164 -1.12561 0 1 0 -13.7429 0.477164 0 0.878814 1.58275 
0.891504 0.298401 -0.340849 -43.5604 -0.0908934 0.854927 0.510724 8.99686 0.443801 -0.424331 0.789293 62.3073 
0.891504 0.227882 -0.391524 -32.0733 -0.0908934 0.93667 0.338213 -4.55504 0.443801 -0.265931 0.855758 36.4567 
0.956994 0.231723 -0.174549 -32.3123 -0.170875 0.936458 0.306345 -4.5695 0.234446 -0.263344 0.93578 36.2135 
0.865146 -0.329784 -0.377842 56.468 0.472063 0.789876 0.391474 6.82109 0.169346 -0.517048 0.839037 81.8239 
0.86541 -0.482826 0.133958 76.1279 0.472187 0.696402 -0.540428 18.8296 0.167645 0.530945 0.830658 -52.804 
0.785074 -0.482826 0.387991 78.944 0.612843 0.696402 -0.373426 15.8158 -0.0898982 0.530945 0.842624 -46.2901 
0.891128 -0.0613824 -0.449581 13.9076 -0.100386 0.939586 -0.327263 -1.39516 0.442508 0.336765 0.831129 -58.5545 
0.891157 -0.453527 0.0123263 64.5847 -0.092048 -0.20734 -0.973929 147.02 0.444259 0.866789 -0.226519 -127.007 
0.891157 -0.402224 0.209892 60.1277 -0.092048 -0.613298 -0.78447 187.78 0.444259 0.679766 -0.583569 -109.621 
0.703889 -0.301574 -0.643113 30.6869 0.448298 0.890907 0.0728917 -8.06875 0.550971 -0.339614 0.762294 32.3467 
0.311722 0.269784 -0.911069 2.90536 0.427631 0.816415 0.388069 -2.9394 0.848505 -0.510571 0.139127 36.8763 
0.309639 0.17525 -0.934565 4.11751 0.0420147 0.979387 0.197576 1.77725 0.949925 -0.100443 0.295894 30.0019 
0.309639 0.17525 -0.934565 4.11751 0.0420147 0.979387 0.197576 1.77725 0.949925 -0.100443 0.295894 30.0019 
0.931637 -0.11896 -0.343367 11.986 -0.183958 0.660493 -0.727948 14.9294 0.313388 0.741348 0.593457 -76.8485 
0.932165 0.04876 -0.358736 2.4207 -0.204935 0.887917 -0.411831 2.40148 0.298447 0.457412 0.837678 -60.3686 
0.932165 0.190456 -0.307889 0.496691 -0.205231 0.978582 -0.0160213 -2.19417 0.298243 0.0781229 0.951288 -57.5312 
0.932165 0.190456 -0.307889 0.49669 -0.205231 0.978582 -0.0160213 -2.19417 0.298243 0.0781229 0.951288 -57.5312 
0.785074 -0.482826 0.387991 78.944 0.612843 0.696402 -0.373426 15.8158 -0.0898982 0.530945 0.842624 -46.2901 
0.891007 0 -0.453991 -0.69105 0 1 0 -14.8376 0.453991 0 0.891007 -0.254758 
0.891007 0 -0.453991 -1.15142 0 1 0 -16.199 0.453991 0 0.891007 1.147 
0.878814 0 -0.477164 -1.12561 0 1 0 -13.7463 0.477164 0 0.878814 1.58275 
0.896829 0.292811 -0.331602 -42.7235 -0.0892909 0.853978 0.512589 9.13626 0.433272 -0.430096 0.792018 63.1484 
0.896829 0.224158 -0.38138 -31.541 -0.0892909 0.936095 0.340225 -4.47656 0.433272 -0.27107 0.859533 37.1964 
0.958939 0.229315 -0.166887 -32.0157 -0.170058 0.935824 0.30873 -4.4798 0.226973 -0.267672 0.936394 36.806 
0.866535 -0.336919 -0.368243 57.6227 0.473373 0.788655 0.392353 7.01404 0.158226 -0.514303 0.842886 81.3303 
0.866858 -0.476817 0.145612 75.5921 0.473536 0.696094 -0.539645 18.9044 0.155952 0.536748 0.829205 -53.677 
0.782951 -0.476817 0.399542 78.4977 0.613894 0.696094 -0.372273 15.8992 -0.100612 0.536748 0.837723 -47.1985 
0.896288 -0.0539009 -0.440184 12.6721 -0.101952 0.940955 -0.322813 -1.70514 0.431593 0.334211 0.837872 -58.2481 
0.896398 -0.443214 0.00563156 62.9853 -0.0908187 -0.196086 -0.976372 145.499 0.433846 0.874706 -0.216023 -128.042 
0.896398 -0.39589 0.199354 58.9099 -0.0908187 -0.604254 -0.791599 186.463 0.433846 0.691482 -0.577607 -111.046 
0.703889 -0.301574 -0.643113 30.6869 0.44842 0.890832 0.0730598 -8.06531 0.550873 -0.33981 0.762278 32.3673 
0.311722 0.269784 -0.911068 2.90538 0.427444 0.816528 0.388039 -2.94299 0.848599 -0.510391 0.139212 36.8734 
0.309639 0.17525 -0.934564 4.11752 0.0418053 0.979409 0.19751 1.77518 0.949935 -0.100227 0.295937 30 
0.309639 0.17525 -0.934564 4.11752 0.0418053 0.979409 0.19751 1.77518 0.949935 -0.100227 0.295937 30 
0.931637 -0.11896 -0.343367 11.986 -0.183958 0.660493 -0.727948 14.9259 0.313388 0.741348 0.593457 -76.8485 
0.932165 0.04876 -0.358736 2.4207 -0.20482 0.888093 -0.411508 2.39005 0.298526 0.457069 0.837837 -60.3478 
0.932165 0.190456 -0.307889 0.49669 -0.205215 0.978587 -0.0159688 -2.20261 0.298255 0.0780689 0.951288 -57.5128 
0.932165 0.190456 -0.307889 0.496691 -0.205215 0.978587 -0.0159688 -2.20261 0.298255 0.0780689 0.951288 -57.5128 
0.782951 -0.476817 0.399542 78.4977 0.613894 0.696094 -0.372273 15.8992 -0.100612 0.536748 0.837723 -47.1985 
0.891007 0 -0.45399 -0.69105 0 1 0 -14.8411 0.45399 0 0.891007 -0.254758 
0.891007 0 -0.45399 -1.15142 0 1 0 -16.2025 0.45399 0 0.891007 1.147 
0.878814 0 -0.477164 -1.12561 0 1 0 -13.7498 0.477164 0 0.878814 1.58275 
0.902026 0.287152 -0.322324 -41.8766 -0.0877129 0.853013 0.514466 9.27826 0.422676 -0.43579 0.794627 63.979 
0.902026 0.220374 -0.371193 -30.9999 -0.0877129 0.935505 0.342252 -4.39592 0.422676 -0.276162 0.86318 37.9296 
0.960823 0.226862 -0.159225 -31.7132 -0.16925 0.935179 0.311117 -4.38885 0.219484 -0.27198 0.936938 37.3966 
0.867795 -0.344011 -0.358592 58.7696 0.474654 0.787439 0.393246 7.20619 0.147089 -0.511465 0.846622 80.8213 
0.868162 -0.470713 0.157235 75.0423 0.474856 0.695806 -0.538857 18.9764 0.144242 0.542479 0.827593 -54.544 
0.7807 -0.470713 0.411019 78.0369 0.614915 0.695806 -0.371125 15.9799 -0.111296 0.542479 0.832664 -48.1021 
0.901302 -0.0464605 -0.430693 11.4416 -0.103545 0.942306 -0.318336 -2.01244 0.420634 0.331513 0.844491 -57.9177 
0.901525 -0.432727 -0.000840295 61.3637 -0.0896088 -0.184787 -0.978685 143.973 0.423348 0.882384 -0.205366 -129.041 
0.901525 -0.3893 0.18894 57.6616 -0.0896088 -0.595113 -0.798631 185.136 0.423348 0.703055 -0.571394 -112.445 
0.703889 -0.301574 -0.643113 30.6869 0.448541 0.890757 0.0732278 -8.06185 0.550774 -0.340007 0.762262 32.3879 
0.311722 0.269784 -0.911068 2.90538 0.427257 0.81664 0.388008 -2.94657 0.848693 -0.510211 0.139298 36.8705 
0.309639 0.17525 -0.934564 4.11753 0.0415958 0.979431 0.197445 1.77311 0.949944 -0.100011 0.295981 29.9982 
0.309639 0.17525 -0.934564 4.11753 0.0415958 0.979431 0.197445 1.77311 0.949944 -0.100011 0.295981 29.9982 
0.931637 -0.11896 -0.343367 11.986 -0.183958 0.660493 -0.727948 14.9225 0.313388 0.741348 0.593457 -76.8485 
0.932165 0.04876 -0.358736 2.4207 -0.204705 0.88827 -0.411185 2.37861 0.298605 0.456727 0.837995 -60.327 
0.932165 0.190456 -0.307889 0.496688 -0.205198 0.978591 -0.0159163 -2.21104 0.298266 0.0780149 0.951289 -57.4944 
0.932165 0.190456 -0.307889 0.496688 -0.205198 0.978591 -0.0159163 -2.21104 0.298266 0.0780149 0.951289 -57.4944 
0.7807 -0.470713 0.411019 78.0369 0.614915 0.695806 -0.371125 15.9799 -0.111296 0.542479 0.832664 -48.1021 
0.891007 0 -0.45399 -0.69105 0 1 0 -14.8446 0.45399 0 0.891007 -0.254758 
0.891007 0 -0.45399 -1.15142 0 1 0 -16.206 0.45399 0 0.891007 1.147 
0.878814 0 -0.477164 -1.12561 0 1 0 -13.7533 0.477164 0 0.878814 1.58275 
0.907095 0.281425 -0.313016 -41.0199 -0.0861597 0.852029 0.516355 9.42284 0.412014 -0.441414 0.797119 64.799 
0.907095 0.216528 -0.360963 -30.4501 -0.0861597 0.9349 0.344293 -4.3131 0.412014 -0.281206 0.866699 38.6559 
0.962647 0.224364 -0.151562 -31.405 -0.168451 0.934525 0.313507 -4.29663 0.211979 -0.276266 0.937412 37.9851 
0.868926 -0.351058 -0.348893 59.9087 0.475908 0.786227 0.394155 7.39749 0.135938 -0.508532 0.850244 80.2971 
0.869324 -0.464515 0.168825 74.4786 0.476147 0.695536 -0.538065 19.0458 0.132516 0.548138 0.825823 -55.4049 
0.778322 -0.464515 0.422422 77.5616 0.615908 0.695536 -0.369982 16.0578 -0.121947 0.548138 0.82745 -49.0009 
0.906168 -0.0390636 -0.421109 10.2164 -0.105164 0.943636 -0.313833 -2.31685 0.409633 0.328671 0.850985 -57.5633 
0.906536 -0.422068 -0.00708572 59.7205 -0.088419 -0.173443 -0.980867 142.442 0.412764 0.889818 -0.194552 -130.005 
0.906536 -0.382458 0.178654 56.3833 -0.088419 -0.585874 -0.805565 183.798 0.412764 0.714477 -0.564933 -113.817 
0.703889 -0.301574 -0.643113 30.6869 0.448662 0.890682 0.0733959 -8.0584 0.550675 -0.340203 0.762246 32.4085 
0.311722 0.269784 -0.911068 2.90536 0.42707 0.816753 0.387977 -2.95014 0.848788 -0.510031 0.139383 36.8676 
0.309639 0.17525 -0.934565 4.11752 0.0413864 0.979453 0.19738 1.77106 0.949953 -0.0997948 0.296024 29.9963 
0.309639 0.17525 -0.934565 4.11752 0.0413864 0.979453 0.19738 1.77105 0.949953 -0.0997948 0.296024 29.9963 
0.931637 -0.11896 -0.343367 11.986 -0.183958 0.660493 -0.727948 14.919 0.313388 0.741348 0.593456 -76.8485 
0.932165 0.04876 -0.358736 2.4207 -0.20459 0.888446 -0.410861 2.3672 0.298684 0.456384 0.838154 -60.3063 
0.932165 0.190456 -0.307889 0.496693 -0.205182 0.978595 -0.0158641 -2.21946 0.298277 0.0779612 0.95129 -57.476 
0.932165 0.190456 -0.307889 0.496693 -0.205182 0.978595 -0.0158641 -2.21946 0.298277 0.0779612 0.95129 -57.476 
0.778322 -0.464515 0.422422 77.5616 0.615908 0.695536 -0.369982 16.0578 -0.121947 0.548138 0.82745 -49.0009 
0.891007 0 -0.453991 -0.69105 0 1 0 -14.848 0.453991 0 0.891007 -0.254758 
0.891007 0 -0.453991 -1.15142 0 1 0 -16.2094 0.453991 0 0.891007 1.147 
0.878814 0 -0.477164 -1.12561 0 1 0 -13.7567 0.477164 0 0.878814 1.58275 
0.912034 0.275632 -0.30368 -40.1535 -0.0846314 0.851028 0.518255 9.56997 0.401288 -0.446965 0.799494 65.6082 
0.912034 0.212623 -0.350694 -29.8916 -0.0846314 0.93428 0.346349 -4.22815 0.401288 -0.286202 0.87009 39.3753 
0.96441 0.221823 -0.143901 -31.0909 -0.167661 0.933861 0.3159 -4.20322 0.204457 -0.280531 0.937816 38.5716 
0.869928 -0.35806 -0.339145 61.0397 0.477134 0.78502 0.395078 7.58792 0.124774 -0.505507 0.853753 79.7578 
0.870341 -0.458224 0.180379 73.9011 0.477409 0.695285 -0.53727 19.1124 0.120776 0.553723 0.823895 -56.2594 
0.775818 -0.458224 0.433747 77.0719 0.616873 0.695285 -0.368844 16.133 -0.132564 0.553723 0.822081 -49.8944 
0.910887 -0.0317128 -0.411435 8.99697 -0.10681 0.944946 -0.309304 -2.61836 0.398593 0.325686 0.857352 -57.1851 
0.911431 -0.411244 -0.013101 58.0564 -0.0872501 -0.162058 -0.982916 140.905 0.402095 0.897004 -0.183586 -130.932 
0.911431 -0.375367 0.168502 55.0756 -0.0872501 -0.576539 -0.812398 182.449 0.402095 0.725743 -0.558226 -115.161 
0.703889 -0.301574 -0.643113 30.6869 0.448784 0.890607 0.0735639 -8.05492 0.550576 -0.340399 0.76223 32.4291 
0.311722 0.269784 -0.911069 2.90537 0.426883 0.816865 0.387947 -2.95372 0.848882 -0.509851 0.139469 36.8646 
0.309639 0.17525 -0.934565 4.11752 0.0411769 0.979475 0.197315 1.76899 0.949962 -0.0995789 0.296068 29.9944 
0.309639 0.17525 -0.934565 4.11752 0.0411769 0.979475 0.197315 1.76899 0.949962 -0.0995789 0.296068 29.9944 
0.931637 -0.11896 -0.343367 11.986 -0.183958 0.660493 -0.727948 14.9155 0.313388 0.741348 0.593457 -76.8485 
0.932165 0.04876 -0.358736 2.4207 -0.204474 0.888622 -0.410538 2.35577 0.298763 0.456041 0.838312 -60.2855 
0.932165 0.190456 -0.307889 0.496691 -0.205165 0.9786 -0.0158117 -2.22789 0.298288 0.0779072 0.951291 -57.4576 
0.932165 0.190456 -0.307889 0.496691 -0.205165 0.9786 -0.0158117 -2.22789 0.298288 0.0779072 0.951291 -57.4576 
0.775818 -0.458224 0.433747 77.0719 0.616873 0.695285 -0.368844 16.133 -0.132564 0.553723 0.822081 -49.8944 
0.891007 0 -0.45399 -0.69105 0 1 0 -14.8515 0.45399 0 0.891007 -0.254758 
0.891007 0 -0.45399 -1.15142 0 1 0 -16.2129 0.45399 0 0.891007 1.147 
0.878814 0 -0.477164 -1.12561 0 1 0 -13.7602 0.477164 0 0.878814 1.58275 
0.916842 0.269772 -0.294317 -39.2775 -0.0831284 0.85001 0.520166 9.71964 0.390499 -0.452444 0.801751 66.4066 
0.916842 0.208658 -0.340385 -29.3246 -0.0831284 0.933645 0.348419 -4.14104 0.390499 -0.29115 0.873351 40.0877 
0.966112 0.219238 -0.13624 -30.771 -0.16688 0.933187 0.318296 -4.10854 0.19692 -0.284774 0.93815 39.1559 
0.8708 -0.365015 -0.329349 62.1623 0.478333 0.783817 0.396015 7.77742 0.113598 -0.502389 0.857147 79.2034 
0.871215 -0.451841 0.191895 73.3098 0.478642 0.695053 -0.536473 19.1764 0.109024 0.559233 0.82181 -57.1074 
0.773189 -0.451841 0.444993 76.5678 0.617809 0.695053 -0.367714 16.2055 -0.143146 0.559233 0.816559 -50.7825 
0.915458 -0.0244103 -0.401672 7.7837 -0.108483 0.946235 -0.304748 -2.91689 0.387515 0.322559 0.86359 -56.7832 
0.916208 -0.400259 -0.0188826 56.3721 -0.0861028 -0.150632 -0.984833 139.364 0.391344 0.903937 -0.172474 -131.823 
0.916208 -0.368028 0.15849 53.7388 -0.0861028 -0.56711 -0.819129 181.091 0.391344 0.736846 -0.551278 -116.477 
0.703889 -0.301574 -0.643113 30.6869 0.448905 0.890532 0.073732 -8.05145 0.550477 -0.340596 0.762214 32.4497 
0.311722 0.269784 -0.911069 2.90537 0.426695 0.816978 0.387916 -2.95727 0.848976 -0.509671 0.139555 36.8617 
0.309639 0.17525 -0.934565 4.11753 0.0409676 0.979497 0.197249 1.76695 0.949971 -0.099363 0.296111 29.9925 
0.309639 0.17525 -0.934565 4.11753 0.0409676 0.979497 0.197249 1.76695 0.949971 -0.099363 0.296111 29.9925 
0.931637 -0.11896 -0.343367 11.986 -0.183958 0.660493 -0.727948 14.9121 0.313388 0.741348 0.593456 -76.8485 
0.932165 0.04876 -0.358736 2.4207 -0.204359 0.888798 -0.410215 2.34438 0.298841 0.455699 0.83847 -60.2647 
0.932165 0.190456 -0.307889 0.496693 -0.205149 0.978604 -0.0157593 -2.23629 0.2983 0.0778534 0.951292 -57.4392 
0.932165 0.190456 -0.307889 0.496693 -0.205149 0.978604 -0.0157593 -2.23629 0.2983 0.0778534 0.951292 -57.4392 
0.773189 -0.451841 0.444993 76.5678 0.617809 0.695053 -0.367714 16.2055 -0.143146 0.559233 0.816559 -50.7825 
0.891007 0 -0.45399 -0.69105 0 1 0 -14.855 0.45399 0 0.891007 -0.254758 
0.891007 0 -0.45399 -1.15142 0 1 0 -16.2164 0.45399 0 0.891007 1.147 
0.878814 0 -0.477164 -1.12561 0 1 0 -13.7637 0.477164 0 0.878814 1.58275 
0.92152 0.263848 -0.284929 -38.392 -0.0816509 0.848975 0.522087 9.87183 0.379649 -0.457849 0.803891 67.1939 
0.92152 0.204634 -0.330039 -28.749 -0.0816509 0.932996 0.350503 -4.05179 0.379649 -0.296047 0.876483 40.7931 
0.967754 0.216609 -0.128582 -30.4453 -0.166109 0.932503 0.320694 -4.01262 0.189368 -0.288995 0.938414 39.7379 
0.871544 -0.371922 -0.319508 63.2766 0.479503 0.78262 0.396966 7.96591 0.102413 -0.499179 0.860425 78.6342 
0.871945 -0.445367 0.203372 72.7048 0.479845 0.694839 -0.535674 19.2377 0.0972608 0.564665 0.819569 -57.9484 
0.770434 -0.445367 0.456158 76.0495 0.618717 0.694839 -0.366589 16.2753 -0.15369 0.564665 0.810884 -51.665 
0.919881 -0.0171586 -0.391822 6.57699 -0.110182 0.947502 -0.300167 -3.21228 0.376402 0.31929 0.869698 -56.3576 
0.920864 -0.389118 -0.0244271 54.6683 -0.0849776 -0.139168 -0.986616 137.818 0.38051 0.910615 -0.161221 -132.676 
0.920864 -0.360445 0.148623 52.3736 -0.0849776 -0.557587 -0.825757 179.722 0.38051 0.747781 -0.544092 -117.764 
0.703889 -0.301574 -0.643113 30.6869 0.449026 0.890457 0.0739 -8.04798 0.550378 -0.340792 0.762197 32.4703 
0.311722 0.269784 -0.911068 2.90536 0.426508 0.81709 0.387885 -2.96084 0.84907 -0.509491 0.13964 36.8588 
0.309639 0.17525 -0.934565 4.11751 0.040758 0.979519 0.197184 1.7649 0.94998 -0.0991469 0.296155 29.9906 
0.309639 0.17525 -0.934565 4.11752 0.040758 0.979519 0.197184 1.7649 0.94998 -0.0991469 0.296155 29.9906 
0.931637 -0.11896 -0.343367 11.986 -0.183958 0.660493 -0.727948 14.9086 0.313388 0.741348 0.593457 -76.8485 
0.932165 0.04876 -0.358736 2.4207 -0.204244 0.888974 -0.409891 2.33297 0.29892 0.455356 0.838629 -60.2439 
0.932165 0.190456 -0.307889 0.49669 -0.205133 0.978608 -0.0157069 -2.24471 0.298311 0.0777994 0.951293 -57.4208 
0.932165 0.190456 -0.307889 0.49669 -0.205133 0.978608 -0.0157069 -2.24471 0.298311 0.0777994 0.951293 -57.4208 
0.770434 -0.445367 0.456158 76.0495 0.618717 0.694839 -0.366589 16.2753 -0.15369 0.564665 0.810884 -51.665 
0.891007 0 -0.45399 -0.69105 0 1 0 -14.8584 0.45399 0 0.891007 -0.254758 
0.891007 0 -0.45399 -1.15142 0 1 0 -16.2198 0.45399 0 0.891007 1.147 
0.878814 0 -0.477164 -1.12561 0 1 0 -13.7671 0.477164 0 0.878814 1.58275 
0.926066 0.25786 -0.275517 -37.4972 -0.080199 0.847923 0.524018 10.0265 0.36874 -0.46318 0.805913 67.9701 
0.926066 0.200551 -0.319657 -28.1651 -0.080199 0.932331 0.352599 -3.96039 0.36874 -0.300894 0.879485 41.4911 
0.969334 0.213936 -0.120926 -30.1139 -0.165347 0.93181 0.323095 -3.91547 0.181802 -0.293192 0.938609 40.3176 
0.872158 -0.37878 -0.309623 64.3821 0.480645 0.781429 0.397931 8.15341 0.0912202 -0.495878 0.863588 78.0503 
0.872531 -0.438802 0.214806 72.0861 0.48102 0.694644 -0.534873 19.2964 0.0854895 0.570019 0.817172 -58.7825 
0.767555 -0.438802 0.467239 75.5169 0.619596 0.694644 -0.365472 16.3423 -0.164196 0.570019 0.805058 -52.5416 
0.924156 -0.00996007 -0.381885 5.37722 -0.111908 0.948746 -0.295561 -3.50446 0.365256 0.315881 0.875675 -55.9086 
0.925399 -0.377826 -0.0297312 52.9458 -0.0838754 -0.127667 -0.988264 136.268 0.369596 0.917033 -0.149833 -133.491 
0.925399 -0.352621 0.138906 50.9804 -0.0838754 -0.547973 -0.83228 178.343 0.369596 0.758541 -0.53667 -119.022 
0.703889 -0.301574 -0.643113 30.6869 0.449148 0.890382 0.074068 -8.04451 0.550279 -0.340988 0.762181 32.4909 
0.311722 0.269784 -0.911069 2.90538 0.426321 0.817202 0.387854 -2.96441 0.849164 -0.50931 0.139726 36.8559 
0.309639 0.17525 -0.934565 4.11752 0.0405488 0.979541 0.197119 1.76284 0.949989 -0.0989312 0.296198 29.9887 
0.309639 0.17525 -0.934565 4.11753 0.0405488 0.979541 0.197119 1.76284 0.949989 -0.0989312 0.296198 29.9887 
0.931637 -0.11896 -0.343367 11.986 -0.183958 0.660493 -0.727948 14.9051 0.313388 0.741348 0.593457 -76.8485 
0.932165 0.04876 -0.358736 2.4207 -0.204129 0.889149 -0.409567 2.32158 0.298999 0.455013 0.838787 -60.2231 
0.932165 0.190456 -0.307889 0.496688 -0.205116 0.978613 -0.0156544 -2.25311 0.298322 0.0777454 0.951294 -57.4024 
0.932165 0.190456 -0.307889 0.496689 -0.205116 0.978613 -0.0156544 -2.25311 0.298322 0.0777454 0.951294 -57.4024 
0.767555 -0.438802 0.467239 75.5169 0.619596 0.694644 -0.365472 16.3423 -0.164196 0.570019 0.805058 -52.5416 
0.891007 0 -0.453991 -0.69105 0 1 0 -14.8619 0.453991 0 0.891007 -0.254758 
0.891007 0 -0.453991 -1.15143 0 1 0 -16.2233 0.453991 0 0.891007 1.147 
0.878814 0 -0.477164 -1.12561 0 1 0 -13.7706 0.477164 0 0.878814 1.58275 
0.93048 0.251809 -0.266082 -36.5932 -0.078773 0.846853 0.52596 10.1836 0.357773 -0.468435 0.807816 68.7351 
0.93048 0.196411 -0.30924 -27.5728 -0.078773 0.931652 0.35471 -3.86693 0.357773 -0.30569 0.882356 42.1819 
0.970853 0.211219 -0.113274 -29.7767 -0.164595 0.931107 0.325498 -3.81703 0.174221 -0.297366 0.938733 40.8951 
0.872642 -0.385588 -0.299695 65.4789 0.481759 0.780243 0.39891 8.33981 0.0800202 -0.492487 0.866633 77.4517 
0.872974 -0.432148 0.226196 71.454 0.482165 0.694468 -0.53407 19.3523 0.0737114 0.575293 0.814619 -59.6092 
0.764552 -0.432148 0.478235 74.9702 0.620447 0.694468 -0.364362 16.4066 -0.174661 0.575293 0.799081 -53.4121 
0.928283 -0.00281692 -0.371864 4.18478 -0.113662 0.949969 -0.290929 -3.79341 0.354079 0.312332 0.88152 -55.4362 
0.929811 -0.366389 -0.0347919 51.2053 -0.0827968 -0.116131 -0.989777 134.714 0.358603 0.923186 -0.138316 -134.268 
0.929811 -0.34456 0.129344 49.5597 -0.0827968 -0.538268 -0.838697 176.955 0.358603 0.76912 -0.529016 -120.249 
0.703889 -0.301574 -0.643113 30.6869 0.449269 0.890307 0.0742361 -8.04102 0.55018 -0.341185 0.762165 32.5114 
0.311722 0.269784 -0.911069 2.90537 0.426134 0.817315 0.387823 -2.96796 0.849258 -0.50913 0.139811 36.8529 
0.309639 0.17525 -0.934565 4.11752 0.0403393 0.979563 0.197053 1.76081 0.949998 -0.0987152 0.296242 29.9869 
0.309639 0.17525 -0.934565 4.11752 0.0403393 0.979563 0.197053 1.76081 0.949998 -0.0987152 0.296242 29.9869 
0.931637 -0.11896 -0.343367 11.986 -0.183958 0.660493 -0.727948 14.9017 0.313388 0.741348 0.593457 -76.8485 
0.932165 0.04876 -0.358736 2.4207 -0.204013 0.889325 -0.409244 2.31021 0.299078 0.45467 0.838945 -60.2023 
0.932165 0.190456 -0.307889 0.496695 -0.2051 0.978617 -0.015602 -2.26149 0.298334 0.0776915 0.951295 -57.384 
0.932165 0.190456 -0.307889 0.496693 -0.2051 0.978617 -0.015602 -2.26149 0.298334 0.0776915 0.951295 -57.384 
0.764552 -0.432148 0.478235 74.9702 0.620447 0.694468 -0.364362 16.4066 -0.174661 0.575293 0.799081 -53.4121 
0.891007 0 -0.453991 -0.69105 0 1 0 -14.8654 0.453991 0 0.891007 -0.254758 
0.891007 0 -0.453991 -1.15142 0 1 0 -16.2268 0.453991 0 0.891007 1.147 
0.878814 0 -0.477164 -1.12561 0 1 0 -13.7741 0.477164 0 0.878814 1.58275 
0.934761 0.245695 -0.256626 -35.6801 -0.0773731 0.845767 0.527912 10.3432 0.346751 -0.473615 0.8096 69.4888 
0.934761 0.192214 -0.298791 -26.9724 -0.0773731 0.930959 0.356832 -3.77138 0.346751 -0.310434 0.885096 42.8653 
0.97231 0.20846 -0.105625 -29.4337 -0.163852 0.930394 0.327903 -3.71742 0.166627 -0.301516 0.938788 41.4701 
0.872998 -0.392344 -0.289726 66.5665 0.482845 0.779063 0.399902 8.5251 0.0688151 -0.489006 0.869561 76.8386 
0.873272 -0.425406 0.23754 70.8084 0.483281 0.69431 -0.533267 19.4056 0.0619283 0.580486 0.811912 -60.4285 
0.761425 -0.425406 0.489144 74.4094 0.62127 0.69431 -0.36326 16.4682 -0.185085 0.580486 0.792956 -54.2763 
0.932261 0.00426835 -0.361761 3.00007 -0.115442 0.951168 -0.286273 -4.07896 0.342874 0.308644 0.88723 -54.9405 
0.934099 -0.354811 -0.0396059 49.4474 -0.0817426 -0.104563 -0.991153 133.156 0.347531 0.929073 -0.126676 -135.007 
0.934099 -0.336264 0.119941 48.1122 -0.0817426 -0.528474 -0.845005 175.557 0.347531 0.779514 -0.521134 -121.445 
0.703889 -0.301574 -0.643113 30.6869 0.44939 0.890232 0.0744041 -8.03753 0.550081 -0.341381 0.762148 32.532 
0.311722 0.269784 -0.911069 2.90537 0.425947 0.817427 0.387793 -2.97151 0.849352 -0.50895 0.139896 36.85 
0.309639 0.17525 -0.934565 4.11752 0.0401298 0.979584 0.196988 1.75877 0.950007 -0.0984992 0.296285 29.985 
0.309639 0.17525 -0.934565 4.11752 0.0401298 0.979584 0.196988 1.75877 0.950007 -0.0984992 0.296285 29.985 
0.931637 -0.11896 -0.343367 11.986 -0.183958 0.660493 -0.727948 14.8982 0.313388 0.741348 0.593457 -76.8485 
0.932165 0.04876 -0.358736 2.4207 -0.203898 0.8895 -0.40892 2.29884 0.299156 0.454326 0.839103 -60.1815 
0.932165 0.190456 -0.307889 0.496693 -0.205083 0.978621 -0.0155495 -2.26987 0.298345 0.0776376 0.951295 -57.3656 
0.932165 0.190456 -0.307889 0.496693 -0.205083 0.978621 -0.0155495 -2.26987 0.298345 0.0776376 0.951295 -57.3656 
0.761425 -0.425406 0.489144 74.4094 0.62127 0.69431 -0.36326 16.4682 -0.185085 0.580486 0.792956 -54.2763 
0.891006 0 -0.453991 -0.69105 0 1 0 -14.8688 0.453991 0 0.891006 -0.254758 
0.891006 0 -0.453991 -1.15143 0 1 0 -16.2302 0.453991 0 0.891006 1.147 
0.878814 0 -0.477164 -1.12561 0 1 0 -13.7775 0.477164 0 0.878814 1.58275 
0.938907 0.23952 -0.24715 -34.7582 -0.0759996 0.844665 0.529872 10.5052 0.335674 -0.478718 0.811266 70.231 
0.938907 0.187961 -0.288311 -26.3638 -0.0759996 0.930251 0.358967 -3.67375 0.335674 -0.315125 0.887704 43.5411 
0.973707 0.205658 -0.0979802 -29.085 -0.163119 0.929671 0.33031 -3.61655 0.15902 -0.305642 0.938773 42.0426 
0.873224 -0.399048 -0.279716 67.645 0.483903 0.777889 0.400907 8.7092 0.0576067 -0.485437 0.872372 76.2112 
0.873427 -0.418576 0.248836 70.1496 0.484367 0.694169 -0.532463 19.4562 0.0501424 0.585596 0.809051 -61.2401 
0.758175 -0.418576 0.499964 73.8346 0.622064 0.694169 -0.362167 16.5271 -0.195465 0.585596 0.786684 -55.1339 
0.936091 0.0112934 -0.351577 1.82349 -0.11725 0.952343 -0.281593 -4.36105 0.331642 0.304819 0.892804 -54.4218 
0.93826 -0.343098 -0.0441704 47.6729 -0.0807133 -0.0929639 -0.992393 131.595 0.336382 0.934688 -0.114917 -135.706 
0.93826 -0.327738 0.110704 46.6384 -0.0807133 -0.518592 -0.851204 174.15 0.336382 0.789715 -0.513027 -122.609 
0.703889 -0.301574 -0.643113 30.6869 0.449512 0.890156 0.0745721 -8.03404 0.549982 -0.341577 0.762132 32.5526 
0.311722 0.269784 -0.911069 2.90537 0.425759 0.817539 0.387762 -2.97506 0.849446 -0.50877 0.139982 36.8471 
0.309639 0.17525 -0.934565 4.11752 0.0399204 0.979606 0.196923 1.75674 0.950016 -0.0982832 0.296328 29.9831 
0.309639 0.17525 -0.934565 4.11752 0.0399204 0.979606 0.196923 1.75674 0.950016 -0.0982832 0.296328 29.9831 
0.931637 -0.11896 -0.343367 11.986 -0.183958 0.660493 -0.727948 14.8947 0.313388 0.741349 0.593456 -76.8485 
0.932165 0.0487599 -0.358736 2.42071 -0.203782 0.889675 -0.408597 2.28747 0.299235 0.453983 0.83926 -60.1608 
0.932165 0.190456 -0.307889 0.496701 -0.205067 0.978625 -0.0154974 -2.27825 0.298356 0.0775839 0.951296 -57.3472 
0.932165 0.190456 -0.307889 0.496701 -0.205067 0.978625 -0.0154974 -2.27825 0.298356 0.0775839 0.951296 -57.3472 
0.758175 -0.418576 0.499964 73.8346 0.622064 0.694169 -0.362167 16.5271 -0.195465 0.585596 0.786684 -55.1339 
0.891006 0 -0.453991 -0.69105 0 1 0 -14.8723 0.453991 0 0.891006 -0.254758 
0.891006 0 -0.453991 -1.15143 0 1 0 -16.2337 0.453991 0 0.891006 1.147 
0.878814 0 -0.477164 -1.12561 0 1 0 -13.781 0.477164 0 0.878814 1.58275 
0.94292 0.233285 -0.237656 -33.8274 -0.0746526 0.843547 0.531842 10.6696 0.324544 -0.483743 0.812812 70.9616 
0.94292 0.183652 -0.277802 -25.7472 -0.0746526 0.929528 0.361114 -3.57408 0.324544 -0.319763 0.890181 44.2092 
0.975041 0.202812 -0.0903406 -28.7306 -0.162395 0.928938 0.332718 -3.51445 0.1514 -0.309743 0.938689 42.6125 
0.87332 -0.405699 -0.269667 68.7141 0.484932 0.776722 0.401925 8.89214 0.0463962 -0.481779 0.875063 75.5696 
0.873437 -0.411661 0.260081 69.4775 0.485424 0.694047 -0.53166 19.5043 0.038355 0.590621 0.806037 -62.0438 
0.754804 -0.411661 0.510692 73.246 0.62283 0.694047 -0.361083 16.5833 -0.2058 0.590621 0.780265 -55.9848 
0.939772 0.018256 -0.341313 0.655401 -0.119085 0.953494 -0.276888 -4.63957 0.320385 0.300857 0.898242 -53.8801 
0.942294 -0.331256 -0.0484826 45.8827 -0.0797099 -0.0813359 -0.993494 130.03 0.325158 0.940029 -0.103047 -136.366 
0.942294 -0.318984 0.101637 45.1388 -0.0797099 -0.508624 -0.857291 172.734 0.325158 0.799719 -0.504699 -123.742 
0.703889 -0.301574 -0.643113 30.6869 0.449633 0.890081 0.0747401 -8.03054 0.549883 -0.341773 0.762115 32.5732 
0.311722 0.269784 -0.911068 2.90537 0.425572 0.817651 0.387731 -2.97859 0.84954 -0.50859 0.140068 36.8441 
0.309639 0.17525 -0.934564 4.11752 0.0397109 0.979628 0.196857 1.75472 0.950024 -0.0980672 0.296372 29.9812 
0.309639 0.17525 -0.934564 4.11752 0.0397109 0.979628 0.196857 1.75472 0.950024 -0.0980672 0.296372 29.9812 
0.931637 -0.11896 -0.343367 11.986 -0.183957 0.660493 -0.727948 14.8913 0.313388 0.741348 0.593456 -76.8485 
0.932165 0.04876 -0.358736 2.4207 -0.203667 0.88985 -0.408272 2.2761 0.299314 0.45364 0.839418 -60.1399 
0.932165 0.190456 -0.307889 0.496693 -0.20505 0.97863 -0.0154446 -2.28663 0.298368 0.0775296 0.951297 -57.3287 
0.932165 0.190456 -0.307889 0.496694 -0.20505 0.97863 -0.0154446 -2.28663 0.298368 0.0775296 0.951297 -57.3287 
0.754804 -0.411661 0.510692 73.246 0.62283 0.694047 -0.361083 16.5833 -0.2058 0.590621 0.780265 -55.9848 
0.891007 0 -0.45399 -0.69105 0 1 0 -14.8758 0.45399 0 0.891007 -0.254758 
0.891007 0 -0.45399 -1.15142 0 1 0 -16.2372 0.45399 0 0.891007 1.147 
0.878814 0 -0.477164 -1.12561 0 1 0 -13.7845 0.477164 0 0.878814 1.58275 
0.946798 0.22699 -0.228144 -32.888 -0.0733323 0.842412 0.533821 10.8363 0.313364 -0.48869 0.814239 71.6805 
0.946798 0.179288 -0.267265 -25.1226 -0.0733323 0.928792 0.363274 -3.47232 0.313364 -0.324347 0.892525 44.8697 
0.976314 0.199924 -0.0827066 -28.3705 -0.161681 0.928196 0.335128 -3.41107 0.143768 -0.313819 0.938535 43.1799 
0.873288 -0.412294 -0.259581 69.7736 0.485933 0.775562 0.402955 9.07379 0.035185 -0.478034 0.877636 74.9138 
0.873304 -0.404661 0.271274 68.7922 0.48645 0.693943 -0.530857 19.5496 0.0265681 0.595561 0.80287 -62.8395 
0.751311 -0.404661 0.521327 72.6435 0.623568 0.693943 -0.360009 16.6368 -0.216089 0.595561 0.7737 -56.8287 
0.943305 0.025154 -0.330972 -0.503819 -0.120947 0.954621 -0.27216 -4.91449 0.309107 0.29676 0.903541 -53.3155 
0.946199 -0.31929 -0.0525398 44.0774 -0.0787328 -0.0696806 -0.994457 128.462 0.313859 0.945092 -0.0910704 -136.985 
0.946199 -0.310008 0.092745 43.6142 -0.0787328 -0.49857 -0.863266 171.309 0.313859 0.80952 -0.496155 -124.841 
0.703889 -0.301574 -0.643113 30.6869 0.449754 0.890006 0.0749081 -8.02704 0.549784 -0.34197 0.762099 32.5938 
0.311722 0.269784 -0.911069 2.90538 0.425385 0.817763 0.3877 -2.98212 0.849634 -0.508409 0.140153 36.8412 
0.309639 0.17525 -0.934565 4.11753 0.0395015 0.979649 0.196792 1.75269 0.950033 -0.0978512 0.296415 29.9793 
0.309639 0.17525 -0.934565 4.11753 0.0395015 0.979649 0.196792 1.7527 0.950033 -0.0978512 0.296415 29.9793 
0.931637 -0.11896 -0.343367 11.986 -0.183957 0.660493 -0.727948 14.8878 0.313388 0.741348 0.593457 -76.8485 
0.932165 0.04876 -0.358736 2.4207 -0.203551 0.890025 -0.407949 2.26476 0.299392 0.453296 0.839575 -60.1191 
0.932165 0.190456 -0.307889 0.496691 -0.205034 0.978634 -0.0153922 -2.29499 0.298379 0.0774758 0.951298 -57.3103 
0.932165 0.190456 -0.307889 0.496691 -0.205034 0.978634 -0.0153922 -2.29499 0.298379 0.0774758 0.951298 -57.3103 
0.751311 -0.404661 0.521327 72.6435 0.623568 0.693943 -0.360009 16.6368 -0.216089 0.595561 0.7737 -56.8287 
0.891007 0 -0.453991 -0.69105 0 1 0 -14.8792 0.453991 0 0.891007 -0.254758 
0.891007 0 -0.453991 -1.15143 0 1 0 -16.2406 0.453991 0 0.891007 1.147 
0.878814 0 -0.477164 -1.12561 0 1 0 -13.7879 0.477164 0 0.878814 1.58276 
0.95054 0.220637 -0.218618 -31.9401 -0.0720389 0.841261 0.535808 11.0054 0.302134 -0.493558 0.815546 72.3876 
0.95054 0.174869 -0.256701 -24.4902 -0.0720389 0.928042 0.365444 -3.36858 0.302134 -0.328876 0.894738 45.5222 
0.977526 0.196994 -0.075079 -28.0046 -0.160977 0.927444 0.33754 -3.30652 0.136125 -0.317868 0.938312 43.7446 
0.873126 -0.418834 -0.249459 70.8233 0.486905 0.774409 0.403997 9.25414 0.0239755 -0.474203 0.880089 74.2441 
0.873027 -0.397577 0.282412 68.094 0.487448 0.693856 -0.530056 19.5924 0.0147841 0.600414 0.799553 -63.6267 
0.747697 -0.397577 0.531866 72.0273 0.624278 0.693856 -0.358945 16.6877 -0.22633 0.600414 0.766993 -57.6655 
0.94669 0.0319846 -0.320555 -1.65371 -0.122836 0.955721 -0.267409 -5.18567 0.297809 0.292529 0.908701 -52.7283 
0.949974 -0.307205 -0.0563392 42.2578 -0.0777829 -0.0580011 -0.995282 126.892 0.302488 0.949874 -0.0789948 -137.565 
0.949974 -0.300812 0.0840326 42.0651 -0.0777829 -0.488434 -0.869127 169.875 0.302488 0.819112 -0.487398 -125.906 
0.703889 -0.301574 -0.643113 30.6869 0.449875 0.88993 0.0750762 -8.02354 0.549684 -0.342166 0.762082 32.6144 
0.311722 0.269784 -0.911069 2.90537 0.425197 0.817875 0.387669 -2.98566 0.849727 -0.508229 0.140239 36.8382 
0.309639 0.17525 -0.934565 4.11752 0.039292 0.979671 0.196727 1.75067 0.950042 -0.0976353 0.296459 29.9774 
0.309639 0.17525 -0.934565 4.11752 0.039292 0.979671 0.196727 1.75067 0.950042 -0.0976353 0.296459 29.9774 
0.931637 -0.11896 -0.343367 11.986 -0.183957 0.660493 -0.727948 14.8843 0.313388 0.741348 0.593457 -76.8485 
0.932165 0.04876 -0.358736 2.4207 -0.203436 0.8902 -0.407625 2.25342 0.299471 0.452953 0.839733 -60.0983 
0.932165 0.190456 -0.307889 0.496695 -0.205017 0.978638 -0.0153397 -2.30335 0.29839 0.0774217 0.951299 -57.2919 
0.932165 0.190456 -0.307889 0.496696 -0.205017 0.978638 -0.0153397 -2.30335 0.29839 0.0774217 0.951299 -57.2919 
0.747697 -0.397577 0.531866 72.0273 0.624278 0.693856 -0.358945 16.6877 -0.22633 0.600414 0.766993 -57.6655 
0.891007 0 -0.453991 -0.69105 0 1 0 -14.8827 0.453991 0 0.891007 -0.254758 
0.891007 0 -0.453991 -1.15143 0 1 0 -16.2441 0.453991 0 0.891007 1.147 
0.878814 0 -0.477164 -1.12561 0 1 0 -13.7914 0.477164 0 0.878814 1.58276 
0.954145 0.214226 -0.209078 -30.9839 -0.0707727 0.840094 0.537804 11.1768 0.290857 -0.498346 0.816733 73.0828 
0.954145 0.170397 -0.246113 -23.8501 -0.0707727 0.927277 0.367625 -3.26282 0.290857 -0.33335 0.896817 46.1669 
0.978675 0.194022 -0.0674578 -27.6331 -0.160282 0.926683 0.339953 -3.2007 0.12847 -0.321892 0.93802 44.3066 
0.872835 -0.425317 -0.239302 71.8631 0.487849 0.773263 0.405051 9.43317 0.0127683 -0.470286 0.882422 73.5606 
0.872606 -0.390409 0.293494 67.3829 0.488415 0.693786 -0.529255 19.6326 0.00300397 0.605178 0.796084 -64.4055 
0.743964 -0.390409 0.542308 71.3974 0.62496 0.693786 -0.35789 16.7358 -0.236522 0.605178 0.760142 -58.4947 
0.949926 0.0387463 -0.310064 -2.79401 -0.124753 0.956797 -0.262634 -5.453 0.286492 0.288164 0.91372 -52.1186 
0.953617 -0.295008 -0.059879 40.4248 -0.0768608 -0.0462982 -0.995966 125.319 0.291046 0.954373 -0.0668252 -138.103 
0.953617 -0.291401 0.0755042 40.4921 -0.0768608 -0.478216 -0.874873 168.433 0.291046 0.82849 -0.478432 -126.938 
0.703889 -0.301574 -0.643113 30.6869 0.449996 0.889855 0.0752442 -8.02002 0.549585 -0.342362 0.762066 32.6349 
0.311722 0.269784 -0.911069 2.90537 0.42501 0.817987 0.387638 -2.98919 0.849821 -0.508049 0.140324 36.8353 
0.309639 0.17525 -0.934565 4.11752 0.0390825 0.979692 0.196661 1.74865 0.95005 -0.0974193 0.296502 29.9755 
0.309639 0.17525 -0.934565 4.11752 0.0390825 0.979692 0.196661 1.74865 0.95005 -0.0974193 0.296502 29.9755 
0.931637 -0.11896 -0.343367 11.986 -0.183957 0.660493 -0.727948 14.8809 0.313388 0.741348 0.593457 -76.8485 
0.932165 0.0487599 -0.358736 2.42071 -0.20332 0.890375 -0.407301 2.24209 0.299549 0.45261 0.83989 -60.0775 
0.932165 0.190456 -0.307889 0.496698 -0.205001 0.978642 -0.0152875 -2.31169 0.298402 0.077368 0.9513 -57.2735 
0.932165 0.190456 -0.307889 0.496697 -0.205001 0.978642 -0.0152875 -2.31169 0.298402 0.077368 0.9513 -57.2735 
0.743964 -0.390409 0.542308 71.3974 0.62496 0.693786 -0.35789 16.7358 -0.236522 0.605178 0.760142 -58.4947 
0.891007 0 -0.45399 -0.69105 0 1 0 -14.8862 0.45399 0 0.891007 -0.254758 
0.891007 0 -0.45399 -1.15142 0 1 0 -16.2476 0.45399 0 0.891007 1.147 
0.878814 0 -0.477164 -1.12561 0 1 0 -13.7949 0.477164 0 0.878814 1.58275 
0.957615 0.207759 -0.199525 -30.0195 -0.0695338 0.838912 0.539807 11.3504 0.279534 -0.503054 0.817801 73.766 
0.957615 0.165871 -0.235501 -23.2023 -0.0695338 0.926499 0.369818 -3.15508 0.279534 -0.337767 0.898762 46.8035 
