21 59 0.583333 1
0.891007 0 -0.45399 -0.69105 0 1 0 -14.8238 0.45399 0 0.891007 -0.254758 
0.891007 0 -0.45399 -1.15142 0 1 0 -16.1852 0.45399 0 0.891007 1.147 
0.878814 0 -0.477164 -1.12561 0 1 0 -13.7325 0.477164 0 0.878814 1.58275 
0.874768 0.314754 -0.368388 -46.0098 -0.0958455 0.857663 0.505201 8.59448 0.474967 -0.406626 0.780424 59.7222 
0.874768 0.238679 -0.421678 -33.6164 -0.0958455 0.938302 0.332269 -4.77721 0.474967 -0.250243 0.843673 34.1984 
0.950797 0.238679 -0.197527 -33.1671 -0.173382 0.938302 0.299212 -4.83118 0.256756 -0.250243 0.933518 34.4245 
0.860208 -0.308133 -0.40632 52.9599 0.467971 0.793559 0.388931 6.23793 0.202597 -0.524708 0.826823 83.2116 
0.860208 -0.500275 0.0988287 77.6504 0.467971 0.697442 -0.54275 18.589 0.202597 0.513127 0.83406 -50.1515 
0.790677 -0.500275 0.352924 80.195 0.60952 0.697442 -0.376908 15.5491 -0.0575865 0.513127 0.856379 -43.5387 
0.874768 -0.0840494 -0.477196 17.6397 -0.0958455 0.935366 -0.340446 -0.4496 0.474967 0.343549 0.810173 -59.3289 
0.874768 -0.483367 0.0337085 69.2431 -0.0958455 -0.240809 -0.965828 151.546 0.474967 0.841645 -0.256981 -123.697 
0.874768 -0.419671 0.242191 63.594 -0.0958455 -0.639829 -0.762517 191.663 0.474967 0.643813 -0.599926 -105.198 
0.703889 -0.301574 -0.643113 30.6869 0.447934 0.891132 0.0723875 -8.07909 0.551268 -0.339025 0.762342 32.2849 
0.311722 0.269784 -0.911069 2.90538 0.428192 0.816077 0.388161 -2.92863 0.848222 -0.511111 0.13887 36.8851 
0.309639 0.17525 -0.934565 4.11753 0.0426429 0.97932 0.197771 1.78347 0.949897 -0.10109 0.295763 30.0076 
0.309639 0.17525 -0.934565 4.11753 0.0426429 0.97932 0.197771 1.78347 0.949897 -0.10109 0.295763 30.0076 
0.931637 -0.11896 -0.343367 11.986 -0.183958 0.660493 -0.727948 14.9398 0.313388 0.741348 0.593457 -76.8485 
0.932165 0.04876 -0.358736 2.4207 -0.205281 0.887387 -0.412801 2.43584 0.298209 0.45844 0.8372 -60.4309 
0.932165 0.190456 -0.307889 0.49669 -0.205281 0.97857 -0.0161787 -2.16881 0.298209 0.0782847 0.951285 -57.5864 
0.932165 0.190456 -0.307889 0.49669 -0.205281 0.97857 -0.0161787 -2.16881 0.298209 0.0782847 0.951285 -57.5864 
0.790677 -0.500275 0.352924 80.195 0.60952 0.697442 -0.376908 15.5491 -0.0575865 0.513127 0.856379 -43.5387 
0.891007 -9.31323e-10 -0.453991 -0.69105 -0.0118841 0.999657 -0.0233238 -14.3261 0.453835 0.026177 0.890701 0.489537 
0.891007 -9.31323e-10 -0.453991 -1.15142 -0.0118841 0.999657 -0.0233238 -15.7237 0.453835 0.026177 0.890701 1.85517 
0.886224 -0.00377094 -0.463242 -0.619083 -0.0177284 0.998958 -0.042048 -13.239 0.462918 0.0454765 0.885234 -0.0583265 
0.883419 0.296968 -0.362466 -43.5163 -0.11562 0.887761 0.445547 4.54458 0.454096 -0.351696 0.8186 56.8377 
0.883419 0.22235 -0.412471 -31.358 -0.11562 0.956465 0.267968 -6.87886 0.454096 -0.189038 0.870667 30.2757 
0.96015 0.206334 -0.188516 -28.2125 -0.17045 0.966855 0.1901 -8.77905 0.221492 -0.150392 0.963495 24.0039 
0.858807 -0.323981 -0.396847 55.3462 0.464066 0.820116 0.334743 2.42812 0.21701 -0.471643 0.854669 79.8487 
0.861599 -0.494442 0.114777 77.1842 0.459092 0.662639 -0.59173 22.7825 0.216521 0.562527 0.797924 -53.0319 
0.787208 -0.494442 0.368552 79.8501 0.61578 0.662639 -0.426291 19.3606 -0.0334405 0.562527 0.826102 -46.6578 
0.882365 -0.0659823 -0.465917 14.4348 -0.128919 0.918341 -0.374204 2.54338 0.452562 0.39025 0.801805 -60.7921 
0.88111 -0.472899 0.00341631 66.9903 -0.12547 -0.24073 -0.962448 152.411 0.455963 0.847594 -0.271445 -119.813 
0.88111 -0.423541 0.210376 62.7552 -0.12547 -0.638277 -0.759513 192.381 0.455963 0.642819 -0.615534 -100.63 
0.7171 -0.314873 -0.621789 31.9669 0.430239 0.901851 0.0394923 -8.66736 0.548326 -0.295838 0.782188 31.426 
0.338778 0.261754 -0.903722 3.68089 0.405785 0.825947 0.391343 -3.33309 0.848863 -0.499295 0.173597 37.7824 
0.337642 0.19926 -0.919942 4.48566 0.0343346 0.974079 0.223588 1.15549 0.940648 -0.107079 0.322049 31.2842 
0.337642 0.19926 -0.919942 4.48566 0.0343346 0.974079 0.223588 1.15549 0.940648 -0.107079 0.322049 31.2842 
0.931637 -0.11896 -0.343367 11.986 -0.18505 0.657901 -0.730015 15.8342 0.312744 0.743649 0.590912 -73.7241 
0.932165 0.04876 -0.358736 2.4207 -0.20632 0.885781 -0.41572 3.27299 0.297491 0.461534 0.835754 -57.3503 
0.932165 0.190456 -0.307889 0.496691 -0.20632 0.97829 -0.0194991 -1.34156 0.297491 0.0817001 0.951223 -54.5219 
0.932165 0.190456 -0.307889 0.496691 -0.20632 0.97829 -0.0194991 -1.34156 0.297491 0.0817001 0.951223 -54.5219 
0.78013 -0.500337 0.37558 80.6271 0.625542 0.633171 -0.455842 21.6798 -0.0097316 0.590557 0.806937 -50.0081 
0.891007 0 -0.45399 -0.69105 -0.02376 0.99863 -0.0466317 -13.7539 0.453368 0.052336 0.889785 1.23488 
0.891007 0 -0.45399 -1.15142 -0.02376 0.99863 -0.0466317 -15.1868 0.453368 0.052336 0.889785 2.56347 
0.893434 -0.0072361 -0.449136 -0.150618 -0.0343967 0.995832 -0.0844668 -12.4966 0.447876 0.0909143 0.889461 -1.70068 
0.891806 0.27978 -0.355534 -41.1 -0.13385 0.913839 0.383383 1.01433 0.432164 -0.294315 0.852416 53.586 
0.891806 0.2068 -0.402387 -29.2065 -0.13385 0.970202 0.201971 -8.3938 0.432164 -0.126259 0.892913 26.1289 
0.968475 0.175635 -0.176661 -23.5068 -0.164023 0.983333 0.0784332 -10.8545 0.187492 -0.0469841 0.981142 13.009 
0.857521 -0.339246 -0.386743 57.6502 0.459418 0.843281 0.278948 -0.912109 0.231501 -0.41688 0.878987 76.2118 
0.863158 -0.487784 0.130475 76.6034 0.44959 0.624831 -0.638322 27.393 0.229839 0.609633 0.758631 -55.657 
0.783974 -0.487784 0.383993 79.389 0.620729 0.624831 -0.473584 23.6055 -0.00892389 0.609633 0.792633 -49.5463 
0.889663 -0.0474102 -0.454149 11.1678 -0.160223 0.898942 -0.407716 5.79306 0.427584 0.435495 0.792159 -62.0533 
0.887423 -0.460204 -0.0263115 64.4594 -0.1535 -0.241211 -0.958256 153.294 0.434647 0.854417 -0.284698 -116.022 
0.887423 -0.425163 0.178092 61.6327 -0.1535 -0.636871 -0.755535 193.077 0.434647 0.643142 -0.630437 -96.2008 
0.729918 -0.327627 -0.5999 33.1981 0.413269 0.910592 0.00553049 -9.06272 0.544452 -0.251957 0.800056 30.4978 
0.365416 0.253035 -0.895792 4.47774 0.383882 0.835733 0.392665 -3.65034 0.848001 -0.487365 0.208255 38.6544 
0.365916 0.221004 -0.904026 4.87651 0.0267429 0.968496 0.24759 0.614391 0.930264 -0.114773 0.348477 32.548 
0.365916 0.221004 -0.904026 4.87651 0.0267429 0.968496 0.24759 0.61439 0.930264 -0.114773 0.348477 32.548 
0.931637 -0.118959 -0.343367 11.986 -0.186141 0.655302 -0.732073 16.7351 0.312096 0.745941 0.58836 -70.5947 
0.932165 0.0487601 -0.358736 2.42069 -0.207357 0.884165 -0.418635 4.11681 0.296769 0.464623 0.834298 -54.2648 
0.932165 0.190456 -0.307889 0.49668 -0.207357 0.977999 -0.0228194 -0.507586 0.296769 0.0851144 0.951149 -51.4526 
0.932165 0.190456 -0.307889 0.49668 -0.207357 0.977999 -0.0228194 -0.507584 0.296769 0.0851144 0.951149 -51.4526 
0.770493 -0.498002 0.397912 80.778 0.636182 0.561432 -0.529213 28.7876 0.0401486 0.6609 0.749399 -55.872 
0.891006 -1.86265e-09 -0.453991 -0.69105 -0.0356197 0.996917 -0.0699076 -13.1074 0.452591 0.0784592 0.88826 1.98322 
0.891006 -1.86265e-09 -0.453991 -1.15142 -0.0356197 0.996917 -0.0699076 -14.5746 0.452591 0.0784592 0.88826 3.27384 
0.900439 -0.0103933 -0.434857 0.279491 -0.0499679 0.990625 -0.127143 -11.5054 0.432102 0.136213 0.891479 -3.33206 
0.89992 0.26324 -0.347634 -38.7681 -0.150474 0.935723 0.31903 -1.97031 0.40927 -0.234792 0.881686 50.0085 
0.89992 0.192072 -0.391475 -27.1679 -0.150474 0.979405 0.134624 -9.30649 0.40927 -0.0622444 0.910288 21.8043 
0.975771 0.146844 -0.162198 -19.0928 -0.154308 0.987425 -0.0343501 -11.0056 0.155114 0.0585463 0.98616 1.67071 
0.856359 -0.353904 -0.376034 59.8684 0.454012 0.862954 0.221773 -3.76622 0.246014 -0.360641 0.899675 72.332 
0.864879 -0.480312 0.14589 75.9092 0.439516 0.584167 -0.68233 32.4033 0.242507 0.654254 0.716339 -57.9999 
0.78098 -0.480312 0.399212 78.8127 0.624354 0.584167 -0.518584 28.2682 0.0158755 0.654254 0.756108 -52.1762 
0.896625 -0.0283592 -0.441882 7.84261 -0.189564 0.877286 -0.440948 9.28365 0.400161 0.47913 0.78122 -63.0951 
0.893676 -0.445292 -0.0553059 61.652 -0.179762 -0.24236 -0.953387 154.208 0.411132 0.861961 -0.296638 -112.306 
0.893676 -0.42447 0.145495 60.221 -0.179762 -0.635769 -0.750655 193.768 0.411132 0.644688 -0.644475 -91.8986 
0.74233 -0.339823 -0.577465 34.3795 0.397071 0.917317 -0.0293833 -9.26129 0.539704 -0.207482 0.815886 29.51 
0.391601 0.243622 -0.887297 5.29598 0.362578 0.845433 0.392148 -3.87946 0.845687 -0.47528 0.24274 39.503 
0.394363 0.240395 -0.886955 5.29279 0.0199392 0.962712 0.269793 0.159978 0.918738 -0.124081 0.374864 33.8014 
0.394363 0.240395 -0.886955 5.29279 0.0199392 0.962712 0.269793 0.159978 0.918738 -0.124081 0.374864 33.8014 
0.931637 -0.11896 -0.343367 11.986 -0.187229 0.652694 -0.734123 17.6424 0.311445 0.748224 0.585801 -67.4602 
0.932165 0.0487599 -0.358736 2.4207 -0.208392 0.882538 -0.421545 4.9672 0.296043 0.467707 0.832832 -51.1744 
0.932165 0.190456 -0.307889 0.496696 -0.208392 0.977696 -0.0261396 0.333015 0.296043 0.0885279 0.951063 -48.3783 
0.932165 0.190456 -0.307889 0.496696 -0.208392 0.977696 -0.0261396 0.333015 0.296043 0.0885279 0.951063 -48.3783 
0.761862 -0.493365 0.419711 80.653 0.641254 0.483018 -0.596227 36.8049 0.0914297 0.723384 0.684365 -61.0314 
0.891006 -1.86265e-09 -0.453991 -0.69105 -0.047455 0.994522 -0.0931356 -12.3866 0.451504 0.104529 0.886125 2.73651 
0.891006 -1.86265e-09 -0.453991 -1.15142 -0.047455 0.994522 -0.0931356 -13.887 0.451504 0.104529 0.886125 3.98828 
0.907236 -0.0132405 -0.420413 0.67097 -0.0644085 0.983344 -0.169961 -10.266 0.41566 0.181273 0.891272 -4.9402 
0.907748 0.247396 -0.338806 -36.5275 -0.165438 0.953264 0.25282 -4.38666 0.385518 -0.173446 0.906252 46.1487 
0.907748 0.178203 -0.379786 -25.2476 -0.165438 0.98399 0.0662841 -9.60513 0.385518 0.00266212 0.922696 17.3495 
0.982047 0.120191 -0.145386 -15.0093 -0.141548 0.978988 -0.146786 -9.2079 0.124689 0.16473 0.978426 -9.77433 
0.855327 -0.367931 -0.364749 61.9971 0.447838 0.879048 0.163451 -6.11974 0.260493 -0.303153 0.916647 68.2414 
0.866754 -0.472038 0.160988 75.1029 0.428921 0.540811 -0.723567 37.7944 0.254487 0.696206 0.671218 -60.0345 
0.778228 -0.472038 0.414175 78.1224 0.62665 0.540811 -0.561099 33.3312 0.0408695 0.696206 0.716678 -54.5202 
0.903211 -0.00885713 -0.429105 4.46316 -0.216758 0.853504 -0.473864 12.9979 0.37044 0.521011 0.768974 -63.9014 
0.899837 -0.428181 -0.083396 58.5715 -0.204089 -0.244262 -0.94799 155.163 0.385541 0.870056 -0.307183 -108.648 
0.899837 -0.421405 0.112747 58.5156 -0.204089 -0.635112 -0.74497 194.471 0.385541 0.647341 -0.657501 -87.7095 
0.754325 -0.351449 -0.554507 35.5098 0.38169 0.921993 -0.0651308 -9.25972 0.534141 -0.16252 0.829627 28.4723 
0.417296 0.233513 -0.878257 6.13566 0.341966 0.855043 0.389823 -4.01948 0.841976 -0.463006 0.276952 40.3298 
0.422884 0.257356 -0.868871 5.73719 0.0139982 0.956855 0.29023 -0.207961 0.906076 -0.134896 0.401036 35.0469 
0.422884 0.257356 -0.868871 5.73719 0.0139982 0.956855 0.29023 -0.207962 0.906076 -0.134896 0.401036 35.0469 
0.931637 -0.11896 -0.343367 11.986 -0.188315 0.650078 -0.736163 18.556 0.310789 0.750498 0.583235 -64.3203 
0.932165 0.04876 -0.358736 2.4207 -0.209424 0.8809 -0.424449 5.82399 0.295314 0.470785 0.831355 -48.0789 
0.932165 0.190456 -0.307889 0.496691 -0.209424 0.977381 -0.0294591 1.18007 0.295314 0.0919402 0.950966 -45.299 
0.932165 0.190456 -0.307889 0.496691 -0.209424 0.977381 -0.0294591 1.18007 0.295314 0.0919402 0.950966 -45.299 
0.754319 -0.486541 0.440772 80.2596 0.64064 0.398798 -0.656156 45.6542 0.143467 0.777327 0.612519 -65.3948 
0.891007 -5.58794e-09 -0.453991 -0.691049 -0.0592577 0.991445 -0.1163 -11.5916 0.450107 0.130526 0.883384 3.49669 
0.891007 -5.58794e-09 -0.453991 -1.15142 -0.0592577 0.991445 -0.1163 -13.1244 0.450107 0.130526 0.883384 4.70875 
0.91382 -0.0157759 -0.405812 1.02357 -0.0776888 0.974001 -0.212806 -8.77958 0.398619 0.225994 0.888836 -6.5129 
0.915279 0.232293 -0.329096 -34.3848 -0.178697 0.966336 0.185098 -6.21527 0.361015 -0.110608 0.925977 42.0515 
0.915279 0.16523 -0.367373 -23.4508 -0.178697 0.9839 -0.00268854 -9.28133 0.361015 0.0681094 0.93007 12.8128 
0.987322 0.095883 -0.126502 -11.2901 -0.126021 0.95805 -0.257407 -5.46529 0.0965144 0.270085 0.957987 -21.0873 
0.854433 -0.381306 -0.352916 64.033 0.440891 0.891489 0.10422 -7.96016 0.274881 -0.244647 0.929832 63.9729 
0.868775 -0.462976 0.175734 74.1861 0.417862 0.494937 -0.761859 43.5457 0.265745 0.735317 0.623449 -61.7362 
0.775721 -0.462976 0.428847 77.3192 0.627618 0.494937 -0.600944 38.7751 0.0659707 0.735317 0.674505 -56.5525 
0.909383 0.0110661 -0.415812 1.03384 -0.241632 0.827738 -0.506422 16.9173 0.33858 0.561005 0.755405 -64.4575 
0.905873 -0.408907 -0.11041 55.2227 -0.226325 -0.246979 -0.94222 156.167 0.358011 0.878519 -0.316277 -105.026 
0.905873 -0.415923 0.0800173 56.5136 -0.226325 -0.635025 -0.738593 195.2 0.358011 0.650961 -0.669386 -83.6171 
0.76589 -0.362495 -0.531047 36.588 0.367167 0.92459 -0.101591 -9.05511 0.527827 -0.117175 0.84123 27.3949 
0.442466 0.222707 -0.868692 6.99668 0.322132 0.864551 0.385722 -4.06928 0.836932 -0.450502 0.310793 41.1367 
0.451375 0.271828 -0.849923 6.21223 0.00899613 0.951037 0.308945 -0.489549 0.892289 -0.147096 0.426829 36.2866 
0.451375 0.271828 -0.849923 6.21223 0.00899613 0.951037 0.308945 -0.489548 0.892289 -0.147096 0.426829 36.2866 
0.931637 -0.11896 -0.343367 11.986 -0.189399 0.647454 -0.738194 19.4757 0.31013 0.752763 0.580662 -61.175 
0.932165 0.04876 -0.358736 2.42069 -0.210454 0.879251 -0.427349 6.68711 0.294581 0.473857 0.829869 -44.9781 
0.932165 0.190456 -0.307889 0.496685 -0.210454 0.977054 -0.0327784 2.03352 0.294581 0.0953512 0.950858 -42.2144 
0.932165 0.190456 -0.307889 0.496685 -0.210454 0.977054 -0.0327784 2.03352 0.294581 0.0953512 0.950858 -42.2144 
0.747938 -0.477662 0.460899 79.6073 0.634292 0.309707 -0.708347 55.2496 0.195607 0.822144 0.534618 -68.8795 
0.891006 -3.72529e-09 -0.453991 -0.69105 -0.0710198 0.987688 -0.139384 -10.7228 0.448401 0.156435 0.880037 4.26568 
0.891006 -3.72529e-09 -0.453991 -1.15142 -0.0710198 0.987688 -0.139384 -12.2867 0.448401 0.156435 0.880037 5.43721 
0.920187 -0.017998 -0.391065 1.33707 -0.0897826 0.962614 -0.255563 -7.04812 0.381044 0.270277 0.884169 -8.03804 
0.922503 0.217973 -0.318552 -32.3465 -0.190209 0.974841 0.116216 -7.44029 0.33587 -0.0466179 0.940754 37.7634 
0.922503 0.153186 -0.354291 -21.7821 -0.190209 0.979105 -0.0719278 -8.33055 0.33587 0.133743 0.932365 8.24289 
0.991619 0.0740927 -0.105839 -7.96429 -0.108034 0.924812 -0.364762 0.190201 0.0708553 0.37314 0.925066 -32.0304 
0.853683 -0.394008 -0.340563 65.9727 0.43317 0.900222 0.0443232 -9.27713 0.289119 -0.18536 0.939176 59.5602 
0.870935 -0.45314 0.190096 73.1605 0.406397 0.446727 -0.797042 49.6349 0.276251 0.771426 0.573225 -63.0817 
0.773462 -0.45314 0.443193 76.4046 0.627263 0.446727 -0.637947 44.5792 0.0910929 0.771426 0.629765 -58.2484 
0.915104 0.0313782 -0.401996 -2.44064 -0.264028 0.800139 -0.538578 21.0221 0.304753 0.598993 0.740495 -64.7503 
0.91175 -0.387516 -0.136175 51.6126 -0.246322 -0.250549 -0.936243 157.224 0.32869 0.887162 -0.323892 -101.419 
0.91175 -0.407992 0.0474828 54.214 -0.246322 -0.635614 -0.731656 195.964 0.32869 0.655391 -0.680018 -79.6028 
0.777014 -0.372949 -0.507108 37.6131 0.353539 0.925088 -0.138641 -8.64517 0.520826 -0.0715561 0.850659 26.2879 
0.467075 0.211203 -0.858623 7.87888 0.30316 0.873946 0.379885 -4.02778 0.830623 -0.437735 0.34417 41.9255 
0.479732 0.283762 -0.830263 6.7203 0.0050101 0.945359 0.325994 -0.684933 0.877401 -0.160549 0.452097 37.5223 
0.479732 0.283762 -0.830263 6.7203 0.0050101 0.945359 0.325994 -0.684932 0.877401 -0.160549 0.452097 37.5223 
0.931637 -0.11896 -0.343367 11.986 -0.19048 0.644823 -0.740217 20.4015 0.309467 0.755018 0.578081 -58.024 
0.932165 0.04876 -0.358736 2.4207 -0.211481 0.877591 -0.430243 7.55643 0.293845 0.476923 0.828372 -41.8718 
0.932165 0.190456 -0.307889 0.496687 -0.211481 0.976715 -0.0360973 2.89323 0.293845 0.0987613 0.950737 -39.1244 
0.932165 0.190456 -0.307889 0.496688 -0.211481 0.976715 -0.0360973 2.89323 0.293845 0.0987613 0.950737 -39.1244 
0.742778 -0.466876 0.479903 78.7076 0.622236 0.21673 -0.75223 65.4972 0.247189 0.857353 0.45149 -71.4118 
0.891006 -3.72529e-09 -0.453991 -0.69105 -0.0827332 0.983255 -0.162373 -9.78025 0.446388 0.182236 0.876086 5.04544 
0.891006 -3.72529e-09 -0.453991 -1.15142 -0.0827332 0.983255 -0.162373 -11.3743 0.446388 0.182236 0.876086 6.17562 
0.926333 -0.0199052 -0.37618 1.61126 -0.100667 0.949206 -0.298116 -5.07409 0.363007 0.314024 0.877277 -9.50358 
0.92941 0.204478 -0.307222 -30.4183 -0.19994 0.978702 0.0465344 -8.04944 0.310194 0.0181766 0.950499 33.3318 
0.92941 0.1421 -0.340594 -20.2458 -0.19994 0.9696 -0.141066 -6.75197 0.310194 0.199206 0.929568 3.68899 
0.994974 0.0549633 -0.0837029 -5.05554 -0.087916 0.879643 -0.467438 7.69856 0.0479369 0.472447 0.880054 -42.3704 
0.853082 -0.406017 -0.327722 67.8132 0.424679 0.905202 -0.0159948 -10.0626 0.303149 -0.125532 0.944639 55.0376 
0.873223 -0.442548 0.204042 72.0279 0.394585 0.396379 -0.828967 56.0384 0.28598 0.804384 0.52075 -64.049 
0.771451 -0.442548 0.457181 75.3803 0.625598 0.396379 -0.671945 50.7211 0.116151 0.804384 0.582644 -59.5844 
0.920337 0.0520453 -0.387649 -5.9554 -0.283798 0.770867 -0.570283 25.2914 0.269146 0.634866 0.724227 -64.7684 
0.917435 -0.364071 -0.16052 47.7496 -0.263944 -0.254983 -0.930224 158.335 0.297738 0.895788 -0.330025 -97.8049 
0.917435 -0.397592 0.0153238 51.6173 -0.263944 -0.636961 -0.724303 196.774 0.297738 0.660455 -0.689312 -75.6461 
0.787687 -0.382802 -0.482713 38.584 0.340838 0.923471 -0.176155 -8.02814 0.513204 -0.0257717 0.85788 25.1615 
0.491091 0.199004 -0.848073 8.78204 0.285126 0.883207 0.372355 -3.89384 0.823124 -0.424668 0.376994 42.6982 
0.507846 0.293124 -0.810044 7.26366 0.00211729 0.9399 0.341442 -0.794207 0.861445 -0.175115 0.476704 38.7559 
0.507846 0.293124 -0.810044 7.26366 0.00211729 0.9399 0.341442 -0.794206 0.861445 -0.175115 0.476704 38.7559 
0.931637 -0.11896 -0.343367 11.986 -0.191559 0.642183 -0.74223 21.3331 0.3088 0.757264 0.575494 -54.8673 
0.932165 0.04876 -0.358736 2.4207 -0.212505 0.875921 -0.433132 8.43179 0.293105 0.479984 0.826865 -38.7601 
0.932165 0.190456 -0.307889 0.496688 -0.212505 0.976365 -0.0394159 3.75902 0.293105 0.10217 0.950606 -36.0289 
0.932165 0.190456 -0.307889 0.496689 -0.212505 0.976365 -0.0394159 3.75902 0.293105 0.10217 0.950606 -36.0289 
0.738887 -0.45435 0.497607 77.574 0.604569 0.120899 -0.787324 76.2961 0.29756 0.882581 0.364017 -72.9286 
0.891006 -1.11759e-08 -0.453991 -0.691049 -0.09439 0.978148 -0.185251 -8.76437 0.44407 0.207912 0.871536 5.83788 
0.891006 -1.11759e-08 -0.453991 -1.15142 -0.09439 0.978148 -0.185251 -10.3874 0.44407 0.207912 0.871536 6.92595 
0.932253 -0.0214964 -0.361168 1.84598 -0.110325 0.933804 -0.340351 -2.86054 0.344577 0.357139 0.86817 -10.8976 
0.93599 0.191844 -0.295158 -28.6059 -0.207865 0.977873 -0.0235803 -8.03398 0.284104 0.0834239 0.955157 28.8051 
0.93599 0.132001 -0.326341 -18.8458 -0.207865 0.955408 -0.209734 -4.54842 0.284104 0.264144 0.92169 -0.799809 
0.997427 0.0386049 -0.0604078 -2.58225 -0.0660194 0.82308 -0.564075 16.9728 0.0279444 0.566612 0.823511 -51.882 
0.852635 -0.417314 -0.314423 69.5514 0.415426 0.906405 -0.0764858 -10.3105 0.316913 -0.0654049 0.946197 50.44 
0.87563 -0.431217 0.217539 70.7904 0.382489 0.344097 -0.857496 62.7311 0.294912 0.834056 0.466237 -64.6181 
0.769688 -0.431217 0.470778 74.248 0.62264 0.344097 -0.702792 57.1767 0.141063 0.834056 0.53334 -60.539 
0.925046 0.0730315 -0.372768 -9.50522 -0.30081 0.740089 -0.601482 29.7037 0.231954 0.668531 0.706585 -64.5021 
0.922891 -0.338648 -0.183277 43.6443 -0.279065 -0.260265 -0.92433 159.497 0.265322 0.904201 -0.334701 -94.1614 
0.922891 -0.384718 -0.0162748 48.7258 -0.279065 -0.639124 -0.716689 197.633 0.265322 0.665968 -0.697203 -71.7257 
0.797899 -0.392044 -0.457885 39.4999 0.329094 0.919728 -0.214006 -7.20279 0.505029 0.0200684 0.862869 24.0262 
0.514478 0.186114 -0.837063 9.70583 0.268103 0.892312 0.36318 -3.66621 0.814514 -0.411267 0.409177 43.4567 
0.535607 0.299896 -0.789422 7.84436 0.000392701 0.934728 0.355363 -0.817314 0.844467 -0.190645 0.500529 39.989 
0.535607 0.299896 -0.789422 7.84436 0.000392701 0.934728 0.355363 -0.817315 0.844467 -0.190645 0.500529 39.989 
0.931637 -0.118959 -0.343367 11.986 -0.192636 0.639536 -0.744234 22.2706 0.30813 0.759501 0.5729 -51.7047 
0.932165 0.04876 -0.358736 2.42069 -0.213527 0.874241 -0.436016 9.31309 0.292361 0.483038 0.825348 -35.6426 
0.932165 0.190456 -0.307889 0.496684 -0.213527 0.976002 -0.0427338 4.63081 0.292361 0.105577 0.950462 -32.9278 
0.932165 0.190456 -0.307889 0.496685 -0.213527 0.976002 -0.0427338 4.63081 0.292361 0.105577 0.950462 -32.9278 
0.736299 -0.44026 0.513843 76.2216 0.581458 0.0232755 -0.813243 87.54 0.346079 0.897568 0.273131 -73.3774 
0.891006 -1.49012e-08 -0.453991 -0.691048 -0.105982 0.97237 -0.208001 -7.67547 0.441447 0.233446 0.866388 6.64491 
0.891006 -1.49012e-08 -0.453991 -1.15142 -0.105982 0.97237 -0.208001 -9.32649 0.441447 0.233446 0.866388 7.69012 
0.937944 -0.0227706 -0.346038 2.04108 -0.118739 0.916439 -0.382151 -0.411201 0.325824 0.399525 0.856865 -12.2085 
0.942234 0.180107 -0.282413 -26.9144 -0.213963 0.972332 -0.0937595 -7.38901 0.257713 0.148769 0.9547 24.2321 
0.942234 0.122911 -0.311591 -17.5854 -0.213963 0.936577 -0.277566 -1.72661 0.257713 0.328201 0.908773 -5.17478 
0.999027 0.0250944 -0.0362748 -0.557293 -0.04271 0.755815 -0.65339 27.8996 0.0110206 0.654304 0.756151 -60.3506 
0.852348 -0.427883 -0.300697 71.1846 0.405424 0.903819 -0.136901 -10.0173 0.330353 -0.00522248 0.943843 45.8025 
0.878148 -0.419166 0.230557 69.4502 0.370172 0.290093 -0.882507 69.6867 0.303034 0.860317 0.409908 -64.77 
0.768174 -0.419166 0.48395 73.0097 0.618414 0.290093 -0.730349 63.9209 0.165747 0.860317 0.48206 -61.0916 
0.929198 0.0942989 -0.357349 -13.0847 -0.314947 0.707979 -0.632119 34.2363 0.193387 0.699909 0.687552 -63.9438 
0.928083 -0.311338 -0.204281 39.3088 -0.291571 -0.266351 -0.918718 160.706 0.231621 0.912209 -0.337973 -90.4668 
0.928083 -0.36938 -0.047125 45.544 -0.291571 -0.642135 -0.708978 198.544 0.231621 0.67173 -0.703655 -67.8189 
0.80764 -0.400666 -0.432648 40.3599 0.318329 0.913854 -0.252066 -6.16847 0.496372 0.065854 0.865609 22.8924 
0.537204 0.172538 -0.825616 10.6498 0.252156 0.901234 0.352412 -3.34365 0.804878 -0.397501 0.44064 44.2032 
0.562906 0.304071 -0.768556 8.46427 -9.12286e-05 0.929891 0.367835 -0.754107 0.826521 -0.206986 0.523469 41.2229 
0.562906 0.304071 -0.768556 8.46427 -9.12286e-05 0.929891 0.367835 -0.754108 0.826521 -0.206986 0.523469 41.2229 
0.931637 -0.11896 -0.343367 11.986 -0.193711 0.636881 -0.74623 23.2137 0.307455 0.761729 0.570298 -48.5361 
0.932165 0.04876 -0.358736 2.4207 -0.214546 0.872549 -0.438894 10.2002 0.291614 0.486087 0.823821 -32.5193 
0.932165 0.190456 -0.307889 0.496689 -0.214546 0.975628 -0.0460513 5.50847 0.291614 0.108984 0.950307 -29.8209 
0.932165 0.190456 -0.307889 0.496689 -0.214546 0.975628 -0.0460513 5.50847 0.291614 0.108984 0.950307 -29.8209 
0.735033 -0.424801 0.52846 74.6673 0.553141 -0.0750607 -0.829699 99.118 0.392123 0.902169 0.179803 -72.7174 
0.891006 -1.86265e-08 -0.453991 -0.691048 -0.117501 0.965926 -0.23061 -6.51401 0.438521 0.258819 0.860646 7.46846 
0.891006 -1.86265e-08 -0.453991 -1.15142 -0.117501 0.965926 -0.23061 -8.19181 0.438521 0.258819 0.860646 8.47009 
0.943403 -0.0237269 -0.330798 2.19643 -0.125901 0.897149 -0.423405 2.26969 0.306822 0.44109 0.843386 -13.4246 
0.948132 0.169299 -0.269042 -25.3486 -0.218223 0.962083 -0.163633 -6.11327 0.231138 0.213857 0.949126 19.6621 
0.948132 0.114853 -0.296403 -16.4677 -0.218223 0.913184 -0.344201 1.70319 0.231138 0.391029 0.890882 -9.3877 
0.999828 0.0144752 -0.0116269 1.01203 -0.0183638 0.678692 -0.734193 40.3413 -0.00273651 0.73428 0.678841 -67.576 
0.852225 -0.437706 -0.286577 72.7102 0.39469 0.897448 -0.196992 -9.18134 0.343413 0.054772 0.937586 41.1604 
0.880764 -0.406414 0.243067 68.0097 0.357696 0.234589 -0.903892 76.8778 0.310334 0.88306 0.35199 -64.4881 
0.766908 -0.406414 0.496668 71.6674 0.612947 0.234589 -0.754496 70.9271 0.190125 0.88306 0.429018 -61.2239 
0.932761 0.115809 -0.341388 -16.6881 -0.326108 0.674716 -0.662127 38.8664 0.15366 0.728936 0.667114 -63.0876 
0.932975 -0.282246 -0.223373 34.7573 -0.301362 -0.273174 -0.913541 161.952 0.196824 0.919626 -0.339923 -86.7005 
0.932975 -0.351602 -0.0770375 42.078 -0.301362 -0.645997 -0.701333 199.505 0.196824 0.677542 -0.708658 -63.9033 
0.8169 -0.408661 -0.407027 41.1631 0.308564 0.905853 -0.290205 -4.92509 0.487302 0.111474 0.866089 21.7706 
0.559238 0.158285 -0.813756 11.6136 0.237345 0.909943 0.340106 -2.9249 0.794305 -0.383341 0.471306 44.94 
0.589631 0.30566 -0.747601 9.12511 0.000734437 0.925421 0.378941 -0.60434 0.807672 -0.223985 0.545433 42.4591 
0.589631 0.30566 -0.747601 9.12511 0.000734437 0.925421 0.378941 -0.604341 0.807672 -0.223985 0.545433 42.4591 
0.931637 -0.11896 -0.343367 11.986 -0.194783 0.634218 -0.748216 24.1622 0.306777 0.763948 0.56769 -45.3613 
0.932165 0.04876 -0.358736 2.4207 -0.215563 0.870847 -0.441767 11.0929 0.290863 0.48913 0.822284 -29.3901 
0.932165 0.190456 -0.307889 0.496688 -0.215563 0.975241 -0.0493682 6.39181 0.290863 0.112389 0.950141 -26.7081 
0.932165 0.190456 -0.307889 0.496688 -0.215563 0.975241 -0.0493682 6.39181 0.290863 0.112389 0.950141 -26.7081 
0.735098 -0.408173 0.541319 72.9293 0.519921 -0.173024 -0.836507 110.916 0.435101 0.896358 0.0850288 -70.9193 
0.891006 -1.49012e-08 -0.453991 -0.691048 -0.12894 0.95882 -0.25306 -5.28038 0.435295 0.284015 0.854315 8.31039 
0.891006 -1.49012e-08 -0.453991 -1.15142 -0.12894 0.95882 -0.25306 -6.98383 0.435295 0.284015 0.854315 9.26777 
0.948626 -0.0243648 -0.31546 2.31193 -0.131802 0.875975 -0.464 5.1773 0.28764 0.481741 0.827761 -14.5347 
0.953677 0.159448 -0.255102 -23.9129 -0.220639 0.947158 -0.232831 -4.20924 0.204497 0.278331 0.938463 15.1442 
0.953677 0.107843 -0.280839 -15.4952 -0.220639 0.885329 -0.40928 5.72702 0.204497 0.452284 0.868113 -13.3912 
0.99989 0.00675683 0.0132134 2.12403 0.00663801 0.592692 -0.805402 54.1375 -0.0132734 0.805401 0.592582 -73.3749 
0.852268 -0.446769 -0.272097 74.1257 0.383246 0.887313 -0.25651 -7.80368 0.356036 0.114335 0.927451 36.5492 
0.88347 -0.392984 0.255039 66.4714 0.345128 0.177812 -0.921558 84.2757 0.316809 0.90219 0.292722 -63.7572 
0.765888 -0.392984 0.508899 70.2236 0.606272 0.177812 -0.775123 78.1675 0.214123 0.90219 0.37444 -60.9189 
0.935701 0.137519 -0.324887 -20.3095 -0.334208 0.640481 -0.69144 43.5706 0.112998 0.755561 0.645259 -61.9298 
0.937529 -0.251492 -0.240399 30.0057 -0.308349 -0.28064 -0.908934 163.223 0.161124 0.926279 -0.340655 -82.8432 
0.937529 -0.331424 -0.105822 38.336 -0.308349 -0.650688 -0.69392 200.51 0.161124 0.6832 -0.712233 -59.9565 
0.825671 -0.41602 -0.381045 41.9087 0.299814 0.895732 -0.328293 -3.47307 0.477891 0.15682 0.864308 20.6714 
0.580547 0.143363 -0.801506 12.5966 0.223724 0.918402 0.32632 -2.40862 0.782887 -0.36876 0.501102 45.6693 
0.615674 0.304686 -0.726713 9.82829 0.00293304 0.921331 0.388767 -0.367558 0.787996 -0.241485 0.566346 43.6988 
0.615674 0.304686 -0.726713 9.82829 0.00293304 0.921331 0.388767 -0.367558 0.787996 -0.241485 0.566346 43.6988 
0.931637 -0.118959 -0.343367 11.986 -0.195852 0.631548 -0.750193 25.1162 0.306095 0.766157 0.565075 -42.1803 
0.932165 0.04876 -0.358736 2.42069 -0.216577 0.869134 -0.444634 11.9912 0.290109 0.492167 0.820737 -26.2548 
0.932165 0.190456 -0.307889 0.496684 -0.216577 0.974843 -0.0526844 7.28074 0.290109 0.115792 0.949963 -23.5892 
0.932165 0.190456 -0.307889 0.496685 -0.216577 0.974843 -0.0526844 7.28075 0.290109 0.115792 0.949963 -23.5892 
0.736485 -0.390591 0.552294 71.0275 0.482166 -0.269533 -0.833587 122.818 0.474453 0.880222 -0.0101777 -67.9663 
0.891006 -2.23517e-08 -0.453991 -0.691048 -0.140291 0.951056 -0.275336 -3.97513 0.431771 0.309017 0.847397 9.17261 
0.891006 -2.23517e-08 -0.453991 -1.15142 -0.140291 0.951056 -0.275336 -5.70306 0.431771 0.309017 0.847397 10.0851 
0.95361 -0.0246839 -0.300032 2.38751 -0.136439 0.852962 -0.503825 8.30624 0.268353 0.521389 0.810025 -15.5277 
0.95886 0.150581 -0.24065 -22.6111 -0.221214 0.927615 -0.300988 -1.68324 0.177907 0.34184 0.922764 10.7272 
0.95886 0.101896 -0.26496 -14.6699 -0.221214 0.853141 -0.472455 10.3273 0.177907 0.511631 0.840584 -17.1393 
0.999279 0.00191553 0.0379279 2.78256 0.0319151 0.49892 -0.86606 69.107 -0.0205819 0.866646 0.498499 -77.5836 
0.852481 -0.455058 -0.257289 75.4287 0.371117 0.87345 -0.31521 -5.88731 0.368168 0.173226 0.91348 32.0041 
0.886252 -0.378898 0.266444 64.838 0.33253 0.119998 -0.935427 91.8509 0.322459 0.917625 0.232344 -62.5639 
0.765113 -0.378898 0.520614 68.6806 0.598428 0.119998 -0.792139 85.6133 0.237667 0.917625 0.318555 -60.1615 
0.93799 0.159389 -0.307846 -23.9429 -0.33918 0.60546 -0.719983 48.3253 0.0716314 0.779752 0.621977 -60.4686 
0.941708 -0.219209 -0.255214 25.0716 -0.312458 -0.288633 -0.90502 164.506 0.124726 0.932008 -0.340301 -78.8776 
0.941708 -0.308902 -0.13329 34.3281 -0.312458 -0.656156 -0.686898 201.553 0.124726 0.688505 -0.714426 -55.9569 
0.833943 -0.422736 -0.354729 42.5961 0.29209 0.883504 -0.366202 -1.81345 0.468211 0.20178 0.860269 19.605 
0.601102 0.127782 -0.78889 13.5981 0.211338 0.926576 0.311116 -1.79353 0.770722 -0.353735 0.529961 46.3937 
0.640924 0.301187 -0.706047 10.5751 0.00656195 0.917623 0.397398 -0.0432072 0.767576 -0.259335 0.58615 44.9432 
0.640924 0.301187 -0.706047 10.5751 0.00656195 0.917623 0.397398 -0.0432066 0.767576 -0.259335 0.58615 44.9432 
0.931637 -0.11896 -0.343367 11.986 -0.19692 0.628869 -0.752161 26.0753 0.30541 0.768357 0.562452 -38.9929 
0.932165 0.04876 -0.358736 2.42069 -0.217588 0.867411 -0.447497 12.8948 0.289351 0.495197 0.81918 -23.1133 
0.932165 0.190456 -0.307889 0.496685 -0.217588 0.974433 -0.0560002 8.17511 0.289351 0.119194 0.949773 -20.4642 
0.932165 0.190456 -0.307889 0.496685 -0.217588 0.974433 -0.0560002 8.17511 0.289351 0.119194 0.949773 -20.4642 
0.739174 -0.372273 0.561279 68.9827 0.4403 -0.363527 -0.820965 134.707 0.509663 0.853967 -0.104798 -63.8534 
0.891006 -1.49012e-08 -0.453991 -0.691048 -0.151545 0.942641 -0.297424 -2.59881 0.42795 0.333807 0.8399 10.057 
0.891006 -1.49012e-08 -0.453991 -1.15142 -0.151545 0.942641 -0.297424 -4.35004 0.42795 0.333807 0.8399 10.9239 
0.958351 -0.0246839 -0.284525 2.42312 -0.139813 0.828161 -0.542772 11.6505 0.24903 0.559946 0.790218 -16.3928 
0.963675 0.14272 -0.225745 -21.4469 -0.219959 0.90354 -0.367741 1.45479 0.151486 0.404038 0.902112 6.45942 
0.963675 0.0970235 -0.24883 -13.9933 -0.219959 0.816771 -0.533388 15.4831 0.151486 0.568746 0.808443 -20.587 
0.998063 -0.00010547 0.0622057 2.99695 0.0570925 0.398592 -0.915349 85.0509 -0.0246982 0.917128 0.397826 -80.0606 
0.852867 -0.462561 -0.242187 76.6171 0.358334 0.855909 -0.372849 -3.43768 0.379756 0.231207 0.895728 27.5601 
0.889102 -0.364179 0.277257 63.1123 0.319968 0.0613829 -0.945438 99.5734 0.32729 0.929304 0.171101 -60.8971 
0.764578 -0.364179 0.531783 67.0411 0.589457 0.0613829 -0.805464 93.2351 0.260691 0.929304 0.2616 -58.9388 
0.9396 0.181374 -0.290268 -27.5821 -0.340975 0.569837 -0.747677 53.107 0.0297964 0.801492 0.597263 -58.7045 
0.945473 -0.185543 -0.267682 19.9744 -0.313632 -0.297014 -0.901897 165.782 0.0878358 0.936673 -0.339011 -74.789 
0.945473 -0.284109 -0.159254 30.0665 -0.313632 -0.66232 -0.680417 202.62 0.0878358 0.693263 -0.715312 -51.8844 
0.841711 -0.428803 -0.328102 43.2246 0.285398 0.86919 -0.403803 0.0521545 0.458335 0.246245 0.853986 18.5821 
0.620873 0.111557 -0.775933 14.6174 0.200227 0.934422 0.294558 -1.07833 0.757909 -0.338246 0.557821 47.1157 
0.665272 0.295218 -0.685754 11.3664 0.0116715 0.914278 0.40492 0.369441 0.746509 -0.277386 0.604798 46.1935 
0.665272 0.295218 -0.685754 11.3664 0.0116715 0.914278 0.40492 0.369442 0.746509 -0.277386 0.604798 46.1935 
0.931637 -0.118959 -0.343367 11.986 -0.197984 0.626184 -0.75412 27.0395 0.304721 0.770547 0.559824 -35.799 
0.932165 0.04876 -0.358736 2.42069 -0.218597 0.865677 -0.450353 13.8037 0.28859 0.498222 0.817613 -19.9656 
0.932165 0.190456 -0.307889 0.496682 -0.218597 0.974011 -0.0593151 9.07474 0.28859 0.122595 0.949572 -17.3329 
0.932165 0.190456 -0.307889 0.496683 -0.218597 0.974011 -0.0593151 9.07474 0.28859 0.122595 0.949572 -17.3329 
0.743131 -0.353446 0.568183 66.8169 0.394805 -0.453976 -0.798771 146.466 0.540264 0.817913 -0.197822 -58.5884 
0.891006 -2.98023e-08 -0.453991 -0.691047 -0.162696 0.93358 -0.319308 -1.15202 0.423837 0.358368 0.831826 10.9653 
0.891006 -2.98023e-08 -0.453991 -1.15142 -0.162696 0.93358 -0.319308 -2.92532 0.423837 0.358368 0.831826 11.7861 
0.962846 -0.0243649 -0.268948 2.41874 -0.141929 0.801626 -0.580734 15.2037 0.229746 0.597329 0.768385 -17.1197 
0.968115 0.135885 -0.210448 -20.4232 -0.21689 0.875041 -0.432738 5.19131 0.125348 0.464584 0.876613 2.3882 
0.968115 0.0932332 -0.23251 -13.4667 -0.21689 0.776394 -0.591753 21.17 0.125348 0.623314 0.77186 -23.6915 
0.996317 0.000605494 0.0857469 2.78179 0.0818064 0.293018 -0.9526 101.755 -0.0257022 0.956107 0.29189 -80.6882 
0.853427 -0.469268 -0.226827 77.6892 0.34493 0.834757 -0.429189 -0.462372 0.39075 0.288042 0.874269 23.2521 
0.892005 -0.348854 0.287451 61.2973 0.307503 0.00221151 -0.951544 107.412 0.331314 0.937175 0.109246 -58.7473 
0.764282 -0.348854 0.542378 65.3079 0.579406 0.00221151 -0.815036 101.002 0.283129 0.937175 0.203818 -57.2392 
0.940504 0.203429 -0.272156 -31.2205 -0.339562 0.533798 -0.77444 57.8924 -0.0122671 0.820777 0.571116 -56.6399 
0.948788 -0.150655 -0.277677 14.7351 -0.311824 -0.305629 -0.899643 167.033 0.0506693 0.940156 -0.336955 -70.5654 
0.948788 -0.257133 -0.183532 25.5654 -0.311824 -0.669075 -0.674614 203.698 0.0506693 0.697296 -0.71499 -47.7206 
0.848965 -0.434215 -0.301191 43.7935 0.279741 0.852815 -0.440966 2.12164 0.448335 0.290109 0.845478 17.6129 
0.639832 0.0946997 -0.762658 15.6538 0.190423 0.941897 0.276711 -0.261726 0.74455 -0.322276 0.584623 47.8382 
0.688614 0.286843 -0.665981 12.203 0.0183032 0.911265 0.411414 0.871274 0.724897 -0.295495 0.62226 47.4511 
0.688614 0.286843 -0.665981 12.203 0.0183032 0.911265 0.411414 0.871274 0.724897 -0.295495 0.62226 47.4511 
0.931637 -0.11896 -0.343367 11.986 -0.199047 0.62349 -0.756069 28.0086 0.304028 0.772728 0.557188 -32.5985 
0.932165 0.0487601 -0.358736 2.42069 -0.219603 0.863933 -0.453205 14.7176 0.287825 0.501241 0.816036 -16.8114 
0.932165 0.190456 -0.307889 0.496685 -0.219603 0.973577 -0.0626295 9.9795 0.287825 0.125994 0.949359 -14.1952 
0.932165 0.190456 -0.307889 0.496686 -0.219603 0.973577 -0.0626295 9.9795 0.287825 0.125994 0.949359 -14.1952 
0.748308 -0.334339 0.572933 64.5529 0.346208 -0.539892 -0.76724 157.982 0.56584 0.772486 -0.288254 -52.1907 
0.891006 -2.98023e-08 -0.453991 -0.691047 -0.173735 0.923879 -0.340974 0.364609 0.419433 0.382684 0.823183 11.8996 
0.891006 -2.98023e-08 -0.453991 -1.15142 -0.173735 0.923879 -0.340974 -1.4296 0.419433 0.382684 0.823183 12.6736 
0.967094 -0.023727 -0.253312 2.37438 -0.142795 0.773416 -0.617606 18.9587 0.210569 0.633455 0.744578 -17.6981 
0.972173 0.130094 -0.194821 -19.5426 -0.212031 0.842255 -0.49563 9.50907 0.0996107 0.523147 0.846401 -1.44014 
0.972173 0.0905297 -0.216065 -13.0906 -0.212031 0.732209 -0.647234 27.3604 0.0996107 0.675036 0.731029 -26.4114 
0.994114 0.00392932 0.108265 2.1568 0.105708 0.183584 -0.977304 118.991 -0.0237159 0.982996 0.182088 -79.3747 
0.854162 -0.475167 -0.211244 78.643 0.330945 0.810076 -0.483996 3.02873 0.401102 0.343501 0.84919 19.114 
0.894951 -0.332946 0.297002 59.3962 0.295198 -0.0572713 -0.953718 115.335 0.334546 0.941205 0.0470302 -56.1072 
0.764219 -0.332946 0.552373 63.4838 0.568324 -0.0572713 -0.820809 108.883 0.30492 0.941205 0.145453 -55.0538 
0.940677 0.225511 -0.253518 -34.8516 -0.334927 0.497526 -0.800182 62.6584 -0.0543176 0.837623 0.543541 -54.2792 
0.951612 -0.114714 -0.285087 9.37622 -0.307007 -0.314308 -0.898308 168.237 0.0134441 0.942365 -0.334317 -66.198 
0.951612 -0.228078 -0.205947 20.8407 -0.307007 -0.67629 -0.66961 204.769 0.0134441 0.700437 -0.713588 -43.4494 
0.855699 -0.438967 -0.274021 44.3025 0.275116 0.834411 -0.477566 4.39232 0.438282 0.333264 0.834771 16.7076 
0.657951 0.077227 -0.74909 16.7062 0.18195 0.948954 0.257644 0.657539 0.730749 -0.305814 0.610314 48.5641 
0.710846 0.276145 -0.646871 13.0854 0.0264899 0.908539 0.416959 1.46334 0.702849 -0.313529 0.638517 48.717 
0.710846 0.276145 -0.646871 13.0854 0.0264899 0.908539 0.416959 1.46334 0.702849 -0.313529 0.638517 48.7171 
0.931637 -0.11896 -0.343367 11.986 -0.200107 0.620789 -0.75801 28.9825 0.303331 0.7749 0.554545 -29.3913 
0.932165 0.04876 -0.358736 2.4207 -0.220606 0.862178 -0.456051 15.6364 0.287057 0.504254 0.814449 -13.6507 
0.932165 0.190456 -0.307889 0.496688 -0.220606 0.973131 -0.0659431 10.8892 0.287057 0.129392 0.949134 -11.0511 
0.932165 0.190456 -0.307889 0.496689 -0.220606 0.973131 -0.0659431 10.8892 0.287057 0.129392 0.949134 -11.0511 
0.754643 -0.315186 0.575476 62.2142 0.295081 -0.62034 -0.726709 169.143 0.586039 0.718218 -0.37513 -44.6921 
0.891006 -2.98023e-08 -0.453991 -0.691047 -0.184655 0.913545 -0.362405 1.95033 0.414741 0.406737 0.813975 12.8614 
0.891006 -2.98023e-08 -0.453991 -1.15142 -0.184655 0.913545 -0.362405 0.13649 0.414741 0.406737 0.813975 13.5882 
0.97109 -0.0227706 -0.237625 2.29005 -0.142423 0.743593 -0.653288 22.9081 0.191572 0.668244 0.718853 -18.1183 
0.975844 0.125358 -0.178925 -18.8073 -0.205416 0.805341 -0.556085 14.3875 0.0743857 0.579406 0.811637 -4.98079 
0.975844 0.0889144 -0.199557 -12.8652 -0.205416 0.684438 -0.699535 34.0237 0.0743857 0.723629 0.686169 -28.7078 
0.991533 0.00971793 0.12949 1.1465 0.128471 0.0717309 -0.989116 136.525 -0.0189006 0.997377 0.0698752 -76.0557 
0.855072 -0.480252 -0.195471 79.477 0.31642 0.781961 -0.537043 7.02367 0.410767 0.397359 0.820595 15.1794 
0.897927 -0.316484 0.305885 57.4122 0.283113 -0.116818 -0.951946 123.311 0.337008 0.941378 -0.0152927 -52.9715 
0.764386 -0.316484 0.561739 61.572 0.556265 -0.116818 -0.822753 116.847 0.326009 0.941378 0.0867554 -52.3752 
0.940097 0.247571 -0.234362 -38.4689 -0.327077 0.461199 -0.824813 67.3828 -0.0961121 0.852059 0.514546 -51.6291 
0.953909 -0.0779051 -0.289809 3.92157 -0.299166 -0.322869 -0.897917 169.373 -0.0236181 0.943232 -0.331294 -61.6815 
0.953909 -0.197065 -0.226327 15.9104 -0.299166 -0.683814 -0.665506 205.814 -0.0236181 0.702541 -0.711251 -39.0574 
0.861906 -0.443055 -0.246619 44.7508 0.271515 0.814016 -0.513476 6.86095 0.42825 0.375607 0.821901 15.8762 
0.675206 0.059156 -0.735254 17.7739 0.174824 0.955545 0.237426 1.68064 0.716613 -0.288852 0.634847 49.2964 
0.731868 0.263215 -0.62856 14.0137 0.036254 0.906045 0.421626 2.14679 0.680482 -0.331363 0.653562 49.9929 
0.731868 0.263215 -0.62856 14.0137 0.036254 0.906045 0.421626 2.14679 0.680482 -0.331363 0.653562 49.9929 
0.931637 -0.11896 -0.343367 11.986 -0.201165 0.61808 -0.759941 29.961 0.302631 0.777062 0.551896 -26.1773 
0.932165 0.04876 -0.358736 2.4207 -0.221607 0.860413 -0.458891 16.56 0.286285 0.50726 0.812852 -10.4833 
0.932165 0.190456 -0.307889 0.496687 -0.221607 0.972674 -0.0692557 11.8038 0.286285 0.132788 0.948898 -7.9003 
0.932165 0.190456 -0.307889 0.496688 -0.221607 0.972674 -0.0692557 11.8038 0.286285 0.132788 0.948898 -7.9003 
0.762062 -0.296217 0.575774 59.8248 0.242031 -0.694452 -0.677612 179.842 0.600568 0.655738 -0.457522 -36.1353 
0.891006 -4.47035e-08 -0.453991 -0.691045 -0.195448 0.902585 -0.383588 3.60444 0.409765 0.430511 0.804209 13.8527 
0.891006 -4.47035e-08 -0.453991 -1.15142 -0.195448 0.902585 -0.383588 1.77219 0.409765 0.430511 0.804209 14.5318 
0.974833 -0.0214964 -0.221899 2.16581 -0.140829 0.712224 -0.68768 27.0439 0.172824 0.701623 0.691272 -18.371 
0.979122 0.121689 -0.162823 -18.2189 -0.197081 0.764482 -0.61378 19.8026 0.0497847 0.633055 0.772504 -8.19051 
0.979122 0.0883853 -0.183051 -12.7902 -0.197081 0.633322 -0.748373 41.1263 0.0497847 0.768825 0.637519 -30.5442 
