21 92 0.916667 1
0.891007 0 -0.45399 -0.69105 0 1 0 -14.8238 0.45399 0 0.891007 -0.254758 
0.891007 0 -0.45399 -1.15142 0 1 0 -16.1852 0.45399 0 0.891007 1.147 
0.878814 0 -0.477164 -1.12561 0 1 0 -13.7325 0.477164 0 0.878814 1.58275 
0.874768 0.314754 -0.368388 -46.0098 -0.0958455 0.857663 0.505201 8.59448 0.474967 -0.406626 0.780424 59.7222 
0.874768 0.238679 -0.421678 -33.6164 -0.0958455 0.938302 0.332269 -4.77721 0.474967 -0.250243 0.843673 34.1984 
0.950797 0.238679 -0.197527 -33.1671 -0.173382 0.938302 0.299212 -4.83118 0.256756 -0.250243 0.933518 34.4245 
0.860208 -0.308133 -0.40632 52.9599 0.467971 0.793559 0.388931 6.23793 0.202597 -0.524708 0.826823 83.2116 
0.860208 -0.500275 0.0988287 77.6504 0.467971 0.697442 -0.54275 18.589 0.202597 0.513127 0.83406 -50.1515 
0.790677 -0.500275 0.352924 80.195 0.60952 0.697442 -0.376908 15.5491 -0.0575865 0.513127 0.856379 -43.5387 
0.874768 -0.0840494 -0.477196 17.6397 -0.0958455 0.935366 -0.340446 -0.4496 0.474967 0.343549 0.810173 -59.3289 
0.874768 -0.483367 0.0337085 69.2431 -0.0958455 -0.240809 -0.965828 151.546 0.474967 0.841645 -0.256981 -123.697 
0.874768 -0.419671 0.242191 63.594 -0.0958455 -0.639829 -0.762517 191.663 0.474967 0.643813 -0.599926 -105.198 
0.703889 -0.301574 -0.643113 30.6869 0.447934 0.891132 0.0723875 -8.07909 0.551268 -0.339025 0.762342 32.2849 
0.311722 0.269784 -0.911069 2.90538 0.428192 0.816077 0.388161 -2.92863 0.848222 -0.511111 0.13887 36.8851 
0.309639 0.17525 -0.934565 4.11753 0.0426429 0.97932 0.197771 1.78347 0.949897 -0.10109 0.295763 30.0076 
0.309639 0.17525 -0.934565 4.11753 0.0426429 0.97932 0.197771 1.78347 0.949897 -0.10109 0.295763 30.0076 
0.931637 -0.11896 -0.343367 11.986 -0.183958 0.660493 -0.727948 14.9398 0.313388 0.741348 0.593457 -76.8485 
0.932165 0.04876 -0.358736 2.4207 -0.205281 0.887387 -0.412801 2.43584 0.298209 0.45844 0.8372 -60.4309 
0.932165 0.190456 -0.307889 0.49669 -0.205281 0.97857 -0.0161787 -2.16881 0.298209 0.0782847 0.951285 -57.5864 
0.932165 0.190456 -0.307889 0.49669 -0.205281 0.97857 -0.0161787 -2.16881 0.298209 0.0782847 0.951285 -57.5864 
0.790677 -0.500275 0.352924 80.195 0.60952 0.697442 -0.376908 15.5491 -0.0575865 0.513127 0.856379 -43.5387 
0.854277 0 -0.519817 -0.669371 0 1 0 -13.9026 0.519817 0 0.854277 -0.320027 
0.854277 0 -0.519817 -1.23403 0 1 0 -15.264 0.519817 0 0.854277 1.04307 
0.838667 0 -0.544644 -1.24624 0 1 0 -12.8113 0.544644 0 0.838667 1.47236 
0.832909 0.347014 -0.431097 -50.7536 -0.0958455 0.857663 0.505201 9.51566 0.545047 -0.379468 0.747615 55.7311 
0.832909 0.258381 -0.489389 -36.3105 -0.0958455 0.938302 0.332269 -3.85603 0.545047 -0.229844 0.806285 31.3086 
0.909315 0.269206 -0.317293 -38.0191 -0.173382 0.938302 0.299212 -3.91335 0.378266 -0.217065 0.899887 29.2476 
0.855776 -0.279176 -0.435555 47.8182 0.452215 0.812607 0.367657 4.5947 0.251294 -0.511596 0.821657 81.7246 
0.857232 -0.512045 0.0544248 77.7075 0.450605 0.694793 -0.56055 19.7722 0.249213 0.505046 0.82633 -48.8657 
0.801191 -0.512045 0.309681 79.9166 0.598311 0.694793 -0.399107 16.5637 -0.0108033 0.505046 0.863025 -42.2121 
0.836298 -0.108497 -0.537433 21.9431 -0.094318 0.937143 -0.335957 0.197937 0.540102 0.33165 0.773497 -57.2307 
0.79828 -0.598367 0.0685968 84.3414 -0.0939997 -0.236276 -0.967128 151.845 0.594906 0.765592 -0.244861 -112.001 
0.79828 -0.507738 0.323961 76.1744 -0.0939997 -0.636325 -0.765672 192.058 0.594906 0.580769 -0.555693 -94.688 
0.660012 -0.275884 -0.698764 28.2422 0.442136 0.894633 0.0644005 -7.48064 0.60737 -0.351454 0.712447 33.5131 
0.246609 0.306872 -0.919246 0.189014 0.419286 0.821385 0.386686 -2.37863 0.873718 -0.480787 0.0738934 36.0611 
0.237188 0.181903 -0.954281 1.90816 0.0366737 0.979936 0.195909 2.34995 0.970771 -0.0814644 0.225758 29.3953 
0.237188 0.181903 -0.954281 1.90816 0.0366737 0.979936 0.195909 2.34995 0.970771 -0.0814644 0.225758 29.3953 
0.905113 -0.173464 -0.388177 17.6347 -0.177686 0.675112 -0.715997 14.4942 0.386263 0.717031 0.58023 -74.33 
0.90675 0.0154254 -0.421386 6.84131 -0.199307 0.896332 -0.396062 2.31934 0.371593 0.443115 0.815824 -58.4348 
0.906829 0.185099 -0.378681 4.70663 -0.200887 0.979612 -0.00223085 -2.19879 0.370548 0.078095 0.925524 -55.7185 
0.906829 0.185099 -0.378681 4.70663 -0.200887 0.979612 -0.00223085 -2.19879 0.370548 0.078095 0.925524 -55.7185 
0.799104 -0.513623 0.312449 80.1352 0.60103 0.69461 -0.395322 16.5369 -0.0139841 0.503694 0.863769 -42.0002 
0.812694 0 -0.58269 -0.642837 0 1 0 -12.9814 0.58269 0 0.812694 -0.383479 
0.812694 0 -0.58269 -1.30857 0 1 0 -14.3428 0.58269 0 0.812694 0.933207 
0.79335 0 -0.608766 -1.35763 0 1 0 -11.8901 0.608766 0 0.79335 1.35281 
0.785448 0.37694 -0.490905 -55.1541 -0.0958455 0.857663 0.505201 10.4368 0.611462 -0.349758 0.709777 51.3643 
0.785448 0.276345 -0.55381 -38.7584 -0.0958455 0.938302 0.332269 -2.93484 0.611462 -0.2079 0.763474 28.2074 
0.852377 0.295157 -0.431666 -42.1089 -0.173382 0.938302 0.299212 -2.99551 0.493348 -0.180199 0.850962 23.4314 
0.848095 -0.252718 -0.465691 43.0189 0.437011 0.830614 0.345112 3.11195 0.299593 -0.4962 0.81488 79.8208 
0.851149 -0.524798 0.0115218 77.9089 0.433869 0.690981 -0.578189 21.1297 0.295471 0.497124 0.815821 -47.7245 
0.80829 -0.524798 0.266934 79.7869 0.587653 0.690981 -0.420961 17.7551 0.0364736 0.497124 0.866913 -41.0514 
0.792985 -0.131602 -0.594857 26.0257 -0.0928193 0.938896 -0.331449 0.848465 0.602129 0.318049 0.732316 -54.8246 
0.705523 -0.701406 0.10133 97.5739 -0.0915611 -0.231999 -0.968397 152.192 0.702747 0.673949 -0.227902 -98.4164 
0.705523 -0.585999 0.39855 87.0865 -0.0915611 -0.633037 -0.768688 192.498 0.702747 0.505835 -0.500277 -82.6362 
0.611695 -0.250036 -0.75054 25.7858 0.436291 0.898036 0.0564064 -6.87189 0.659909 -0.361957 0.658413 34.5588 
0.179441 0.34092 -0.922808 -2.38757 0.410334 0.826602 0.385168 -1.8189 0.894107 -0.447775 0.00843513 35.0389 
0.163357 0.186598 -0.96876 -0.186361 0.0307031 0.980513 0.194039 2.92477 0.986089 -0.0614416 0.154445 28.6214 
0.163357 0.186598 -0.96876 -0.18636 0.0307031 0.980513 0.194039 2.92477 0.986089 -0.0614416 0.154445 28.6214 
0.872923 -0.224943 -0.432903 22.9675 -0.171344 0.689463 -0.703762 14.077 0.456778 0.688506 0.563306 -71.3787 
0.875596 -0.0153047 -0.482801 10.9716 -0.193254 0.904923 -0.379167 2.23611 0.442701 0.425301 0.789389 -56.1054 
0.875903 0.180849 -0.447312 8.63492 -0.19645 0.980444 0.0117176 -2.196 0.440683 0.0776108 0.894301 -53.5351 
0.875903 0.180849 -0.447312 8.63493 -0.19645 0.980444 0.0117176 -2.196 0.440683 0.0776108 0.894301 -53.5351 
0.804449 -0.527839 0.272484 80.2052 0.59326 0.690703 -0.413486 17.6884 0.0300486 0.494282 0.868782 -40.6105 
0.766493 0 -0.642253 -0.611598 0 1 0 -12.0602 0.642253 0 0.766493 -0.444751 
0.766493 0 -0.642253 -1.37462 0 1 0 -13.4216 0.642253 0 0.766493 0.818047 
0.743141 0 -0.669135 -1.4591 0 1 0 -10.9689 0.669135 0 0.743141 1.22488 
0.732704 0.404331 -0.547413 -59.1815 -0.0958455 0.857663 0.505201 11.358 0.673764 -0.317696 0.667167 46.6512 
0.732704 0.292451 -0.614505 -40.9435 -0.0958455 0.938302 0.332269 -2.01369 0.673764 -0.184557 0.715528 24.9156 
0.780952 0.316091 -0.538702 -45.3556 -0.173382 0.938302 0.299212 -2.07768 0.600044 -0.140269 0.787573 17.0847 
0.837248 -0.228989 -0.496568 38.6023 0.422399 0.847529 0.321362 1.79645 0.347268 -0.47881 0.806316 77.5419 
0.842046 -0.538589 -0.0296647 78.2721 0.417817 0.686035 -0.595639 22.6577 0.341155 0.489161 0.802704 -46.6981 
0.811994 -0.538589 0.224917 79.8255 0.577591 0.686035 -0.442431 19.1199 0.0839878 0.489161 0.86814 -40.0261 
0.745082 -0.153251 -0.649127 29.8658 -0.0913494 0.940626 -0.326923 1.502 0.660687 0.302882 0.686844 -52.1325 
0.598383 -0.79039 0.131231 108.702 -0.0885558 -0.228031 -0.969618 152.593 0.796302 0.568581 -0.206444 -83.2327 
0.598383 -0.65287 0.464434 96.1397 -0.0885558 -0.630006 -0.771524 192.986 0.796302 0.420539 -0.4348 -69.3004 
0.559231 -0.224174 -0.798127 23.3312 0.430397 0.901341 0.0484061 -6.25284 0.708533 -0.370582 0.600541 35.4272 
0.110628 0.371733 -0.921724 -4.8101 0.401338 0.831729 0.383608 -1.24942 0.909225 -0.41236 -0.0571783 33.8351 
0.0885753 0.189314 -0.977913 -2.15433 0.0247313 0.981052 0.192161 3.50797 0.995762 -0.0412058 0.0822149 27.6998 
0.0885753 0.189314 -0.977913 -2.15433 0.0247313 0.981052 0.192161 3.50797 0.995762 -0.0412058 0.0822149 27.6998 
0.835286 -0.273059 -0.477218 27.9502 -0.164935 0.703542 -0.691249 13.6888 0.524495 0.6561 0.542621 -68.0287 
0.838913 -0.0432414 -0.542546 14.7858 -0.187125 0.913155 -0.362122 2.1865 0.511087 0.405313 0.757966 -53.4762 
0.839581 0.177714 -0.513345 12.2575 -0.19197 0.981065 0.0256632 -2.16013 0.508185 0.0770006 0.857799 -51.0691 
0.839581 0.177714 -0.513345 12.2575 -0.19197 0.981065 0.0256632 -2.16013 0.508185 0.0770006 0.857799 -51.0691 
0.80672 -0.542968 0.233213 80.4234 0.586245 0.685747 -0.431356 19.0007 0.0742879 0.484703 0.871518 -39.3412 
0.715937 0 -0.698165 -0.575833 0 1 0 -11.1391 0.698165 0 0.715937 -0.503496 
0.715937 0 -0.698165 -1.43181 0 1 0 -12.5005 0.698165 0 0.715937 0.698238 
0.68835 0 -0.725378 -1.55001 0 1 0 -10.0478 0.725378 0 0.68835 1.08938 
0.675033 0.429003 -0.600239 -62.8087 -0.0958455 0.857663 0.505201 12.2792 0.731535 -0.283497 0.620069 41.6236 
0.675033 0.30659 -0.671068 -42.8511 -0.0958455 0.938302 0.332269 -1.09251 0.731535 -0.159974 0.66277 21.4555 
0.696254 0.331653 -0.636582 -47.6937 -0.173382 0.938302 0.299212 -1.15984 0.696541 -0.0979559 0.710799 10.326 
0.823328 -0.208184 -0.528006 34.6036 0.408423 0.863304 0.296474 0.654495 0.394109 -0.459745 0.79581 74.934 
0.830029 -0.553444 -0.0689358 78.8104 0.402499 0.679987 -0.612872 24.3521 0.386066 0.480955 0.787169 -45.7557 
0.812342 -0.553444 0.183849 80.0472 0.568164 0.679987 -0.463473 20.6541 0.131491 0.480955 0.866829 -39.1043 
0.692866 -0.173341 -0.699922 33.4439 -0.0899084 0.942332 -0.322378 2.15854 0.71544 0.286293 0.637324 -49.1772 
0.479037 -0.863517 0.157677 117.533 -0.0850149 -0.224425 -0.970776 153.054 0.873668 0.451633 -0.18092 -66.7685 
0.479037 -0.707003 0.52026 103.183 -0.0850149 -0.627272 -0.774146 193.529 0.873668 0.326615 -0.360592 -54.9618 
0.502941 -0.198431 -0.841235 20.8909 0.424456 0.904547 0.0404005 -5.62344 0.752919 -0.377386 0.539159 36.1247 
0.0405902 0.399144 -0.915989 -7.066 0.392297 0.836765 0.382006 -0.670132 0.918943 -0.374845 -0.122618 32.4671 
0.0132754 0.190048 -0.981685 -3.98549 0.0187584 0.981551 0.190276 4.0996 0.999736 -0.020941 0.00946557 26.6453 
0.0132754 0.190048 -0.981685 -3.98549 0.0187584 0.981551 0.190276 4.0996 0.999736 -0.020941 0.00946557 26.6453 
0.792448 -0.317506 -0.520784 32.5518 -0.15846 0.717342 -0.678462 13.3301 0.588996 0.62017 0.518144 -64.3173 
0.796943 -0.0682291 -0.600189 18.2617 -0.180922 0.921025 -0.344934 2.17093 0.576324 0.38348 0.721661 -50.5824 
0.798089 0.175682 -0.576359 15.5538 -0.18745 0.981476 0.0396034 -2.09081 0.57264 0.0764313 0.816236 -48.3549 
0.798089 0.175682 -0.576359 15.5538 -0.18745 0.981476 0.0396034 -2.09081 0.57264 0.0764313 0.816236 -48.3549 
0.805937 -0.55903 0.194809 80.8042 0.580016 0.679767 -0.448885 20.4707 0.118515 0.474765 0.872096 -38.1619 
0.661312 0 -0.750111 -0.535745 0 1 0 -10.2179 0.750111 0 0.661312 -0.55938 
0.661312 0 -0.750111 -1.47981 0 1 0 -11.5793 0.750111 0 0.661312 0.574462 
0.629316 0 -0.77715 -1.6298 0 1 0 -9.1266 0.77715 0 0.629316 0.947187 
0.612823 0.45079 -0.649028 -66.0113 -0.0958455 0.857663 0.505201 13.2003 0.784386 -0.247392 0.568801 36.3154 
0.612823 0.318667 -0.723118 -44.4682 -0.0958455 0.938302 0.332269 -0.171341 0.784386 -0.134314 0.605555 17.8504 
0.599721 0.341578 -0.723643 -49.074 -0.173382 0.938302 0.299212 -0.242004 0.7812 -0.0539775 0.621943 3.28186 
0.806443 -0.190465 -0.559797 31.0527 0.39512 0.877896 0.270516 -0.30809 0.439919 -0.439343 0.78323 72.0468 
0.815209 -0.569363 -0.106112 79.5329 0.387964 0.672872 -0.629862 26.2081 0.43002 0.472302 0.769424 -44.865 
0.809387 -0.569363 0.143937 80.4628 0.559412 0.672872 -0.484047 22.3536 0.178747 0.472302 0.863122 -38.2527 
0.636637 -0.191784 -0.746935 36.7425 -0.0884965 0.944014 -0.317815 2.81815 0.766069 0.268434 0.584022 -45.9835 
0.349913 -0.919305 0.18011 123.918 -0.0809737 -0.221227 -0.971855 153.58 0.933276 0.325481 -0.15185 -49.3659 
0.349913 -0.74731 0.564879 108.106 -0.0809737 -0.624871 -0.776518 194.13 0.933276 0.225973 -0.279163 -39.9193 
0.443172 -0.172933 -0.879598 18.4765 0.418469 0.907654 0.0323904 -4.98364 0.792769 -0.382439 0.474614 36.6585 
-0.0302408 0.423011 -0.90562 -9.14446 0.383213 0.841708 0.380361 -0.0809975 0.923165 -0.335543 -0.187557 30.9533 
-0.0621055 0.188815 -0.980047 -5.6711 0.012785 0.982012 0.188383 4.69971 0.997988 -0.000830293 -0.0634023 25.4734 
-0.0621055 0.188815 -0.980047 -5.6711 0.012785 0.982012 0.188383 4.69971 0.997988 -0.000830293 -0.0634023 25.4734 
0.744693 -0.358016 -0.563256 36.7453 -0.151922 0.730858 -0.665407 13.0013 0.649886 0.581095 0.489874 -60.2838 
0.749964 -0.0901477 -0.655307 21.3807 -0.174647 0.928532 -0.327609 2.18974 0.638006 0.360143 0.680621 -47.4611 
0.751687 0.174723 -0.635955 18.5067 -0.182889 0.981675 0.0535353 -1.98774 0.633655 0.0760674 0.769867 -45.4286 
0.751687 0.174723 -0.635955 18.5067 -0.182889 0.981675 0.0535353 -1.98774 0.633655 0.0760674 0.769867 -45.4286 
0.802135 -0.576017 0.157431 81.3578 0.574602 0.672795 -0.466025 22.0949 0.16252 0.464275 0.870652 -37.0413 
0.60293 0 -0.797794 -0.491561 0 1 0 -9.29672 0.797794 0 0.60293 -0.612086 
0.60293 0 -0.797794 -1.51835 0 1 0 -10.6581 0.797794 0 0.60293 0.447422 
0.566401 0 -0.824129 -1.69799 0 1 0 -8.20543 0.824129 0 0.566401 0.799202 
0.54649 0.469545 -0.693452 -68.7676 -0.0958455 0.857663 0.505201 14.1215 0.831963 -0.209623 0.513708 30.7623 
0.54649 0.328601 -0.770305 -45.784 -0.0958455 0.938302 0.332269 0.749847 0.831963 -0.107752 0.544268 14.1246 
0.492995 0.345697 -0.798404 -49.4644 -0.173382 0.938302 0.299212 0.675842 0.852581 -0.00908174 0.522516 -3.9157 
0.78671 -0.175952 -0.591716 27.9739 0.382529 0.891262 0.243563 -1.08597 0.484518 -0.417962 0.768472 68.933 
0.797709 -0.586318 -0.141035 80.4446 0.374261 0.664727 -0.64658 28.2209 0.472852 0.462999 0.749695 -43.9938 
0.803199 -0.586318 0.105368 81.0786 0.551369 0.664727 -0.504112 24.2135 0.225529 0.462999 0.857186 -37.4376 
0.576722 -0.208506 -0.789884 39.7464 -0.0871138 0.945672 -0.313234 3.48079 0.812282 0.249459 0.527226 -42.5768 
0.213635 -0.956628 0.198049 127.762 -0.0764718 -0.218483 -0.97284 154.177 0.973916 0.192687 -0.119831 -31.3836 
0.213635 -0.772992 0.597364 110.844 -0.0764718 -0.622836 -0.778606 194.794 0.973916 0.120656 -0.192172 -24.4833 
0.380295 -0.147795 -0.91298 16.0985 0.412435 0.910661 0.0243768 -4.33344 0.827812 -0.385816 0.407275 37.0364 
-0.101427 0.44322 -0.890656 -11.0366 0.374087 0.84656 0.378676 0.518009 0.92183 -0.294775 -0.251667 29.3128 
-0.137131 0.185643 -0.973001 -7.20401 0.00681086 0.982435 0.186483 5.30832 0.990529 0.0189457 -0.135987 24.2001 
-0.137131 0.185643 -0.973001 -7.20402 0.00681086 0.982435 0.186483 5.30832 0.990529 0.0189457 -0.135987 24.2001 
0.692331 -0.394357 -0.604286 40.5076 -0.145325 0.744085 -0.652088 12.703 0.706795 0.539278 0.457843 -55.9699 
0.698283 -0.108913 -0.707488 24.1282 -0.168304 0.93567 -0.310154 2.24332 0.695755 0.335648 0.635032 -44.1507 
0.700663 0.174788 -0.691752 21.1029 -0.178289 0.981663 0.0674554 -1.85059 0.690858 0.0760681 0.718978 -42.3275 
0.700663 0.174788 -0.691752 21.1029 -0.178289 0.981663 0.0674554 -1.85059 0.690858 0.0760681 0.718978 -42.3275 
0.795358 -0.593895 0.121222 82.0904 0.570026 0.664861 -0.482731 23.8695 0.206096 0.453044 0.867338 -35.9473 
0.541121 0 -0.840945 -0.443532 0 1 0 -8.37554 0.840945 0 0.541121 -0.661313 
0.541121 0 -0.840945 -1.54722 0 1 0 -9.73694 0.840945 0 0.541121 0.317839 
0.499995 0 -0.866028 -1.75416 0 1 0 -7.28425 0.866028 0 0.499995 0.64637 
0.476483 0.485142 -0.733213 -71.0591 -0.0958455 0.857663 0.505201 15.0427 0.873944 -0.170445 0.455161 25.0018 
0.476483 0.336325 -0.812311 -46.7896 -0.0958455 0.938302 0.332269 1.67102 0.873944 -0.0804643 0.47932 10.3033 
0.37789 0.343941 -0.859595 -48.8508 -0.173382 0.938302 0.299212 1.59367 0.909471 0.0359685 0.414208 -11.1314 
0.764254 -0.164728 -0.623523 25.3853 0.370685 0.903366 0.21569 -1.67444 0.527739 -0.395973 0.751463 65.6479 
0.777656 -0.604256 -0.173568 81.5461 0.361432 0.655592 -0.662997 30.3851 0.51441 0.45285 0.728223 -43.1096 
0.793857 -0.604256 0.0683105 81.8965 0.544071 0.655592 -0.523627 26.229 0.271621 0.45285 0.849205 -36.6252 
0.513468 -0.223447 -0.828506 42.4427 -0.0857602 0.947306 -0.308636 4.14651 0.853813 0.229528 0.467248 -38.9836 
0.0729731 -0.974737 0.211101 129.021 -0.0715531 -0.216237 -0.973716 154.849 0.994764 0.05595 -0.085525 -13.1892 
0.0729731 -0.783547 0.617033 111.376 -0.0715531 -0.621201 -0.780378 195.523 0.994764 0.0127959 -0.101396 -8.96909 
0.314698 -0.123124 -0.941172 13.7664 0.406357 0.913568 0.0163606 -3.67279 0.85781 -0.3876 0.337531 37.2671 
-0.172526 0.459688 -0.871161 -12.7352 0.36492 0.851319 0.376948 1.12693 0.914914 -0.252871 -0.314624 27.5651 
-0.211367 0.180579 -0.960581 -8.57866 0.000836533 0.982818 0.184576 5.9255 0.977406 0.0382096 -0.207886 22.8418 
-0.211367 0.180579 -0.960581 -8.57867 0.000836533 0.982818 0.184576 5.9255 0.977406 0.0382096 -0.207886 22.8418 
0.6357 -0.426337 -0.643523 43.8194 -0.138669 0.757017 -0.638511 12.4357 0.759379 0.495138 0.422116 -51.419 
0.642236 -0.124477 -0.756332 26.4932 -0.161893 0.942438 -0.292577 2.332 0.749215 0.310348 0.585115 -40.6904 
0.645333 0.175809 -0.743395 23.333 -0.17365 0.981441 0.0813612 -1.67908 0.743902 0.0765858 0.663885 -39.0895 
0.645333 0.175809 -0.743395 23.333 -0.17365 0.981441 0.0813612 -1.67908 0.743902 0.0765858 0.663885 -39.0895 
0.785662 -0.612606 0.0863048 83.0037 0.566313 0.655999 -0.498954 25.7904 0.249046 0.440885 0.86232 -34.8478 
0.476238 0 -0.879316 -0.391932 0 1 0 -7.45437 0.879316 0 0.476238 -0.706783 
0.476238 0 -0.879316 -1.56624 0 1 0 -8.81577 0.879316 0 0.476238 0.18645 
0.430506 0 -0.902588 -1.79797 0 1 0 -6.36308 0.902588 0 0.430506 0.489666 
0.403271 0.497477 -0.768042 -72.8704 -0.0958455 0.857663 0.505201 15.9639 0.910047 -0.13012 0.393552 19.0727 
0.403271 0.341787 -0.848854 -47.4781 -0.0958455 0.938302 0.332269 2.59219 0.910047 -0.0526357 0.411149 6.41229 
0.256363 0.336339 -0.906176 -47.2374 -0.173382 0.938302 0.299212 2.51151 0.950903 0.0804074 0.29886 -18.2291 
0.739204 -0.156831 -0.654967 23.2987 0.359622 0.914173 0.186976 -2.06912 0.569429 -0.373754 0.73216 62.248 
0.755181 -0.623096 -0.203601 82.834 0.34952 0.645508 -0.679084 32.6952 0.554561 0.441669 0.70526 -42.1809 
0.781453 -0.623096 0.0329094 82.9143 0.537548 0.645508 -0.542551 28.3946 0.316818 0.441669 0.839378 -35.7821 
0.447239 -0.23656 -0.862564 44.8206 -0.084436 0.948916 -0.304022 4.81532 0.89042 0.208802 0.404418 -35.2311 
-0.0692142 -0.973274 0.218969 127.703 -0.0662649 -0.214525 -0.974468 155.599 0.995399 -0.081957 -0.0496457 4.84823 
-0.0692142 -0.778783 0.623463 109.727 -0.0662649 -0.619992 -0.781805 196.321 0.995399 -0.0954257 -0.00869367 6.30917 
0.246792 -0.0990124 -0.963997 11.4887 0.400234 0.916375 0.00834253 -3.00166 0.882557 -0.387883 0.265783 37.3595 
-0.243094 0.472359 -0.84722 -14.2351 0.355713 0.855984 0.37518 1.7458 0.902426 -0.210163 -0.376109 25.73 
-0.284384 0.173684 -0.942847 -9.79111 -0.00513781 0.983163 0.182661 6.55126 0.958697 0.0567899 -0.278703 21.4152 
-0.284384 0.173684 -0.942847 -9.79111 -0.00513781 0.983163 0.182661 6.55126 0.958697 0.0567899 -0.278703 21.4152 
0.575165 -0.453807 -0.68062 46.666 -0.131959 0.769649 -0.624681 12.1998 0.807324 0.449109 0.382792 -46.6756 
0.582184 -0.136827 -0.801461 28.4689 -0.155419 0.948833 -0.274884 2.45611 0.798064 0.284595 0.53113 -37.12 
0.586039 0.177701 -0.790557 25.1911 -0.168975 0.981007 0.0952494 -1.47291 0.792468 0.0777642 0.604935 -35.7532 
0.586039 0.177701 -0.790557 25.1911 -0.168975 0.981007 0.0952494 -1.47291 0.792468 0.0777642 0.604935 -35.7532 
0.773114 -0.632067 0.0527853 84.0957 0.563479 0.646242 -0.514647 27.8532 0.291179 0.427624 0.855776 -33.711 
0.408649 0 -0.912691 -0.337053 0 1 0 -6.5332 0.912691 0 0.408649 -0.748237 
0.408649 0 -0.912691 -1.57531 0 1 0 -7.89459 0.912691 0 0.408649 0.0540019 
0.358362 0 -0.933582 -1.82915 0 1 0 -5.4419 0.933582 0 0.358362 0.330084 
0.327347 0.506466 -0.797707 -74.1892 -0.0958455 0.857663 0.505201 16.8851 0.94003 -0.0889195 0.329296 13.015 
0.327347 0.344951 -0.879689 -47.8449 -0.0958455 0.938302 0.332269 3.51337 0.94003 -0.0244531 0.340212 2.47775 
0.130477 0.32302 -0.937354 -44.6463 -0.173382 0.938302 0.299212 3.42935 0.976173 0.12348 0.178433 -25.074 
0.711697 -0.152257 -0.685788 21.7197 0.34937 0.923652 0.157503 -2.26643 0.609449 -0.351688 0.710554 58.7911 
0.730417 -0.642734 -0.231048 84.301 0.338562 0.634518 -0.694812 35.1451 0.593183 0.429278 0.681068 -41.1768 
0.766089 -0.642734 -0.000713453 84.1256 0.531826 0.634518 -0.560846 30.7048 0.360928 0.429278 0.82792 -34.8762 
0.378418 -0.247814 -0.891845 46.872 -0.0831412 0.950501 -0.29939 5.48726 0.921893 0.187444 0.339084 -31.3469 
-0.210038 -0.952282 0.221458 123.869 -0.0606579 -0.213382 -0.975084 156.431 0.97581 -0.218238 -0.0129452 22.3654 
-0.210038 -0.758824 0.616498 105.965 -0.0606579 -0.619235 -0.782859 197.19 0.97581 -0.201825 0.0840341 21.0454 
0.177001 -0.0755455 -0.981307 9.27261 0.394067 0.919082 0.00032356 -2.32005 0.901877 -0.386758 0.192448 37.3233 
-0.312688 0.481206 -0.818942 -15.5332 0.346467 0.860555 0.37337 2.37465 0.884413 -0.166988 -0.435808 23.8276 
-0.355759 0.165035 -0.91989 -10.8391 -0.0111118 0.983468 0.180739 7.18565 0.934511 0.0745212 -0.348044 19.9371 
-0.355759 0.165035 -0.91989 -10.8391 -0.0111118 0.983468 0.180739 7.18565 0.934511 0.0745212 -0.348044 19.9371 
0.511112 -0.476658 -0.715235 49.0368 -0.125197 0.781977 -0.610604 11.9958 0.850347 0.401632 0.340002 -41.7853 
0.518514 -0.145988 -0.842514 30.0522 -0.148882 0.954852 -0.257082 2.61596 0.842008 0.258736 0.47337 -33.4796 
0.523147 0.180363 -0.832939 26.6754 -0.164263 0.980363 0.109117 -1.23181 0.836263 0.0797365 0.5425 -32.3569 
0.523147 0.180363 -0.832939 26.6754 -0.164263 0.980363 0.109117 -1.23181 0.836263 0.0797365 0.5425 -32.3569 
0.757788 -0.652171 0.020746 85.36 0.561542 0.635629 -0.529761 30.0532 0.332308 0.413096 0.847893 -32.506 
0.338738 0 -0.940881 -0.279207 0 1 0 -5.61201 0.940881 0 0.338738 -0.785439 
0.338738 0 -0.940881 -1.57437 0 1 0 -6.97341 0.940881 0 0.338738 -0.0787527 
0.28401 0 -0.958821 -1.84754 0 1 0 -4.52072 0.958821 0 0.28401 0.16864 
0.249222 0.512049 -0.822006 -75.0066 -0.0958455 0.857663 0.505201 17.8062 0.963692 -0.0471215 0.262826 6.86951 
0.249222 0.345795 -0.904607 -47.8874 -0.0958455 0.938302 0.332269 4.43454 0.963692 0.00389383 0.266988 -1.47372 
0.00237474 0.304211 -0.952602 -41.1176 -0.173382 0.938302 0.299212 4.34717 0.984852 0.164453 0.0549728 -31.5355 
0.68187 -0.150957 -0.715726 20.647 0.339958 0.931778 0.127352 -2.26314 0.647673 -0.330155 0.686671 55.3348 
0.703499 -0.663046 -0.25585 85.9361 0.328593 0.622667 -0.710149 37.7286 0.630171 0.415519 0.655918 -40.0685 
0.747874 -0.663046 -0.0324624 85.5201 0.526931 0.622667 -0.578472 33.1535 0.403767 0.415519 0.815056 -33.8764 
0.307405 -0.257192 -0.916163 48.591 -0.0818759 0.952063 -0.294742 6.16232 0.94805 0.165617 0.271611 -27.3591 
-0.346636 -0.9122 0.218483 117.631 -0.0547861 -0.212838 -0.97555 157.348 0.936398 -0.350131 0.0238014 39.0125 
-0.346636 -0.724103 0.596254 100.204 -0.0547861 -0.618951 -0.783517 198.131 0.936398 -0.304262 0.17488 34.9474 
0.10576 -0.0527956 -0.992989 7.1243 0.387857 0.921688 -0.00769544 -1.62788 0.915632 -0.384323 0.117954 37.1681 
-0.38087 0.486233 -0.786458 -16.6279 0.337183 0.865032 0.371519 3.01352 0.860956 -0.12368 -0.493415 21.8779 
-0.425082 0.154722 -0.891833 -11.7218 -0.0170857 0.983735 0.17881 7.82872 0.904994 0.0912464 -0.415524 18.4241 
-0.425082 0.154722 -0.891833 -11.7218 -0.0170857 0.983735 0.17881 7.82872 0.904994 0.0912464 -0.415524 18.4241 
0.443947 -0.494825 -0.747034 50.9256 -0.118385 0.793995 -0.596285 11.8241 0.888198 0.353157 0.293912 -36.7942 
0.451632 -0.152019 -0.879158 31.2441 -0.142287 0.960494 -0.239178 2.81187 0.880785 0.233113 0.41216 -29.8086 
0.457042 0.183679 -0.870272 27.7878 -0.159515 0.979508 0.122962 -0.955527 0.875024 0.0826229 0.476976 -28.9387 
0.457042 0.183679 -0.870272 27.7878 -0.159515 0.979508 0.122962 -0.955528 0.875024 0.0826229 0.476976 -28.9387 
0.739766 -0.672793 -0.00975309 86.7869 0.560511 0.624197 -0.544248 32.3857 0.372254 0.39715 0.838868 -31.2032 
0.266902 0 -0.963724 -0.218723 0 1 0 -4.69084 0.963724 0 0.266902 -0.818178 
0.266902 0 -0.963724 -1.56344 0 1 0 -6.05224 0.963724 0 0.266902 -0.21106 
0.207906 0 -0.978149 -1.85302 0 1 0 -3.59955 0.978149 0 0.207906 0.00635505 
0.16942 0.514188 -0.840778 -75.3171 -0.0958455 0.857663 0.505201 18.7274 0.980872 -0.00500654 0.194588 0.677608 
0.16942 0.344313 -0.923442 -47.6055 -0.0958455 0.938302 0.332269 5.35571 0.980872 0.0322146 0.191968 -5.41546 
-0.125768 0.280232 -0.951657 -36.7084 -0.173381 0.938302 0.299212 5.26501 0.976791 0.202631 -0.0694215 -37.4892 
0.649864 -0.152842 -0.744524 20.0732 0.331414 0.938526 0.0966089 -2.05667 0.683989 -0.309528 0.660569 51.9364 
0.674558 -0.683886 -0.277978 87.725 0.319646 0.610003 -0.725067 40.4392 0.665431 0.400245 0.630084 -38.8286 
0.726927 -0.683886 -0.0622684 87.084 0.522884 0.610003 -0.59539 35.7346 0.445163 0.400245 0.801021 -32.7539 
0.234608 -0.26469 -0.93536 49.974 -0.0806403 0.953599 -0.290078 6.8405 0.96874 0.143482 0.202377 -23.2957 
-0.476236 -0.853856 0.210068 109.15 -0.048706 -0.212918 -0.975855 158.35 0.877967 -0.47497 0.0598113 54.4603 
-0.476236 -0.675352 0.563114 92.5946 -0.048706 -0.619156 -0.783756 199.146 0.877967 -0.40068 0.261971 47.7433 
0.0335162 -0.0308239 -0.998963 5.04881 0.381604 0.924192 -0.0157136 -0.925194 0.923718 -0.380681 0.0427379 36.904 
-0.447209 0.48747 -0.749918 -17.5198 0.327862 0.869415 0.369628 3.66241 0.832172 -0.0805688 -0.548633 19.9006 
-0.491951 0.14285 -0.858823 -12.4401 -0.0230587 0.983963 0.176874 8.48049 0.870317 0.106816 -0.480768 16.8928 
-0.491951 0.14285 -0.858823 -12.4401 -0.0230587 0.983963 0.176874 8.48049 0.870317 0.106816 -0.480768 16.8928 
0.374094 -0.508284 -0.775694 52.3307 -0.111526 0.805699 -0.581731 11.6852 0.92066 0.304132 0.24472 -31.7482 
0.381963 -0.155013 -0.911084 32.0493 -0.135636 0.965755 -0.221179 3.0441 0.91417 0.208058 0.347858 -26.1465 
0.388132 0.187519 -0.902325 28.5339 -0.154733 0.978442 0.136779 -0.643822 0.908521 0.0865313 0.40878 -25.5362 
0.388132 0.187519 -0.902325 28.5339 -0.154733 0.978442 0.136779 -0.643821 0.908521 0.0865313 0.40878 -25.5362 
0.719142 -0.693786 -0.0386755 88.3627 0.560394 0.611985 -0.558062 34.8455 0.410844 0.379652 0.828898 -29.7747 
0.19355 0 -0.98109 -0.155946 0 1 0 -3.76967 0.98109 0 0.19355 -0.846268 
0.19355 0 -0.98109 -1.54257 0 1 0 -5.13107 0.98109 0 0.19355 -0.342168 
0.130521 0 -0.991445 -1.84559 0 1 0 -2.67838 0.991445 0 0.130521 -0.155742 
0.0884796 0.512869 -0.853895 -75.1186 -0.0958455 0.857663 0.505201 19.6486 0.991456 0.037142 0.125042 -5.51893 
0.0884796 0.340515 -0.936066 -47.001 -0.0958455 0.938302 0.332269 6.27689 0.991456 0.0603187 0.115657 -9.32087 
-0.251773 0.251489 -0.934539 -31.492 -0.173382 0.938302 0.299212 6.18285 0.952129 0.237366 -0.192636 -42.8189 
0.615819 -0.157779 -0.771928 19.9843 0.32376 0.943879 0.0653608 -1.645 0.718294 -0.29017 0.632341 48.6515 
0.643724 -0.705092 -0.297428 89.6503 0.31175 0.596574 -0.739535 43.2701 0.698878 0.383334 0.603841 -37.4324 
0.703369 -0.705092 -0.0900903 88.8001 0.519703 0.596574 -0.611562 38.4416 0.484953 0.383334 0.78605 -31.4819 
0.160448 -0.27032 -0.949307 51.0199 -0.0794343 0.955112 -0.285398 7.52185 0.983843 0.121199 0.131773 -19.1847 
-0.596206 -0.77845 0.196349 98.6308 -0.0424765 -0.213642 -0.975988 159.441 0.801706 -0.590231 0.0943089 68.4067 
-0.596206 -0.613592 0.517728 83.3263 -0.0424765 -0.619865 -0.783558 200.236 0.801706 -0.489154 0.343504 59.1867 
-0.0392759 -0.0096806 -0.999181 3.05008 0.375309 0.926596 -0.02373 -0.211922 0.926067 -0.375934 -0.0327597 36.5409 
-0.511285 0.484977 -0.709496 -18.2111 0.318505 0.873701 0.367696 4.32138 0.798212 -0.0379811 -0.601178 17.9153 
-0.555983 0.129537 -0.821038 -12.9966 -0.0290308 0.984153 0.17493 9.14098 0.830686 0.121094 -0.543412 15.3594 
-0.555983 0.129537 -0.821038 -12.9966 -0.0290308 0.984153 0.17493 9.14098 0.830686 0.121094 -0.543412 15.3594 
0.30199 -0.517054 -0.80091 53.2545 -0.104623 0.817084 -0.566945 11.5794 0.947553 0.255005 0.192655 -26.6932 
0.309947 -0.155098 -0.938018 32.4765 -0.128931 0.970634 -0.203093 3.31293 0.941971 0.183888 0.280848 -22.5311 
0.316838 0.19174 -0.928897 28.9229 -0.149919 0.977166 0.150568 -0.29646 0.936557 0.0915533 0.338348 -22.1857 
0.316838 0.19174 -0.928897 28.9229 -0.149919 0.977166 0.150568 -0.29646 0.936557 0.0915533 0.338348 -22.1857 
0.696013 -0.714988 -0.0660089 90.0708 0.561197 0.599034 -0.571154 37.4272 0.44791 0.360487 0.818185 -28.1948 
0.119097 0 -0.992883 -0.0912299 0 1 0 -2.8485 0.992883 0 0.119097 -0.86955 
0.119097 0 -0.992883 -1.51189 0 1 0 -4.20989 0.992883 0 0.119097 -0.471333 
0.0523301 0 -0.99863 -1.82531 0 1 0 -1.7572 0.99863 0 0.0523301 -0.316626 
0.0069433 0.508101 -0.861269 -74.4125 -0.0958455 0.857663 0.505201 20.5697 0.995372 0.079041 0.0546542 -11.6784 
0.0069433 0.334428 -0.942396 -46.0779 -0.0958455 0.938302 0.332269 7.19806 0.995372 0.0880173 0.0385684 -13.1636 
-0.3735 0.218472 -0.901536 -25.5567 -0.173381 0.938302 0.299212 7.10069 0.911283 0.268066 -0.312577 -47.4192 
0.579874 -0.165593 -0.7977 20.3602 0.31702 0.94782 0.0336954 -1.02673 0.750496 -0.272426 0.602112 45.5338 
0.611126 -0.726488 -0.314228 91.6919 0.304929 0.582429 -0.753522 46.2144 0.73044 0.36468 0.577465 -35.8576 
0.677332 -0.726488 -0.115915 90.6483 0.517404 0.582429 -0.626953 41.2678 0.522986 0.36468 0.770386 -30.0363 
0.0853533 -0.274103 -0.957905 51.7298 -0.078258 0.956599 -0.280703 8.20638 0.993273 0.0989226 0.0601982 -15.0539 
-0.704113 -0.687528 0.177569 86.3191 -0.0361587 -0.215027 -0.975938 160.619 0.709167 -0.693591 0.126543 80.583 
-0.704113 -0.540105 0.460991 72.6207 -0.0361587 -0.621088 -0.782906 201.401 0.709167 -0.567923 0.417787 69.0615 
-0.112159 0.0105953 -0.993634 1.13091 0.368974 0.928898 -0.0317439 0.511955 0.922648 -0.370185 -0.108094 36.0887 
-0.572689 0.478843 -0.665385 -18.7061 0.309113 0.877893 0.365723 4.99045 0.759261 0.003766 -0.650776 15.9407 
-0.616809 0.11491 -0.778679 -13.3952 -0.0350018 0.984303 0.17298 9.81027 0.786334 0.133951 -0.603105 13.8394 
-0.616809 0.11491 -0.778679 -13.3952 -0.0350018 0.984303 0.17298 9.81027 0.786334 0.133951 -0.603105 13.8394 
0.228084 -0.521199 -0.822392 53.7039 -0.0976787 0.828146 -0.551936 11.5073 0.968729 0.206218 0.137977 -21.674 
0.236036 -0.15243 -0.959715 32.5379 -0.122175 0.975128 -0.184926 3.61863 0.964033 0.160902 0.211542 -18.9995 
0.243593 0.196189 -0.949827 28.9675 -0.145071 0.97568 0.164324 0.0867853 0.958966 0.0977645 0.266131 -18.9221 
0.243593 0.196189 -0.949827 28.9675 -0.145071 0.97568 0.164324 0.0867847 0.958966 0.0977645 0.266131 -18.9221 
0.670488 -0.736224 -0.0917658 91.8915 0.562919 0.585385 -0.583478 40.1253 0.483288 0.339558 0.806928 -26.4401 
0.0439683 0 -0.999033 -0.0249447 0 1 0 -1.92732 0.999033 0 0.0439683 -0.88789 
0.0439683 0 -0.999033 -1.47157 0 1 0 -3.28872 0.999033 0 0.0439683 -0.597819 
-0.0261827 0 -0.999657 -1.79231 0 1 0 -0.836029 0.999657 0 -0.0261827 -0.475281 
-0.0746392 0.499916 -0.862852 -73.2035 -0.0958455 0.857663 0.505201 21.4909 0.992594 0.120408 -0.0161006 -17.7592 
-0.0746392 0.326091 -0.942387 -44.8424 -0.0958455 0.938302 0.332269 8.11923 0.992594 0.115124 -0.0387797 -16.9177 
-0.488878 0.181742 -0.85321 -19.0042 -0.173382 0.938302 0.299212 8.01852 0.854949 0.294209 -0.427204 -51.197 
0.542169 -0.176075 -0.821614 21.1753 0.311211 0.950339 0.00170192 -0.200989 0.780513 -0.256618 0.570041 42.6341 
0.576888 -0.747885 -0.328433 93.8271 0.299206 0.56762 -0.766996 49.2647 0.76005 0.344202 0.551225 -34.0849 
0.648949 -0.747885 -0.139758 92.6061 0.515998 0.56762 -0.641524 44.2062 0.559116 0.344202 0.754264 -28.3958 
0.00975829 -0.276078 -0.961086 52.1072 -0.0771116 0.958062 -0.275992 8.89409 0.996975 0.076804 -0.0119397 -10.9303 
-0.797765 -0.582951 0.154078 72.4961 -0.029815 -0.217083 -0.975698 161.885 0.602232 -0.782971 0.1558 90.7587 
-0.797765 -0.456409 0.394034 60.7275 -0.029815 -0.622831 -0.781788 202.639 0.602232 -0.635431 0.483264 77.1868 
-0.184674 0.0299753 -0.982343 -0.706858 0.362597 0.931098 -0.0397542 1.24645 0.913465 -0.363536 -0.182818 35.5572 
-0.631028 0.46918 -0.617797 -19.0104 0.299688 0.881987 0.363711 5.66965 0.715535 0.0443654 -0.697166 13.9952 
-0.674081 0.0991118 -0.731978 -13.6411 -0.0409715 0.984415 0.171023 10.4883 0.73752 0.145274 -0.659515 12.348 
-0.674081 0.0991118 -0.731978 -13.6411 -0.0409715 0.984415 0.171023 10.4883 0.73752 0.145274 -0.659515 12.348 
0.152834 -0.52082 -0.839874 53.6897 -0.0906956 0.83888 -0.536708 11.4691 0.984081 0.1582 0.0809731 -16.7347 
0.160691 -0.147198 -0.975967 32.2491 -0.11537 0.979237 -0.166687 3.96143 0.980239 0.139383 0.140373 -15.5866 
0.168846 0.200704 -0.964992 28.6837 -0.140193 0.973985 0.178045 0.506105 0.975621 0.105223 0.192591 -15.7788 
0.168846 0.200704 -0.964992 28.6837 -0.140193 0.973985 0.178045 0.506106 0.975621 0.105223 0.192591 -15.7788 
0.642682 -0.757303 -0.115982 93.8025 0.565558 0.571081 -0.594987 42.9342 0.516821 0.316793 0.795323 -24.4902 
-0.0314107 0 -0.999507 0.042534 0 1 0 -1.00614 0.999507 0 -0.0314107 -0.901186 
-0.0314107 0 -0.999507 -1.42183 0 1 0 -2.36754 0.999507 0 -0.0314107 -0.720908 
-0.104534 0 -0.994521 -1.74683 0 1 0 0.0851517 0.994521 0 -0.104534 -0.630705 
-0.15572 0.488369 -0.858631 -71.4997 -0.0958455 0.857663 0.505201 22.4121 0.98314 0.160966 -0.0867472 -23.7204 
-0.15572 0.315562 -0.936041 -43.3029 -0.0958455 0.938302 0.332269 9.04044 0.98314 0.141456 -0.115867 -20.5579 
-0.595947 0.141923 -0.790383 -11.9481 -0.173381 0.938302 0.299212 8.93637 0.784083 0.315352 -0.534571 -54.0733 
0.502843 -0.188975 -0.843467 22.398 0.30635 0.951429 -0.0305294 0.83255 0.808269 -0.243045 0.536312 39.9998 
0.541129 -0.769087 -0.340125 96.0315 0.294599 0.552199 -0.779928 52.4139 0.787649 0.321841 0.525383 -32.0979 
0.618361 -0.769087 -0.161662 94.6485 0.515493 0.552199 -0.655243 47.2497 0.593208 0.321841 0.737917 -26.5423 
-0.0659014 -0.276292 -0.958812 52.1576 -0.0759951 0.959499 -0.271267 9.58504 0.994928 0.0549881 -0.0842292 -6.84065 
-0.875265 -0.466855 0.126324 57.472 -0.0235089 -0.219815 -0.975258 163.239 0.483072 -0.856579 0.181421 98.747 
-0.875265 -0.36423 0.318195 47.9191 -0.0235089 -0.625094 -0.780195 203.95 0.483072 -0.690358 0.53856 83.4197 
-0.256363 0.0484418 -0.965366 -2.4625 0.356182 0.933195 -0.0477602 1.99159 0.898562 -0.356089 -0.256491 34.956 
-0.685929 0.456129 -0.566963 -19.1314 0.290229 0.885985 0.361658 6.35902 0.667284 0.0835226 -0.740105 12.0961 
-0.727471 0.0822904 -0.681186 -13.7413 -0.0469394 0.984487 0.16906 11.1753 0.68453 0.15496 -0.712324 10.8993 
-0.727471 0.0822904 -0.681186 -13.7413 -0.0469394 0.984487 0.16906 11.1753 0.68453 0.15496 -0.712324 10.8993 
0.0767022 -0.516061 -0.853111 53.2271 -0.0836767 0.849281 -0.521267 11.4653 0.993537 0.111368 0.0219595 -11.9174 
0.084381 -0.139616 -0.986604 31.6292 -0.10852 0.982958 -0.148381 4.34157 0.990507 0.119587 0.0677918 -12.3257 
0.0930484 0.205116 -0.974305 28.0907 -0.135285 0.97208 0.191727 0.961697 0.986428 0.113968 0.118199 -12.787 
0.0930484 0.205116 -0.974305 28.0907 -0.135285 0.97208 0.191727 0.961697 0.986428 0.113968 0.118199 -12.787 
0.612718 -0.778032 -0.138718 95.7794 0.569106 0.556166 -0.605637 45.848 0.548356 0.29214 0.783557 -22.3273 
-0.106611 0 -0.994301 0.110822 0 1 0 -0.0849686 0.994301 0 -0.106611 -0.90936 
-0.106611 0 -0.994301 -1.36296 0 1 0 -1.44637 0.994301 0 -0.106611 -0.8399 
-0.182241 0 -0.983254 -1.68918 0 1 0 1.00632 0.983254 0 -0.182241 -0.781919 
-0.235753 0.473538 -0.848636 -69.3126 -0.0958455 0.857663 0.505201 23.3333 0.967075 0.200441 -0.15681 -29.5217 
-0.235753 0.30291 -0.923399 -41.4698 -0.0958455 0.938302 0.332269 9.96159 0.967075 0.166837 -0.192175 -24.0594 
-0.692886 0.0996912 -0.714122 -4.5114 -0.173381 0.938302 0.299212 9.85419 0.699891 0.331136 -0.632852 -55.9849 
0.462031 -0.204015 -0.863078 23.9922 0.302451 0.951087 -0.0629075 2.07346 0.833697 -0.231974 0.501137 37.6742 
0.503967 -0.78989 -0.349416 98.2794 0.291123 0.536219 -0.792286 55.6542 0.813182 0.297562 0.500192 -29.8834 
0.585713 -0.78989 -0.181698 96.7492 0.515894 0.536219 -0.668074 50.3911 0.625135 0.297562 0.72157 -24.461 
-0.141189 -0.274805 -0.951077 51.8887 -0.0749086 0.960912 -0.266527 10.2792 0.987145 0.0336132 -0.156255 -2.81059 
-0.935043 -0.341611 0.0948447 41.5801 -0.017305 -0.223224 -0.974613 164.678 0.354111 -0.912947 0.202813 104.408 
-0.935043 -0.265461 0.234998 34.4847 -0.017305 -0.627875 -0.778121 205.331 0.354111 -0.731644 0.582497 87.6589 
-0.326774 0.0659867 -0.942796 -4.13617 0.349726 0.935191 -0.055761 2.74738 0.878015 -0.347942 -0.328673 34.2941 
-0.737038 0.439854 -0.513131 -19.0783 0.280739 0.889886 0.359566 7.05856 0.614785 0.120958 -0.779364 10.2598 
-0.776675 0.0646043 -0.62658 -13.7036 -0.0529056 0.984521 0.167089 11.8711 0.627676 0.162924 -0.761235 9.50689 
-0.776675 0.0646043 -0.62658 -13.7036 -0.0529056 0.984521 0.167089 11.8711 0.627676 0.162924 -0.761235 9.50689 
0.000154458 -0.507101 -0.861887 52.3348 -0.0766246 0.859347 -0.505621 11.4963 0.99706 0.0661198 -0.0387237 -7.26278 
0.00757629 -0.129922 -0.991495 30.7002 -0.101627 0.98629 -0.130017 4.75927 0.994794 0.101748 -0.00573122 -9.24763 
0.0166604 0.209249 -0.97772 27.2104 -0.130347 0.969966 0.205369 1.45374 0.991328 0.124021 0.043435 -9.97565 
0.0166604 0.209249 -0.97772 27.2104 -0.130347 0.969966 0.205369 1.45374 0.991328 0.124021 0.043435 -9.97565 
0.580731 -0.798206 -0.160059 97.7959 0.573553 0.540685 -0.615383 48.8605 0.577744 0.26557 0.771806 -19.937 
-0.179489 -5.76058e-09 -0.98376 0.17794 -1.86372e-09 1 -5.51563e-09 0.529152 0.98376 8.43458e-10 -0.179489 -0.912357 
-0.179489 -5.76058e-09 -0.98376 -1.29696 -1.86372e-09 1 -5.51563e-09 -0.832245 0.98376 8.43458e-10 -0.179489 -0.951535 
-0.257138 -5.76058e-09 -0.966375 -1.62133 -2.29636e-09 1 -5.34999e-09 1.62045 0.966375 8.43458e-10 -0.257138 -0.92482 
-0.312552 0.455937 -0.833326 -66.7181 -0.0958455 0.857663 0.505201 23.9474 0.945053 0.237772 -0.224365 -35.0075 
-0.312552 0.288554 -0.905012 -39.403 -0.0958455 0.938302 0.332269 10.5757 0.945053 0.190593 -0.265612 -27.3298 
-0.763777 0.0636983 -0.64233 1.69372 -0.173381 0.938302 0.299212 10.465 0.621759 0.3399 -0.705609 -56.5899 
0.40794 -0.214281 -0.887507 25.1949 0.303923 0.948501 -0.0893107 3.21754 0.860939 -0.2333 0.452057 37.2189 
0.453846 -0.812318 -0.366284 100.95 0.292902 0.52421 -0.799632 58.0019 0.841565 0.255624 0.47584 -25.1473 
0.542984 -0.812318 -0.212857 99.1895 0.5198 0.52421 -0.674546 52.688 0.659527 0.255624 0.706881 -19.8457 
-0.21397 -0.271667 -0.938304 51.3121 -0.0738521 0.9623 -0.261773 10.6695 0.974045 0.0132841 -0.225967 1.04597 
-0.969855 -0.234804 0.0651836 28.5124 -0.0116058 -0.222682 -0.974822 165.289 0.243407 -0.946193 0.213244 107.605 
-0.969855 -0.182466 0.161518 23.6358 -0.0116058 -0.627479 -0.778547 205.955 0.243407 -0.756952 0.606446 90.1127 
-0.392566 0.0858484 -0.915709 -6.06887 0.345883 0.936325 -0.0604994 3.26854 0.852207 -0.340478 -0.397263 33.7098 
-0.781932 0.424463 -0.456523 -19.2274 0.2751 0.892152 0.358308 7.54615 0.559377 0.154583 -0.814372 8.64875 
-0.820563 0.0489283 -0.569458 -13.8666 -0.0564401 0.984523 0.165918 12.3559 0.568763 0.168287 -0.805101 8.30979 
-0.820563 0.0489283 -0.569458 -13.8666 -0.0564401 0.984523 0.165918 12.3559 0.568763 0.168287 -0.805101 8.30979 
-0.074058 -0.500852 -0.862359 51.7239 -0.0724311 0.865151 -0.496254 11.5994 0.99462 0.0257101 -0.100349 -3.10513 
-0.0667724 -0.125906 -0.989793 30.2192 -0.0975232 0.98808 -0.119109 5.09284 0.992991 0.0885745 -0.0782553 -6.65424 
-0.0574059 0.207623 -0.976523 26.7956 -0.127408 0.968615 0.213432 1.83084 0.990188 0.136669 -0.0291513 -7.63803 
