21 67 0.666667 1
0.891007 0 -0.45399 -0.69105 0 1 0 -14.8238 0.45399 0 0.891007 -0.254758 
0.891007 0 -0.45399 -1.15142 0 1 0 -16.1852 0.45399 0 0.891007 1.147 
0.878814 0 -0.477164 -1.12561 0 1 0 -13.7325 0.477164 0 0.878814 1.58275 
0.874768 0.314754 -0.368388 -46.0098 -0.0958455 0.857663 0.505201 8.59448 0.474967 -0.406626 0.780424 59.7222 
0.874768 0.238679 -0.421678 -33.6164 -0.0958455 0.938302 0.332269 -4.77721 0.474967 -0.250243 0.843673 34.1984 
0.950797 0.238679 -0.197527 -33.1671 -0.173382 0.938302 0.299212 -4.83118 0.256756 -0.250243 0.933518 34.4245 
0.860208 -0.308133 -0.40632 52.9599 0.467971 0.793559 0.388931 6.23793 0.202597 -0.524708 0.826823 83.2116 
0.860208 -0.500275 0.0988287 77.6504 0.467971 0.697442 -0.54275 18.589 0.202597 0.513127 0.83406 -50.1515 
0.790677 -0.500275 0.352924 80.195 0.60952 0.697442 -0.376908 15.5491 -0.0575865 0.513127 0.856379 -43.5387 
0.874768 -0.0840494 -0.477196 17.6397 -0.0958455 0.935366 -0.340446 -0.4496 0.474967 0.343549 0.810173 -59.3289 
0.874768 -0.483367 0.0337085 69.2431 -0.0958455 -0.240809 -0.965828 151.546 0.474967 0.841645 -0.256981 -123.697 
0.874768 -0.419671 0.242191 63.594 -0.0958455 -0.639829 -0.762517 191.663 0.474967 0.643813 -0.599926 -105.198 
0.703889 -0.301574 -0.643113 30.6869 0.447934 0.891132 0.0723875 -8.07909 0.551268 -0.339025 0.762342 32.2849 
0.311722 0.269784 -0.911069 2.90538 0.428192 0.816077 0.388161 -2.92863 0.848222 -0.511111 0.13887 36.8851 
0.309639 0.17525 -0.934565 4.11753 0.0426429 0.97932 0.197771 1.78347 0.949897 -0.10109 0.295763 30.0076 
0.309639 0.17525 -0.934565 4.11753 0.0426429 0.97932 0.197771 1.78347 0.949897 -0.10109 0.295763 30.0076 
0.931637 -0.11896 -0.343367 11.986 -0.183958 0.660493 -0.727948 14.9398 0.313388 0.741348 0.593457 -76.8485 
0.932165 0.04876 -0.358736 2.4207 -0.205281 0.887387 -0.412801 2.43584 0.298209 0.45844 0.8372 -60.4309 
0.932165 0.190456 -0.307889 0.49669 -0.205281 0.97857 -0.0161787 -2.16881 0.298209 0.0782847 0.951285 -57.5864 
0.932165 0.190456 -0.307889 0.49669 -0.205281 0.97857 -0.0161787 -2.16881 0.298209 0.0782847 0.951285 -57.5864 
0.790677 -0.500275 0.352924 80.195 0.60952 0.697442 -0.376908 15.5491 -0.0575865 0.513127 0.856379 -43.5387 
0.891007 0 -0.45399 -0.69105 0 1 0 -14.338 0.45399 0 0.891007 -0.254758 
0.891007 0 -0.45399 -1.15142 0 1 0 -15.6994 0.45399 0 0.891007 1.147 
0.878814 -2.32831e-09 -0.477164 -1.12561 -0.00749497 0.999877 -0.0138038 -13.2594 0.477105 0.0157073 0.878706 -0.407666 
0.874768 0.314754 -0.368388 -46.0098 -0.12008 0.87739 0.464508 6.02524 0.469426 -0.362101 0.805309 53.9549 
0.874768 0.238679 -0.421678 -33.6164 -0.12008 0.949902 0.28856 -6.01971 0.469426 -0.201788 0.859605 27.7789 
0.950797 0.238679 -0.197527 -33.1671 -0.193499 0.95541 0.223048 -7.06889 0.241956 -0.173852 0.954585 23.3139 
0.860208 -0.308132 -0.40632 52.9598 0.454931 0.823696 0.33847 1.8775 0.230391 -0.476003 0.848729 76.0371 
0.860208 -0.500275 0.0988286 77.6504 0.46092 0.679859 -0.570389 20.2182 0.218162 0.536206 0.815407 -53.7419 
0.790677 -0.500275 0.352924 80.195 0.611107 0.679859 -0.405389 16.9584 -0.0371328 0.536206 0.84327 -47.2347 
0.874768 -0.0840495 -0.477196 17.6397 -0.114419 0.921157 -0.371991 2.43222 0.470838 0.380006 0.796183 -63.6529 
0.874768 -0.483367 0.0337086 69.2431 -0.0933573 -0.236399 -0.967161 152.525 0.475463 0.842895 -0.25192 -123.361 
0.874768 -0.419671 0.242191 63.594 -0.0933573 -0.63645 -0.765648 192.738 0.475463 0.647154 -0.595925 -105.072 
0.703889 -0.301574 -0.643113 30.6869 0.43629 0.898036 0.0564064 -8.22852 0.560528 -0.320288 0.763691 30.3207 
0.311722 0.269784 -0.911068 2.90537 0.419956 0.82099 0.386798 -2.9788 0.85233 -0.503182 0.142624 35.6023 
0.309639 0.17525 -0.934564 4.11752 0.0334399 0.980253 0.194897 1.7997 0.950266 -0.0915995 0.297665 28.7707 
0.309639 0.17525 -0.934564 4.11752 0.0334399 0.980253 0.194897 1.7997 0.950266 -0.0915995 0.297665 28.7707 
0.931637 -0.118959 -0.343367 11.986 -0.179509 0.670907 -0.719486 14.4515 0.315957 0.731937 0.603688 -75.8457 
0.932165 0.04876 -0.358736 2.42069 -0.189392 0.910164 -0.368419 1.45725 0.308544 0.411369 0.857657 -57.1712 
0.932165 0.190456 -0.307889 0.496685 -0.193415 0.980889 0.0211811 -2.92444 0.306039 0.0398059 0.951187 -54.257 
0.932165 0.190456 -0.307889 0.496684 -0.193415 0.980889 0.0211811 -2.92444 0.306039 0.0398059 0.951187 -54.257 
0.789666 -0.507682 0.344509 80.9412 0.612704 0.681789 -0.399698 16.6473 -0.0319631 0.52671 0.849444 -46.5914 
0.891007 0 -0.45399 -0.69105 0 1 0 -13.8523 0.45399 0 0.891007 -0.254758 
0.891007 0 -0.45399 -1.15142 0 1 0 -15.2137 0.45399 0 0.891007 1.147 
0.878814 -4.65661e-09 -0.477164 -1.12561 -0.0149881 0.999507 -0.0276042 -12.7551 0.476929 0.0314108 0.878381 -2.39804 
0.874768 0.314754 -0.368389 -46.0098 -0.143999 0.894807 0.422592 3.77082 0.462649 -0.316623 0.828074 48.0403 
0.874768 0.238679 -0.421678 -33.6164 -0.143999 0.959001 0.244091 -6.9157 0.462649 -0.152801 0.873274 21.2809 
0.950797 0.238679 -0.197527 -33.167 -0.212359 0.966308 0.145435 -8.3373 0.225584 -0.0963322 0.969449 12.0159 
0.860208 -0.308133 -0.406321 52.9599 0.440242 0.850848 0.286783 -2.01691 0.25735 -0.425572 0.867559 68.592 
0.860208 -0.500275 0.0988287 77.6504 0.453352 0.661512 -0.597389 22.0009 0.233482 0.558683 0.795839 -57.3178 
0.790677 -0.500275 0.352924 80.195 0.612008 0.661512 -0.433414 18.5249 -0.0166374 0.558683 0.829214 -50.9234 
0.874768 -0.0840496 -0.477196 17.6397 -0.132815 0.905528 -0.402963 5.47952 0.465983 0.415878 0.780964 -67.874 
0.874768 -0.483367 0.0337087 69.2431 -0.0908664 -0.231983 -0.968466 153.48 0.475945 0.844121 -0.246853 -122.978 
0.874768 -0.419671 0.242192 63.594 -0.0908664 -0.633053 -0.768757 193.788 0.475945 0.650478 -0.591908 -104.899 
0.703889 -0.301574 -0.643113 30.6869 0.424456 0.904547 0.0404005 -8.33665 0.569542 -0.301411 0.764705 28.3437 
0.311722 0.269784 -0.911069 2.90538 0.41168 0.825825 0.385398 -3.00756 0.856358 -0.495206 0.146363 34.3105 
0.309639 0.17525 -0.934565 4.11753 0.0242336 0.981095 0.192005 1.83689 0.950545 -0.0821001 0.299539 27.5255 
0.309639 0.17525 -0.934565 4.11753 0.0242336 0.981095 0.192005 1.83689 0.950545 -0.0821001 0.299539 27.5255 
0.931637 -0.11896 -0.343367 11.986 -0.175024 0.681188 -0.71088 13.9775 0.318463 0.72238 0.613799 -74.8293 
0.932165 0.04876 -0.358736 2.42069 -0.172985 0.930446 -0.323028 0.634827 0.318033 0.363171 0.875764 -53.8562 
0.932165 0.190456 -0.307889 0.496685 -0.18125 0.981695 0.0585084 -3.52717 0.313396 0.00126567 0.949622 -50.8866 
0.932165 0.190456 -0.307889 0.496686 -0.18125 0.981695 0.0585084 -3.52717 0.313396 0.00126567 0.949622 -50.8866 
0.788595 -0.514988 0.336014 81.679 0.614882 0.665936 -0.422432 17.8659 -0.0062167 0.539737 0.841811 -49.65 
0.891007 0 -0.45399 -0.69105 0 1 0 -13.3666 0.45399 0 0.891007 -0.254758 
0.891007 0 -0.45399 -1.15142 0 1 0 -14.728 0.45399 0 0.891007 1.147 
0.878814 -5.58794e-09 -0.477164 -1.12561 -0.0224775 0.99889 -0.0413978 -12.2196 0.476634 0.0471065 0.877839 -4.38788 
0.874768 0.314754 -0.368389 -46.0098 -0.167539 0.909869 0.379564 1.83832 0.454655 -0.270311 0.848658 41.9951 
0.874768 0.238679 -0.421678 -33.6164 -0.167539 0.965576 0.198979 -7.46162 0.454655 -0.103413 0.884644 14.7229 
0.950797 0.238679 -0.197527 -33.167 -0.229839 0.970928 0.066876 -8.62428 0.207746 -0.018186 0.978014 0.611917 
0.860208 -0.308133 -0.40632 52.9599 0.423957 0.874916 0.234055 -5.4303 0.283376 -0.373599 0.883245 60.9057 
0.860208 -0.500275 0.0988288 77.6504 0.445275 0.642423 -0.623717 23.9379 0.24854 0.580532 0.775377 -60.872 
0.790677 -0.500275 0.352924 80.195 0.612222 0.642423 -0.460953 20.2496 0.00387678 0.580532 0.814228 -54.5977 
0.874768 -0.0840496 -0.477196 17.6397 -0.151007 0.888503 -0.433312 8.68776 0.46041 0.451108 0.764542 -71.9861 
0.874768 -0.483367 0.0337087 69.2431 -0.0883731 -0.22756 -0.969746 154.41 0.476414 0.845324 -0.241779 -122.548 
0.874768 -0.419671 0.242192 63.594 -0.0883731 -0.629638 -0.771846 194.813 0.476414 0.653783 -0.587875 -104.681 
0.703889 -0.301574 -0.643113 30.6869 0.412435 0.910661 0.0243768 -8.40328 0.578306 -0.282401 0.765383 26.3547 
0.311722 0.269784 -0.911068 2.90537 0.403366 0.830584 0.383962 -3.01476 0.860305 -0.487183 0.15009 33.01 
0.309639 0.17525 -0.934564 4.11752 0.0150251 0.981844 0.189094 1.89519 0.950735 -0.0725929 0.301384 26.2723 
0.309639 0.17525 -0.934564 4.11752 0.0150251 0.981844 0.189094 1.89519 0.950735 -0.0725929 0.301384 26.2723 
0.931637 -0.11896 -0.343367 11.986 -0.170505 0.691332 -0.702131 13.5179 0.320906 0.712677 0.623787 -73.7994 
0.932165 0.0487601 -0.358736 2.42069 -0.156103 0.948178 -0.276751 -0.0289764 0.326651 0.313977 0.891469 -50.4937 
0.932165 0.190456 -0.307889 0.496683 -0.168807 0.980988 0.0957454 -3.97539 0.32027 -0.0372767 0.946592 -47.4825 
0.932165 0.190456 -0.307889 0.496683 -0.168807 0.980988 0.0957454 -3.97539 0.32027 -0.0372767 0.946592 -47.4825 
0.787463 -0.522192 0.32744 82.4081 0.61605 0.649909 -0.445086 19.206 0.0196143 0.552208 0.833475 -52.7088 
0.891007 0 -0.45399 -0.69105 0 1 0 -12.8808 0.45399 0 0.891007 -0.254758 
0.891007 0 -0.45399 -1.15142 0 1 0 -14.2422 0.45399 0 0.891007 1.147 
0.878814 -5.58794e-09 -0.477164 -1.12561 -0.0299614 0.998027 -0.0551812 -11.6528 0.476222 0.0627905 0.87708 -6.37669 
0.874768 0.314754 -0.368389 -46.0098 -0.190638 0.922536 0.335537 0.233887 0.445463 -0.223288 0.867009 35.8364 
0.874768 0.238679 -0.421678 -33.6164 -0.190638 0.96961 0.153344 -7.65503 0.445463 -0.0537523 0.893685 8.12307 
0.950797 0.238679 -0.197527 -33.167 -0.245826 0.969238 -0.0121172 -7.92438 0.188558 0.0600782 0.980223 -10.8161 
0.860208 -0.308133 -0.406321 52.9599 0.406136 0.895813 0.18048 -8.34947 0.308376 -0.320272 0.895729 53.0083 
0.860208 -0.500275 0.0988286 77.6504 0.436698 0.622612 -0.649345 26.0295 0.263319 0.60173 0.754045 -64.3974 
0.790677 -0.500275 0.352924 80.195 0.611748 0.622612 -0.487974 22.1332 0.0243865 0.60173 0.798327 -58.2502 
0.874768 -0.0840496 -0.477196 17.6397 -0.168967 0.870107 -0.462994 12.0523 0.454126 0.485643 0.746941 -75.9834 
0.874768 -0.483367 0.0337087 69.2431 -0.0858773 -0.22313 -0.970999 155.313 0.47687 0.846504 -0.236698 -122.074 
0.874768 -0.419671 0.242192 63.594 -0.0858773 -0.626206 -0.774914 195.809 0.47687 0.657071 -0.583826 -104.419 
0.703889 -0.301574 -0.643113 30.6869 0.400234 0.916375 0.00834253 -8.42813 0.586816 -0.263268 0.765726 24.3546 
0.311722 0.269784 -0.911068 2.90537 0.395013 0.835264 0.382491 -3.00022 0.864172 -0.479115 0.153802 31.7012 
0.309639 0.17525 -0.934564 4.11752 0.00581514 0.982501 0.186166 1.97476 0.950836 -0.063079 0.303202 25.0114 
0.309639 0.17525 -0.934564 4.11752 0.00581514 0.982501 0.186166 1.97476 0.950836 -0.063079 0.303202 25.0114 
0.931637 -0.11896 -0.343367 11.986 -0.165951 0.701337 -0.693243 13.073 0.323284 0.702833 0.63365 -72.7563 
0.932165 0.04876 -0.358736 2.4207 -0.138793 0.96331 -0.229716 -0.532124 0.334373 0.263923 0.904732 -47.0921 
0.932165 0.190456 -0.307889 0.496688 -0.156103 0.978768 0.132834 -4.26789 0.326651 -0.075761 0.942104 -44.0527 
0.932165 0.190456 -0.307889 0.496689 -0.156103 0.978768 0.132834 -4.26789 0.326651 -0.075761 0.942104 -44.0526 
0.786271 -0.529293 0.318789 83.1286 0.616204 0.633727 -0.467635 20.6688 0.045491 0.564127 0.824434 -55.7621 
0.891007 0 -0.45399 -0.69105 0 1 0 -12.3951 0.45399 0 0.891007 -0.254758 
0.891007 0 -0.45399 -1.15142 0 1 0 -13.7565 0.45399 0 0.891007 1.147 
0.878814 -1.11759e-08 -0.477164 -1.12561 -0.0374379 0.996917 -0.068951 -11.0547 0.475693 0.0784591 0.876105 -8.36398 
0.874768 0.314754 -0.368389 -46.0098 -0.213235 0.932774 0.290626 -1.03717 0.435099 -0.175677 0.883078 29.5816 
0.874768 0.238679 -0.421678 -33.6164 -0.213235 0.97109 0.107304 -7.49428 0.435099 -0.0039501 0.900374 1.50009 
0.950797 0.238679 -0.197527 -33.167 -0.260215 0.96125 -0.0910317 -6.2388 0.168145 0.137952 0.976062 -22.1861 
0.860208 -0.308133 -0.406321 52.9599 0.386843 0.913462 0.12625 -10.763 0.332257 -0.265783 0.904967 44.9308 
0.860208 -0.500275 0.0988287 77.6504 0.42763 0.602102 -0.674244 28.2761 0.277803 0.622253 0.731866 -67.8865 
0.790677 -0.500275 0.352924 80.195 0.610587 0.602102 -0.514447 24.176 0.0448688 0.622253 0.78153 -61.8733 
0.874768 -0.0840497 -0.477196 17.6397 -0.186665 0.85037 -0.491962 15.5683 0.447142 0.519429 0.728188 -79.8603 
0.874768 -0.483367 0.0337087 69.2431 -0.0833793 -0.218695 -0.972224 156.187 0.477313 0.847661 -0.23161 -121.557 
0.874768 -0.419671 0.242192 63.594 -0.0833793 -0.622757 -0.77796 196.775 0.477313 0.660341 -0.57976 -104.114 
0.703889 -0.301574 -0.643113 30.6869 0.387857 0.921688 -0.00769544 -8.41097 0.59507 -0.244019 0.765733 22.3442 
0.311722 0.269784 -0.911068 2.90536 0.386624 0.839865 0.380983 -2.96378 0.867958 -0.471002 0.1575 30.3846 
0.309639 0.17525 -0.934564 4.11751 -0.00339537 0.983066 0.18322 2.07576 0.950848 -0.0535591 0.304991 23.7432 
0.309639 0.17525 -0.934564 4.11751 -0.00339537 0.983066 0.18322 2.07576 0.950848 -0.0535591 0.304991 23.7432 
0.931637 -0.11896 -0.343367 11.986 -0.161364 0.711203 -0.684216 12.6429 0.325598 0.692848 0.643387 -71.7001 
0.932165 0.0487601 -0.358736 2.42069 -0.121104 0.975803 -0.182051 -0.873028 0.341178 0.213146 0.915514 -43.6594 
0.932165 0.190456 -0.307889 0.496685 -0.143158 0.975039 0.169719 -4.40383 0.332527 -0.114129 0.936162 -40.6045 
0.932165 0.190456 -0.307889 0.496686 -0.143158 0.975039 0.169719 -4.40383 0.332527 -0.114129 0.936162 -40.6045 
0.78502 -0.53629 0.310061 83.8404 0.615345 0.617413 -0.490053 22.255 0.0713746 0.575495 0.814684 -58.8043 
0.891007 0 -0.45399 -0.69105 0 1 0 -11.9094 0.45399 0 0.891007 -0.254758 
0.891007 0 -0.45399 -1.15142 0 1 0 -13.2708 0.45399 0 0.891007 1.147 
0.878814 -1.49012e-08 -0.477164 -1.12561 -0.0449051 0.995562 -0.0827038 -10.4255 0.475046 0.0941084 0.874914 -10.3493 
0.874768 0.314754 -0.368389 -46.0097 -0.23527 0.940557 0.24495 -1.97052 0.423589 -0.127604 0.896822 23.2482 
0.874768 0.238679 -0.421678 -33.6164 -0.23527 0.970015 0.0609828 -6.97884 0.423589 0.0458626 0.904692 -5.12752 
0.950797 0.238679 -0.197527 -33.167 -0.272913 0.947015 -0.169355 -3.57558 0.146639 0.21493 0.965558 -33.4163 
0.860208 -0.308133 -0.406321 52.9599 0.366148 0.927801 0.0715623 -12.6615 0.354934 -0.210332 0.910924 36.7046 
0.860208 -0.500275 0.0988288 77.6504 0.418083 0.580916 -0.698386 30.6772 0.291974 0.642076 0.708865 -71.332 
0.790676 -0.500275 0.352924 80.1951 0.608742 0.580916 -0.540343 26.3779 0.0653009 0.642076 0.763855 -65.4595 
0.874768 -0.0840497 -0.477196 17.6397 -0.204076 0.829322 -0.520171 19.2308 0.439469 0.552414 0.708312 -83.6111 
0.874768 -0.483367 0.0337089 69.2431 -0.0808789 -0.214254 -0.973424 157.031 0.477744 0.848794 -0.226517 -120.999 
0.874768 -0.419671 0.242192 63.594 -0.0808789 -0.619291 -0.780985 197.709 0.477744 0.663593 -0.575679 -103.768 
0.703889 -0.301574 -0.643113 30.6869 0.375309 0.926596 -0.0237301 -8.35161 0.603062 -0.224663 0.765404 20.3244 
0.311722 0.269784 -0.911068 2.90536 0.378199 0.844388 0.37944 -2.90532 0.871662 -0.462845 0.161183 29.0605 
0.309639 0.17525 -0.934564 4.11752 -0.0126055 0.983539 0.180257 2.19832 0.95077 -0.0440342 0.306751 22.4683 
0.309639 0.17525 -0.934564 4.11752 -0.0126055 0.983539 0.180257 2.19832 0.95077 -0.0440342 0.306751 22.4683 
0.931637 -0.118959 -0.343367 11.986 -0.156745 0.720927 -0.675052 12.2279 0.327847 0.682725 0.652996 -70.6311 
0.932165 0.0487601 -0.358736 2.42069 -0.103082 0.985621 -0.133887 -1.05048 0.347049 0.161784 0.923787 -40.2039 
0.932165 0.190456 -0.307889 0.49668 -0.129993 0.969807 0.206341 -4.38273 0.337891 -0.152321 0.928778 -37.1458 
0.932165 0.190456 -0.307889 0.496681 -0.129993 0.969807 0.206341 -4.38273 0.337891 -0.152321 0.928778 -37.1458 
0.783708 -0.543181 0.301258 84.5434 0.613473 0.600987 -0.512314 23.965 0.0972267 0.586318 0.804225 -61.8293 
0.891007 0 -0.45399 -0.69105 0 1 0 -11.4236 0.45399 0 0.891007 -0.254758 
0.891007 0 -0.45399 -1.15142 0 1 0 -12.785 0.45399 0 0.891007 1.147 
0.878814 -1.86265e-08 -0.477164 -1.12561 -0.0523613 0.993961 -0.0964361 -9.76508 0.474282 0.109734 0.873507 -12.332 
0.874768 0.314754 -0.368389 -46.0097 -0.256687 0.945864 0.198629 -2.56264 0.410965 -0.0791942 0.908205 16.8541 
0.874768 0.238679 -0.421678 -33.6164 -0.256687 0.966386 0.0145007 -6.10896 0.410965 0.0955544 0.90663 -11.7412 
0.950797 0.238679 -0.197527 -33.167 -0.283837 0.926626 -0.246577 0.0506439 0.124181 0.29051 0.94878 -44.4257 
0.860208 -0.308133 -0.406321 52.9599 0.344125 0.938777 0.0166155 -14.0374 0.376325 -0.154118 0.913579 28.3616 
0.860208 -0.500275 0.0988289 77.6504 0.408066 0.559077 -0.721744 33.2321 0.305818 0.661179 0.685068 -74.7264 
0.790676 -0.500275 0.352924 80.1951 0.606212 0.559077 -0.565632 28.7384 0.0856596 0.661179 0.745322 -69.0013 
0.874768 -0.0840498 -0.477196 17.6397 -0.221172 0.806995 -0.547578 23.0343 0.431118 0.584547 0.687344 -87.2307 
0.874768 -0.483367 0.0337089 69.2431 -0.0783763 -0.209807 -0.974597 157.842 0.47816 0.849904 -0.221417 -120.4 
0.874768 -0.419671 0.242192 63.594 -0.0783763 -0.615808 -0.783988 198.61 0.47816 0.666826 -0.571582 -103.383 
0.703889 -0.301574 -0.643113 30.6869 0.362597 0.931098 -0.0397542 -8.24985 0.610789 -0.205208 0.764739 18.2961 
0.311722 0.269784 -0.911068 2.90537 0.369738 0.848832 0.37786 -2.82471 0.875285 -0.454644 0.164851 27.7293 
0.309639 0.17525 -0.934564 4.11752 -0.0218145 0.983919 0.177278 2.34255 0.950604 -0.0345052 0.308483 21.1869 
0.309639 0.17525 -0.934564 4.11752 -0.0218145 0.983919 0.177278 2.34255 0.950604 -0.0345052 0.308483 21.1869 
0.931637 -0.11896 -0.343367 11.986 -0.152095 0.730506 -0.665754 11.8281 0.33003 0.672465 0.662473 -69.5495 
0.932165 0.04876 -0.358736 2.42069 -0.0847773 0.992737 -0.0853567 -1.06376 0.351968 0.109979 0.929528 -36.7341 
0.932165 0.190456 -0.307889 0.496686 -0.116627 0.963079 0.242646 -4.20456 0.342734 -0.190278 0.919961 -33.6844 
0.932165 0.190456 -0.307889 0.496686 -0.116627 0.963079 0.242646 -4.20456 0.342734 -0.190278 0.919961 -33.6844 
0.782337 -0.549965 0.292382 85.2373 0.610588 0.584471 -0.534392 25.7991 0.123008 0.5966 0.793056 -64.8313 
0.891007 0 -0.45399 -0.69105 0 1 0 -10.9379 0.45399 0 0.891007 -0.254758 
0.891007 0 -0.45399 -1.15142 0 1 0 -12.2993 0.45399 0 0.891007 1.147 
0.878814 -1.49012e-08 -0.477164 -1.12561 -0.0598045 0.992115 -0.110145 -9.07355 0.473401 0.125333 0.871885 -14.3118 
0.874768 0.314754 -0.368389 -46.0097 -0.277427 0.948681 0.151786 -2.81105 0.397258 -0.0305765 0.917197 10.4172 
0.874768 0.238679 -0.421678 -33.6163 -0.277427 0.960213 -0.0320196 -4.88603 0.397258 0.144995 0.90618 -18.3223 
0.950797 0.238679 -0.197527 -33.167 -0.292917 0.900216 -0.322197 4.61868 0.100915 0.364203 0.925836 -55.135 
0.860208 -0.308133 -0.406321 52.9599 0.320855 0.94635 -0.0383916 -14.8851 0.396351 -0.0973453 0.912924 19.9342 
0.860208 -0.500275 0.0988287 77.6504 0.397591 0.536611 -0.744291 35.9398 0.319318 0.679539 0.660502 -78.0623 
0.790676 -0.500275 0.352924 80.1951 0.603002 0.536611 -0.590285 31.2568 0.105922 0.679539 0.725953 -72.491 
0.874768 -0.0840499 -0.477196 17.6397 -0.237927 0.783423 -0.574141 26.9737 0.422103 0.615779 0.665316 -90.7139 
0.874768 -0.483367 0.0337089 69.2431 -0.0758715 -0.205354 -0.975742 158.619 0.478564 0.850991 -0.216311 -119.763 
0.874768 -0.419671 0.242192 63.594 -0.0758715 -0.612308 -0.78697 199.476 0.478564 0.670041 -0.567469 -102.96 
0.703889 -0.301574 -0.643113 30.6869 0.349727 0.935191 -0.055761 -8.10555 0.618249 -0.185664 0.763739 16.2603 
0.311722 0.269784 -0.911069 2.90537 0.361242 0.853196 0.376246 -2.7218 0.878825 -0.4464 0.168503 26.3915 
0.309639 0.17525 -0.934565 4.11752 -0.0310214 0.984207 0.174281 2.50859 0.950348 -0.0249729 0.310186 19.8994 
0.309639 0.17525 -0.934565 4.11752 -0.0310214 0.984207 0.174281 2.50859 0.950348 -0.0249729 0.310186 19.8994 
0.931637 -0.11896 -0.343367 11.986 -0.147414 0.739939 -0.656322 11.4436 0.332147 0.662071 0.671819 -68.4554 
0.932165 0.0487601 -0.358736 2.42069 -0.0662405 0.997133 -0.0365918 -0.912567 0.355923 0.0578724 0.932722 -33.2582 
0.932165 0.190456 -0.307889 0.496683 -0.103082 0.954866 0.278576 -3.86963 0.347049 -0.227941 0.909725 -30.2278 
0.932165 0.190456 -0.307889 0.496682 -0.103082 0.954866 0.278576 -3.86963 0.347049 -0.227941 0.909725 -30.2278 
0.780906 -0.556642 0.283434 85.9222 0.606695 0.567885 -0.556262 27.7569 0.148681 0.606346 0.781177 -67.8044 
0.891007 0 -0.45399 -0.69105 0 1 0 -10.4521 0.45399 0 0.891007 -0.254758 
0.891007 0 -0.45399 -1.15142 0 1 0 -11.8135 0.45399 0 0.891007 1.147 
0.878814 -2.6077e-08 -0.477164 -1.12561 -0.067233 0.990024 -0.123826 -8.35094 0.472404 0.140901 0.870047 -16.2882 
0.874768 0.314754 -0.368389 -46.0097 -0.297437 0.949 0.104543 -2.71407 0.382506 0.0181217 0.923775 3.95557 
0.874768 0.238679 -0.421678 -33.6164 -0.297437 0.951512 -0.0784556 -3.31229 0.382506 0.194053 0.903345 -24.8525 
0.950797 0.238679 -0.197527 -33.167 -0.300094 0.867955 -0.395723 10.1008 0.0769936 0.435529 0.896876 -65.4667 
0.860208 -0.308133 -0.406321 52.9599 0.296422 0.950493 -0.0932594 -15.2012 0.414941 -0.0402201 0.908959 11.4551 
0.860208 -0.500275 0.0988288 77.6504 0.386669 0.513543 -0.766003 38.7988 0.332459 0.697136 0.635195 -81.3323 
0.790676 -0.500275 0.352924 80.1951 0.599115 0.513543 -0.614276 33.9318 0.126066 0.697136 0.705768 -75.921 
0.874768 -0.0840498 -0.477196 17.6397 -0.254315 0.758644 -0.599819 31.0432 0.412436 0.646061 0.642263 -94.056 
0.874768 -0.483367 0.0337089 69.2431 -0.0733647 -0.200895 -0.976862 159.361 0.478955 0.852055 -0.211199 -119.089 
0.874768 -0.419671 0.242192 63.594 -0.0733647 -0.608791 -0.789931 200.305 0.478955 0.673238 -0.56334 -102.5 
0.703889 -0.301574 -0.643113 30.6869 0.336702 0.938874 -0.0717433 -7.91851 0.625438 -0.166038 0.762403 14.2177 
0.311722 0.269784 -0.911068 2.90536 0.352712 0.85748 0.374596 -2.59646 0.882283 -0.438115 0.17214 25.0475 
0.30964 0.17525 -0.934564 4.11751 -0.0402254 0.984403 0.171268 2.69657 0.950003 -0.0154383 0.311859 18.6064 
0.30964 0.17525 -0.934564 4.11751 -0.0402254 0.984403 0.171268 2.69657 0.950003 -0.0154383 0.311859 18.6064 
0.931637 -0.118959 -0.343367 11.986 -0.142704 0.749225 -0.646759 11.0747 0.334198 0.651545 0.68103 -67.3491 
0.932165 0.0487601 -0.358736 2.42069 -0.0475222 0.998795 0.0122732 -0.596989 0.358902 0.00560734 0.933358 -29.7846 
0.932165 0.190456 -0.307889 0.496679 -0.0893772 0.945181 0.314077 -3.37864 0.350828 -0.265253 0.898087 -26.7837 
0.932165 0.190456 -0.307889 0.496681 -0.0893772 0.945181 0.314077 -3.37865 0.350828 -0.265253 0.898087 -26.7837 
0.779417 -0.56321 0.274416 86.598 0.601799 0.551248 -0.577896 29.8379 0.174206 0.615565 0.768591 -70.7426 
0.891007 0 -0.45399 -0.69105 0 1 0 -9.96642 0.45399 0 0.891007 -0.254758 
0.891007 0 -0.45399 -1.15142 0 1 0 -11.3278 0.45399 0 0.891007 1.147 
0.878814 -2.23517e-08 -0.477164 -1.12561 -0.0746449 0.987688 -0.137477 -7.59734 0.471289 0.156434 0.867995 -18.2605 
0.874768 0.314754 -0.368389 -46.0097 -0.316665 0.946822 0.0570248 -2.2711 0.366747 0.0667723 0.927921 -2.51267 
0.874768 0.238679 -0.421678 -33.6163 -0.316665 0.940307 -0.124685 -1.39098 0.366747 0.242601 0.898132 -31.3135 
0.950797 0.238679 -0.197527 -33.167 -0.305321 0.830055 -0.466678 16.4631 0.0525717 0.504025 0.862087 -75.3459 
0.860208 -0.308133 -0.406321 52.9599 0.270915 0.95119 -0.147789 -14.9839 0.432027 0.0170512 0.901699 2.95687 
0.860208 -0.500275 0.0988288 77.6504 0.375313 0.489897 -0.786855 41.8072 0.345228 0.71395 0.609174 -84.529 
0.790676 -0.500275 0.352924 80.1951 0.594554 0.489897 -0.637578 36.7617 0.146068 0.71395 0.684791 -79.2838 
0.874768 -0.08405 -0.477196 17.6397 -0.270311 0.732695 -0.624572 35.2371 0.402134 0.675347 0.618219 -97.2523 
0.874768 -0.483367 0.033709 69.2431 -0.0708558 -0.196431 -0.977954 160.066 0.479333 0.853095 -0.206081 -118.38 
0.874768 -0.419671 0.242192 63.594 -0.0708558 -0.605258 -0.792869 201.097 0.479333 0.676416 -0.559197 -102.006 
0.703889 -0.301574 -0.643113 30.6869 0.32353 0.942145 -0.0876941 -7.68864 0.632352 -0.146339 0.760734 12.1693 
0.311722 0.269784 -0.911068 2.90537 0.34415 0.861684 0.372911 -2.44862 0.885658 -0.429789 0.17576 23.6977 
0.30964 0.17525 -0.934564 4.11752 -0.0494256 0.984506 0.16824 2.90654 0.949568 -0.00590215 0.313504 17.3081 
0.30964 0.17525 -0.934564 4.11752 -0.0494256 0.984506 0.16824 2.90654 0.949568 -0.00590215 0.313504 17.3081 
0.931637 -0.118959 -0.343367 11.986 -0.137966 0.758361 -0.637067 10.7215 0.336182 0.640888 0.690105 -66.2309 
0.932165 0.0487601 -0.358736 2.42069 -0.0286736 0.997719 0.0611046 -0.117622 0.360897 -0.0466733 0.931437 -26.3217 
0.932165 0.190456 -0.307889 0.496685 -0.0755348 0.934039 0.349094 -2.73274 0.354067 -0.302157 0.885064 -23.3599 
0.932165 0.190456 -0.307889 0.496685 -0.0755348 0.934039 0.349094 -2.73274 0.354067 -0.302157 0.885064 -23.3599 
0.777868 -0.569669 0.265328 87.2645 0.595905 0.534579 -0.599268 32.0414 0.199545 0.624262 0.755301 -73.64 
0.891007 0 -0.45399 -0.69105 0 1 0 -9.48068 0.45399 0 0.891007 -0.254758 
0.891007 0 -0.45399 -1.15142 0 1 0 -10.8421 0.45399 0 0.891007 1.147 
0.878814 -1.49012e-08 -0.477164 -1.12561 -0.0820384 0.985109 -0.151094 -6.81277 0.470059 0.171929 0.865728 -20.2284 
0.874769 0.314754 -0.368389 -46.0097 -0.335058 0.942151 0.00935648 -1.48241 0.350023 0.115247 0.929625 -8.96937 
0.874769 0.238679 -0.421678 -33.6163 -0.335058 0.926626 -0.170586 0.873779 0.350023 0.29051 0.890555 -37.6872 
0.950797 0.238679 -0.197527 -33.167 -0.308563 0.78676 -0.5346 23.6656 0.0278083 0.569246 0.821697 -84.7006 
0.860208 -0.308133 -0.406321 52.9599 0.244426 0.94844 -0.201783 -14.2337 0.447547 0.0742604 0.891172 -5.52764 
0.860208 -0.500275 0.0988287 77.6505 0.363536 0.465702 -0.806822 44.9628 0.357608 0.729963 0.582469 -87.6449 
0.790676 -0.500275 0.352924 80.1951 0.589327 0.465702 -0.660163 39.7444 0.165905 0.729963 0.663046 -82.5717 
0.874768 -0.08405 -0.477196 17.6398 -0.285891 0.705616 -0.648361 39.5496 0.391212 0.703592 0.593222 -100.298 
0.874768 -0.483367 0.0337091 69.2431 -0.068345 -0.191962 -0.97902 160.733 0.479697 0.854112 -0.200958 -117.639 
0.874768 -0.419671 0.242192 63.594 -0.068345 -0.601708 -0.795786 201.849 0.479697 0.679576 -0.555037 -101.479 
0.703889 -0.301574 -0.643113 30.6869 0.310216 0.945004 -0.103606 -7.41582 0.638989 -0.126577 0.75873 10.1161 
0.311722 0.269784 -0.911068 2.90537 0.335555 0.865806 0.371191 -2.27814 0.88895 -0.421422 0.179364 22.3425 
0.309639 0.17525 -0.934564 4.11752 -0.0586212 0.984517 0.165195 3.13866 0.949045 0.00363442 0.315119 16.0051 
0.309639 0.17525 -0.934564 4.11752 -0.0586212 0.984517 0.165195 3.13866 0.949045 0.00363442 0.315119 16.0051 
0.931637 -0.118959 -0.343367 11.986 -0.133199 0.767345 -0.627248 10.3842 0.338098 0.630103 0.699042 -65.1009 
0.932165 0.04876 -0.358736 2.42069 -0.00974647 0.993909 0.109768 0.524551 0.361903 -0.0988256 0.926962 -22.8778 
0.932165 0.190456 -0.307889 0.496687 -0.061576 0.921456 0.383572 -1.93339 0.356759 -0.338593 0.870676 -19.9637 
0.932165 0.190456 -0.307889 0.496686 -0.061576 0.921456 0.383572 -1.93339 0.356759 -0.338593 0.870676 -19.9637 
0.776261 -0.576016 0.256173 87.9217 0.589022 0.517898 -0.620351 34.3661 0.224661 0.632445 0.74131 -76.4905 
0.891007 0 -0.45399 -0.69105 0 1 0 -8.99495 0.45399 0 0.891007 -0.254758 
0.891007 0 -0.45399 -1.15142 0 1 0 -10.3563 0.45399 0 0.891007 1.147 
0.878814 -2.23517e-08 -0.477164 -1.12561 -0.0894116 0.982287 -0.164673 -5.99734 0.468712 0.187381 0.863248 -22.1914 
0.874769 0.314754 -0.368389 -46.0097 -0.35257 0.935 -0.0383365 -0.349167 0.332377 0.163418 0.928881 -15.3965 
0.874769 0.238679 -0.421678 -33.6163 -0.35257 0.910506 -0.216039 3.47684 0.332377 0.337655 0.880633 -43.9557 
0.950797 0.238679 -0.197527 -33.167 -0.3098 0.738353 -0.599048 31.6626 0.00286427 0.630767 0.775967 -93.4625 
0.860208 -0.308133 -0.406321 52.9599 0.217051 0.942253 -0.255046 -12.953 0.461445 0.131201 0.877414 -13.9658 
0.860208 -0.500275 0.0988289 77.6505 0.351351 0.440984 -0.825885 48.2631 0.369588 0.745156 0.55511 -90.6729 
0.790676 -0.500275 0.352924 80.1951 0.583438 0.440984 -0.682007 42.8776 0.185557 0.745156 0.640555 -85.7774 
0.874768 -0.0840501 -0.477196 17.6398 -0.301029 0.677449 -0.671151 43.9745 0.379686 0.730752 0.56731 -103.19 
0.874768 -0.483368 0.0337093 69.2432 -0.0658324 -0.187487 -0.980059 161.361 0.480048 0.855105 -0.195829 -116.866 
0.874768 -0.419671 0.242192 63.594 -0.0658324 -0.598142 -0.798682 202.561 0.480048 0.682717 -0.550864 -100.922 
0.703889 -0.301574 -0.643113 30.6869 0.296766 0.947447 -0.119473 -7.09996 0.645345 -0.106758 0.756394 8.05878 
0.311722 0.269784 -0.911068 2.90536 0.326928 0.869848 0.369436 -2.08495 0.892159 -0.413016 0.182951 20.9823 
0.309639 0.17525 -0.934565 4.11751 -0.0678113 0.984436 0.162135 3.39299 0.948433 0.0131706 0.316704 14.6977 
0.309639 0.17525 -0.934565 4.11751 -0.0678113 0.984436 0.162135 3.39299 0.948433 0.0131706 0.316704 14.6977 
0.931637 -0.118959 -0.343367 11.986 -0.128406 0.776176 -0.617303 10.063 0.339947 0.619193 0.707839 -63.9594 
0.932165 0.0487601 -0.358736 2.42069 0.00920742 0.987375 0.158131 1.32813 0.361917 -0.150708 0.919947 -19.4611 
0.932165 0.190456 -0.307889 0.496683 -0.0475223 0.907452 0.417459 -0.982443 0.358902 -0.374509 0.854946 -16.6027 
0.932165 0.190456 -0.307889 0.496684 -0.0475223 0.907452 0.417459 -0.982443 0.358902 -0.374509 0.854946 -16.6027 
0.774595 -0.582252 0.246951 88.5695 0.581158 0.501221 -0.641119 36.8108 0.249516 0.640125 0.726623 -79.2884 
0.891007 0 -0.45399 -0.69105 0 1 0 -8.50921 0.45399 0 0.891007 -0.254758 
0.891007 0 -0.45399 -1.15142 0 1 0 -9.87061 0.45399 0 0.891007 1.147 
0.878814 -2.23517e-08 -0.477164 -1.12561 -0.0967628 0.979223 -0.178212 -5.15109 0.46725 0.202787 0.860555 -24.1489 
0.874768 0.314754 -0.368389 -46.0097 -0.369154 0.925387 -0.0859286 1.12646 0.313856 0.21116 0.925692 -21.7761 
0.874768 0.238679 -0.421678 -33.6163 -0.369154 0.891989 -0.260922 6.41226 0.313856 0.38391 0.868393 -50.1014 
0.950797 0.238679 -0.197527 -33.167 -0.309024 0.685147 -0.659604 40.4029 -0.0220986 0.68819 0.725194 -101.567 
0.860208 -0.308133 -0.406321 52.9599 0.188889 0.93265 -0.307385 -11.1461 0.47367 0.187665 0.860475 -22.3253 
0.860208 -0.500275 0.0988289 77.6505 0.338771 0.415771 -0.844019 51.705 0.381152 0.759512 0.527128 -93.6057 
0.790676 -0.500275 0.352924 80.1951 0.576893 0.415771 -0.703085 46.1585 0.205001 0.759512 0.617345 -88.8933 
0.874768 -0.0840501 -0.477196 17.6398 -0.315703 0.648238 -0.692906 48.5058 0.367575 0.756785 0.540523 -105.924 
0.874768 -0.483367 0.0337091 69.2431 -0.0633181 -0.183007 -0.98107 161.949 0.480387 0.856075 -0.190695 -116.063 
0.874768 -0.419671 0.242192 63.594 -0.0633181 -0.594559 -0.801555 203.231 0.480387 0.68584 -0.546674 -100.335 
0.703889 -0.301574 -0.643113 30.6869 0.283186 0.949475 -0.135288 -6.74097 0.651419 -0.0868929 0.753726 5.99839 
0.311722 0.269784 -0.911068 2.90536 0.318271 0.873807 0.367647 -1.86894 0.895284 -0.40457 0.186521 19.6175 
0.309639 0.17525 -0.934565 4.11751 -0.0769951 0.984262 0.15906 3.66962 0.947731 0.0227057 0.31826 13.3863 
0.309639 0.17525 -0.934565 4.11751 -0.0769951 0.984262 0.15906 3.66962 0.947731 0.0227057 0.31826 13.3863 
0.931637 -0.118959 -0.343367 11.986 -0.123588 0.784852 -0.607234 9.75797 0.341729 0.608158 0.716495 -62.8066 
0.932165 0.0487601 -0.358736 2.42069 0.0281361 0.978135 0.206061 2.29127 0.360939 -0.202176 0.910411 -16.0797 
0.932165 0.190456 -0.307889 0.496684 -0.0333952 0.892049 0.450702 0.11787 0.360491 -0.409847 0.837898 -13.2842 
0.932165 0.190456 -0.307889 0.496684 -0.0333952 0.892049 0.450702 0.11787 0.360491 -0.409847 0.837898 -13.2842 
0.772871 -0.588375 0.237665 89.2077 0.572323 0.484565 -0.661545 39.3735 0.274072 0.647311 0.711248 -82.0278 
0.891007 0 -0.45399 -0.69105 0 1 0 -8.02348 0.45399 0 0.891007 -0.254758 
0.891007 0 -0.45399 -1.15142 0 1 0 -9.38487 0.45399 0 0.891007 1.147 
0.878814 -2.98023e-08 -0.477164 -1.12561 -0.10409 0.975917 -0.191707 -4.27417 0.465672 0.218143 0.85765 -26.1006 
0.874769 0.314753 -0.368389 -46.0097 -0.384765 0.913339 -0.133294 2.94141 0.294509 0.258345 0.920067 -28.0902 
0.874769 0.238679 -0.421678 -33.6163 -0.384765 0.871125 -0.305119 9.67303 0.294509 0.429155 0.853868 -56.1071 
0.950797 0.238679 -0.197527 -33.167 -0.30624 0.627489 -0.715873 49.8302 -0.0469176 0.74114 0.669708 -108.954 
0.860208 -0.308133 -0.406321 52.9599 0.160042 0.919666 -0.358609 -8.81934 0.484179 0.24345 0.840418 -30.574 
0.860208 -0.500275 0.0988289 77.6505 0.325811 0.390091 -0.861206 55.2851 0.392288 0.773016 0.498554 -96.4362 
0.790676 -0.500275 0.352924 80.1951 0.569701 0.390091 -0.723374 49.5838 0.224214 0.773016 0.593443 -91.9123 
0.874768 -0.0840501 -0.477196 17.6398 -0.329891 0.618027 -0.713593 53.137 0.354897 0.781651 0.512903 -108.496 
0.874768 -0.483367 0.0337091 69.2431 -0.0608018 -0.178522 -0.982055 162.495 0.480712 0.857021 -0.185555 -115.234 
0.874768 -0.419671 0.242192 63.594 -0.0608018 -0.590959 -0.804406 203.859 0.480712 0.688944 -0.542469 -99.7221 
0.703889 -0.301574 -0.643113 30.6869 0.269482 0.951087 -0.151043 -6.3388 0.657206 -0.0669895 0.750728 3.93579 
0.311723 0.269784 -0.911068 2.90537 0.309584 0.877685 0.365823 -1.63006 0.898324 -0.396087 0.190074 18.2487 
0.30964 0.17525 -0.934564 4.11752 -0.0861715 0.983996 0.155969 3.9686 0.946941 0.0322387 0.319786 12.0713 
0.30964 0.17525 -0.934564 4.11752 -0.0861715 0.983996 0.155969 3.9686 0.946941 0.0322387 0.319786 12.0713 
0.931637 -0.118959 -0.343367 11.986 -0.118745 0.793371 -0.597045 9.46932 0.343442 0.597002 0.725008 -61.6428 
0.932165 0.0487601 -0.358736 2.42069 0.0469876 0.966213 0.253426 3.41167 0.358972 -0.253091 0.898379 -12.7417 
0.932165 0.190456 -0.307889 0.496679 -0.0192167 0.875271 0.48325 1.36493 0.361524 -0.444552 0.819557 -10.0155 
0.932165 0.190456 -0.307889 0.496679 -0.0192167 0.875271 0.48325 1.36493 0.361524 -0.444552 0.819557 -10.0155 
0.77109 -0.594384 0.228316 89.8363 0.562531 0.467949 -0.681603 42.0521 0.298294 0.654012 0.69519 -84.7029 
0.891007 0 -0.45399 -0.69105 0 1 0 -7.53774 0.45399 0 0.891007 -0.254758 
0.891007 0 -0.45399 -1.15142 0 1 0 -8.89914 0.45399 0 0.891007 1.147 
0.878814 -2.23517e-08 -0.477164 -1.12561 -0.111392 0.97237 -0.205155 -3.36664 0.46398 0.233445 0.854533 -28.0458 
0.874769 0.314753 -0.368389 -46.0097 -0.399364 0.898886 -0.180309 5.09166 0.274387 0.30485 0.912019 -34.3212 
0.874769 0.238679 -0.421678 -33.6163 -0.399364 0.847967 -0.348512 13.2515 0.274387 0.473271 0.837094 -61.956 
0.950797 0.238679 -0.197527 -33.167 -0.301466 0.565754 -0.76749 59.8832 -0.0714319 0.789275 0.609871 -115.567 
0.860208 -0.308133 -0.406321 52.9599 0.130615 0.903349 -0.408533 -5.98094 0.492932 0.298352 0.817315 -38.6803 
0.860208 -0.500275 0.0988288 77.6505 0.312484 0.363972 -0.877427 58.9996 0.402984 0.785652 0.46942 -99.1574 
0.790676 -0.500275 0.352924 80.1951 0.561869 0.363972 -0.742851 53.15 0.243175 0.785652 0.568874 -94.8271 
0.874768 -0.0840502 -0.477196 17.6398 -0.34357 0.586863 -0.733179 57.8619 0.341672 0.805312 0.484492 -110.902 
0.874768 -0.483368 0.0337093 69.2432 -0.0582839 -0.174033 -0.983013 162.999 0.481023 0.857944 -0.180411 -114.379 
0.874768 -0.419671 0.242192 63.594 -0.0582839 -0.587344 -0.807236 204.444 0.481023 0.692028 -0.53825 -99.084 
0.703889 -0.301574 -0.643113 30.6869 0.255659 0.952281 -0.166732 -5.89341 0.662706 -0.0470568 0.7474 1.87189 
0.311723 0.269784 -0.911068 2.90536 0.300868 0.881481 0.363965 -1.36821 0.901281 -0.387567 0.193608 16.8761 
0.30964 0.17525 -0.934564 4.11752 -0.09534 0.983638 0.152864 4.29002 0.946062 0.0417686 0.321281 10.7533 
0.30964 0.17525 -0.934564 4.11752 -0.09534 0.983638 0.152864 4.29002 0.946062 0.0417686 0.321281 10.7533 
0.931637 -0.118959 -0.343367 11.986 -0.113878 0.801731 -0.586736 9.1972 0.345086 0.585727 0.733375 -60.4681 
0.932165 0.0487602 -0.358736 2.42068 0.0657104 0.951643 0.300096 4.68669 0.356021 -0.303312 0.883884 -9.45499 
0.932165 0.190456 -0.307889 0.496675 -0.00500844 0.857143 0.515054 2.75578 0.362 -0.478573 0.799953 -6.80349 
0.932165 0.190456 -0.307889 0.496675 -0.00500844 0.857143 0.515054 2.75578 0.362 -0.478573 0.799953 -6.8035 
0.769251 -0.600278 0.218904 90.4552 0.551794 0.451387 -0.701265 44.8443 0.322144 0.660239 0.67846 -87.3081 
0.891007 0 -0.45399 -0.69105 0 1 0 -7.052 0.45399 0 0.891007 -0.254758 
0.891007 0 -0.45399 -1.15142 0 1 0 -8.4134 0.45399 0 0.891007 1.147 
0.878814 -2.98023e-08 -0.477164 -1.12561 -0.118666 0.968583 -0.218552 -2.4286 0.462173 0.24869 0.851205 -29.9842 
0.874769 0.314753 -0.368389 -46.0097 -0.412912 0.882067 -0.22685 7.5724 0.253542 0.350553 0.90157 -40.4517 
0.874769 0.238679 -0.421678 -33.6163 -0.412912 0.822576 -0.390988 17.1388 0.253542 0.51614 0.818117 -67.6316 
0.950797 0.238679 -0.197526 -33.167 -0.294733 0.500342 -0.814119 70.4967 -0.095482 0.83228 0.546071 -121.358 
0.860208 -0.308133 -0.406321 52.96 0.100715 0.883758 -0.456977 -2.64105 0.499899 0.352172 0.791249 -46.6132 
0.860208 -0.500275 0.0988289 77.6505 0.298807 0.337446 -0.892661 62.8445 0.413227 0.797405 0.439759 -101.763 
0.790676 -0.500275 0.352924 80.1951 0.553406 0.337446 -0.761493 56.853 0.261864 0.797405 0.543666 -97.6307 
0.874768 -0.0840502 -0.477196 17.6398 -0.356719 0.554794 -0.751635 62.6739 0.32792 0.827731 0.455334 -113.141 
0.874768 -0.483368 0.0337093 69.2431 -0.0557645 -0.169538 -0.983945 163.46 0.481322 0.858844 -0.175261 -113.501 
0.874768 -0.419671 0.242192 63.594 -0.0557645 -0.583713 -0.810043 204.984 0.481322 0.695094 -0.534016 -98.4231 
0.703889 -0.301574 -0.643113 30.6869 0.241724 0.953058 -0.182348 -5.4048 0.667915 -0.0271034 0.743744 -0.192392 
0.311723 0.269784 -0.911068 2.90536 0.292123 0.885194 0.362072 -1.08334 0.904153 -0.37901 0.197125 15.5002 
0.30964 0.17525 -0.934564 4.11751 -0.104499 0.983187 0.149745 4.63393 0.945094 0.0512946 0.322747 9.4325 
0.30964 0.17525 -0.934564 4.11751 -0.104499 0.983187 0.149745 4.63393 0.945094 0.0512946 0.322747 9.4325 
0.931637 -0.118959 -0.343367 11.986 -0.108988 0.809931 -0.57631 8.94177 0.346661 0.574334 0.741597 -59.2828 
0.932165 0.0487601 -0.358736 2.42069 0.0842531 0.934465 0.345944 6.11324 0.352094 -0.352701 0.866967 -6.22731 
0.932165 0.190456 -0.307889 0.496681 0.00920747 0.837694 0.546062 4.28712 0.361917 -0.511855 0.779115 -3.65522 
0.932165 0.190456 -0.307889 0.496681 0.00920747 0.837694 0.546062 4.28712 0.361917 -0.511855 0.779115 -3.65522 
0.767354 -0.606057 0.209433 91.0643 0.540127 0.434894 -0.720506 47.7473 0.345587 0.666004 0.661066 -89.8377 
0.891007 0 -0.45399 -0.69105 0 1 0 -6.79527 0.45399 0 0.891007 -1.11278 
0.891007 0 -0.45399 -1.15142 0 1 0 -8.15666 0.45399 0 0.891007 0.288969 
0.878814 -3.72529e-08 -0.477164 -1.1256 -0.108312 0.973897 -0.199483 -2.80598 0.464708 0.226991 0.855874 -28.0833 
0.874769 0.314753 -0.368389 -46.0097 -0.416239 0.87734 -0.238788 8.46995 0.248043 0.362222 0.898482 -43.0723 
0.874769 0.238679 -0.421678 -33.6163 -0.416239 0.815658 -0.401805 18.3961 0.248043 0.527005 0.812859 -70.1229 
0.950797 0.238679 -0.197526 -33.167 -0.294263 0.496269 -0.816778 71.291 -0.0969211 0.834715 0.542086 -122.428 
0.860208 -0.308133 -0.406321 52.96 0.089611 0.875736 -0.474402 -1.01256 0.502008 0.371673 0.780927 -50.5949 
0.860208 -0.500275 0.0988289 77.6505 0.298086 0.336053 -0.893428 63.3737 0.413748 0.797993 0.438201 -103.276 
0.790676 -0.500275 0.352924 80.1951 0.552948 0.336053 -0.762441 57.3751 0.262829 0.797993 0.542336 -99.1547 
0.877964 -0.0764809 -0.472578 16.4867 -0.358027 0.550415 -0.754228 63.526 0.317798 0.83138 0.455863 -114.625 
0.879276 -0.475238 0.0319664 68.0491 -0.0435262 -0.147 -0.988178 161.157 0.474319 0.86749 -0.149939 -115.557 
0.879276 -0.413128 0.237062 62.5463 -0.0435262 -0.565312 -0.823728 203.061 0.474319 0.713966 -0.515047 -101.51 
0.703889 -0.301574 -0.643113 30.6869 0.230089 0.953384 -0.195236 -5.11289 0.672011 -0.0105493 0.740466 -2.76171 
0.311723 0.269784 -0.911068 2.90536 0.286595 0.887492 0.360861 -0.956768 0.905921 -0.373596 0.199333 13.6012 
0.30964 0.17525 -0.934564 4.11751 -0.110271 0.982855 0.147771 4.79746 0.944438 0.0572995 0.323656 7.56852 
0.30964 0.17525 -0.934564 4.11751 -0.110271 0.982855 0.147771 4.79746 0.944438 0.0572995 0.323656 7.56852 
0.931637 -0.118959 -0.343367 11.986 -0.10441 0.817429 -0.566488 8.52282 0.348067 0.563612 0.749126 -59.0267 
