21 101 1 1
0.891007 0 -0.45399 -0.69105 0 1 0 -14.8238 0.45399 0 0.891007 -0.254758 
0.891007 0 -0.45399 -1.15142 0 1 0 -16.1852 0.45399 0 0.891007 1.147 
0.878814 0 -0.477164 -1.12561 0 1 0 -13.7325 0.477164 0 0.878814 1.58275 
0.874768 0.314754 -0.368388 -46.0098 -0.0958455 0.857663 0.505201 8.59448 0.474967 -0.406626 0.780424 59.7222 
0.874768 0.238679 -0.421678 -33.6164 -0.0958455 0.938302 0.332269 -4.77721 0.474967 -0.250243 0.843673 34.1984 
0.950797 0.238679 -0.197527 -33.1671 -0.173382 0.938302 0.299212 -4.83118 0.256756 -0.250243 0.933518 34.4245 
0.860208 -0.308133 -0.40632 52.9599 0.467971 0.793559 0.388931 6.23793 0.202597 -0.524708 0.826823 83.2116 
0.860208 -0.500275 0.0988287 77.6504 0.467971 0.697442 -0.54275 18.589 0.202597 0.513127 0.83406 -50.1515 
0.790677 -0.500275 0.352924 80.195 0.60952 0.697442 -0.376908 15.5491 -0.0575865 0.513127 0.856379 -43.5387 
0.874768 -0.0840494 -0.477196 17.6397 -0.0958455 0.935366 -0.340446 -0.4496 0.474967 0.343549 0.810173 -59.3289 
0.874768 -0.483367 0.0337085 69.2431 -0.0958455 -0.240809 -0.965828 151.546 0.474967 0.841645 -0.256981 -123.697 
0.874768 -0.419671 0.242191 63.594 -0.0958455 -0.639829 -0.762517 191.663 0.474967 0.643813 -0.599926 -105.198 
0.703889 -0.301574 -0.643113 30.6869 0.447934 0.891132 0.0723875 -8.07909 0.551268 -0.339025 0.762342 32.2849 
0.311722 0.269784 -0.911069 2.90538 0.428192 0.816077 0.388161 -2.92863 0.848222 -0.511111 0.13887 36.8851 
0.309639 0.17525 -0.934565 4.11753 0.0426429 0.97932 0.197771 1.78347 0.949897 -0.10109 0.295763 30.0076 
0.309639 0.17525 -0.934565 4.11753 0.0426429 0.97932 0.197771 1.78347 0.949897 -0.10109 0.295763 30.0076 
0.931637 -0.11896 -0.343367 11.986 -0.183958 0.660493 -0.727948 14.9398 0.313388 0.741348 0.593457 -76.8485 
0.932165 0.04876 -0.358736 2.4207 -0.205281 0.887387 -0.412801 2.43584 0.298209 0.45844 0.8372 -60.4309 
0.932165 0.190456 -0.307889 0.49669 -0.205281 0.97857 -0.0161787 -2.16881 0.298209 0.0782847 0.951285 -57.5864 
0.932165 0.190456 -0.307889 0.49669 -0.205281 0.97857 -0.0161787 -2.16881 0.298209 0.0782847 0.951285 -57.5864 
0.790677 -0.500275 0.352924 80.195 0.60952 0.697442 -0.376908 15.5491 -0.0575865 0.513127 0.856379 -43.5387 
0.891007 0 -0.453991 -0.69105 0 1 0 -14.3829 0.453991 0 0.891007 -0.110998 
0.891007 0 -0.453991 -1.15143 0 1 0 -15.7443 0.453991 0 0.891007 1.29076 
0.877942 0.00158508 -0.478764 -1.32942 -9.27395e-05 0.999995 0.0031407 -13.2662 0.478767 -0.00271296 0.877938 2.06834 
0.891801 0.312655 -0.327015 -45.5307 -0.114648 0.855377 0.505158 9.3875 0.437661 -0.413009 0.798671 60.8125 
0.893599 0.244178 -0.37664 -34.3772 -0.116158 0.936305 0.331421 -4.03188 0.433575 -0.252408 0.865045 34.6025 
0.957989 0.238758 -0.158905 -33.0353 -0.183066 0.935552 0.302042 -3.88586 0.220779 -0.260262 0.939957 36.2139 
0.8765 -0.320266 -0.359413 55.0252 0.451821 0.804964 0.384566 4.80161 0.166151 -0.499462 0.850253 79.1733 
0.875008 -0.476676 0.0845034 75.1596 0.436066 0.70026 -0.565227 18.6312 0.210256 0.531427 0.820596 -54.3474 
0.805201 -0.469413 0.362358 77.0601 0.590662 0.689108 -0.41982 16.3133 -0.0526348 0.55207 0.832135 -49.7625 
0.892798 -0.0179244 -0.450101 7.39605 -0.113437 0.95806 -0.26316 -3.99211 0.435941 0.286006 0.85332 -50.2592 
0.892798 -0.449688 -0.0263303 63.1924 -0.113437 -0.167876 -0.97926 141.511 0.435941 0.877268 -0.20089 -126.667 
0.892798 -0.415719 0.173465 60.4575 -0.113437 -0.580165 -0.806561 182.846 0.435941 0.700418 -0.565128 -110.311 
0.704125 -0.308228 -0.63969 31.3548 0.448367 0.89156 0.063941 -7.7232 0.550614 -0.331838 0.765968 31.746 
0.313335 0.258442 -0.913799 3.80746 0.431766 0.818277 0.379475 -2.71355 0.845813 -0.51345 0.144808 36.9113 
0.316182 0.182989 -0.930883 4.70653 0.0446993 0.977258 0.207288 1.89591 0.947645 -0.10715 0.300812 30.0759 
0.316182 0.167856 -0.933731 4.709 0.0446993 0.980494 0.191399 1.8318 0.947645 -0.102254 0.302511 30.0781 
0.931788 -0.117181 -0.343568 11.8159 -0.182212 0.667604 -0.721875 14.7055 0.313958 0.735237 0.600714 -76.0755 
0.93227 0.0504786 -0.358225 2.25487 -0.203677 0.891603 -0.404426 2.36926 0.29898 0.449996 0.841496 -59.529 
0.931771 0.190774 -0.308883 0.352717 -0.205775 0.978462 -0.0164164 -2.13841 0.299099 0.0788569 0.950958 -56.7327 
0.931771 0.190774 -0.308883 0.352717 -0.205775 0.978462 -0.0164164 -2.13841 0.299099 0.0788569 0.950958 -56.7327 
0.805201 -0.469413 0.362358 77.0601 0.590662 0.689108 -0.41982 16.3133 -0.0526348 0.55207 0.832135 -49.7625 
0.891007 0 -0.45399 -0.69105 0 1 0 -13.942 0.45399 0 0.891007 0.0327622 
0.891007 0 -0.45399 -1.15142 0 1 0 -15.3034 0.45399 0 0.891007 1.43452 
0.877067 0.0031751 -0.480357 -1.53384 -0.000179749 0.99998 0.00628154 -12.7986 0.480368 -0.00542299 0.87705 2.55353 
0.906912 0.310365 -0.284929 -45.0212 -0.133569 0.853188 0.504211 10.1632 0.399587 -0.419218 0.815222 61.8716 
0.910097 0.249689 -0.330725 -35.1404 -0.136577 0.93423 0.329485 -3.27563 0.391242 -0.254694 0.884342 35.0233 
0.963723 0.238321 -0.120169 -32.8107 -0.192784 0.932924 0.304115 -2.96346 0.184585 -0.269916 0.945026 37.9406 
0.890835 -0.330687 -0.311544 56.8113 0.43562 0.81645 0.379005 3.35063 0.129028 -0.473345 0.871376 74.9911 
0.889345 -0.452062 0.0685849 72.4436 0.402622 0.70317 -0.586043 18.6928 0.216701 0.548809 0.807372 -58.4444 
0.819895 -0.437693 0.369049 73.6961 0.570456 0.679178 -0.461842 17.2582 -0.0485048 0.589188 0.806539 -55.8116 
0.908913 0.0433144 -0.41473 -2.11045 -0.130962 0.973916 -0.185298 -6.46265 0.395886 0.222734 0.890878 -40.2689 
0.908913 -0.409008 -0.0811733 56.3428 -0.130962 -0.0951832 -0.986807 131.696 0.395886 0.907553 -0.140078 -128.767 
0.908913 -0.403198 0.106339 56.3554 -0.130962 -0.518138 -0.845211 173.988 0.395886 0.754297 -0.523746 -114.806 
0.704355 -0.314848 -0.636203 32.0197 0.448805 0.891905 0.055491 -7.35907 0.549961 -0.324617 0.769524 31.2032 
0.314822 0.247059 -0.916433 4.71229 0.43536 0.820382 0.370723 -2.48993 0.843415 -0.515689 0.150715 36.93 
0.322611 0.190609 -0.927141 5.29915 0.0468167 0.975102 0.21676 2.01622 0.945373 -0.113335 0.305655 30.141 
0.322611 0.160416 -0.932839 5.30401 0.0468167 0.981623 0.184996 1.88802 0.945373 -0.103354 0.309173 30.1457 
0.931943 -0.115401 -0.343752 11.6457 -0.180461 0.674654 -0.715734 14.4774 0.31451 0.729057 0.607914 -75.296 
0.932378 0.0521922 -0.357698 2.08933 -0.202067 0.895737 -0.396011 2.31017 0.299735 0.441511 0.845711 -58.6221 
0.931376 0.191081 -0.309882 0.209234 -0.206261 0.978355 -0.0166546 -2.10097 0.299992 0.0794283 0.950629 -55.8749 
0.931376 0.191081 -0.309882 0.209235 -0.206261 0.978355 -0.0166546 -2.10097 0.299992 0.0794283 0.950629 -55.8749 
0.819895 -0.437693 0.369049 73.6961 0.570456 0.679178 -0.461842 17.2582 -0.0485048 0.589188 0.806539 -55.8116 
0.891007 0 -0.453991 -0.69105 0 1 0 -13.501 0.453991 0 0.891007 0.176522 
0.891007 0 -0.453991 -1.15143 0 1 0 -14.8624 0.453991 0 0.891007 1.57828 
0.876189 0.00477002 -0.481944 -1.73887 -0.000261026 0.999956 0.00942247 -12.3299 0.481968 -0.00813006 0.876151 3.03831 
0.920071 0.307894 -0.24222 -44.4828 -0.152563 0.851099 0.50235 10.9211 0.360824 -0.425244 0.830045 62.8984 
0.92422 0.255207 -0.284055 -35.9054 -0.157044 0.932077 0.326449 -2.50826 0.348073 -0.257102 0.901523 35.4613 
0.967997 0.237402 -0.0813793 -32.4988 -0.20251 0.930429 0.305437 -2.06569 0.148229 -0.279182 0.948728 39.6008 
0.903189 -0.339347 -0.262855 58.3102 0.419417 0.827967 0.372236 1.89313 0.0913185 -0.446445 0.890139 70.6793 
0.903065 -0.426449 0.0511399 69.5058 0.367727 0.70615 -0.605086 18.7775 0.221926 0.565237 0.794516 -62.4328 
0.834651 -0.405291 0.372956 70.1209 0.548918 0.667716 -0.502836 18.3809 -0.0452343 0.624415 0.779782 -61.6724 
0.923066 0.0986768 -0.371768 -10.7206 -0.148393 0.983066 -0.107516 -7.87871 0.354864 0.154412 0.922078 -29.4623 
0.923066 -0.361994 -0.130036 48.8114 -0.148393 -0.0232493 -0.988655 122.166 0.354864 0.931891 -0.0751782 -129.935 
0.923066 -0.382362 0.0418121 51.3651 -0.148393 -0.454294 -0.878405 165.161 0.354864 0.804622 -0.476084 -118.599 
0.70458 -0.321434 -0.632651 32.6814 0.449249 0.892167 0.0470382 -6.98669 0.549311 -0.31736 0.773008 30.6567 
0.316182 0.235637 -0.918969 5.61968 0.43897 0.822392 0.361907 -2.25766 0.841031 -0.517829 0.156588 36.9412 
0.328927 0.19811 -0.923342 5.89528 0.0489942 0.972851 0.226186 2.1445 0.943084 -0.119637 0.31029 30.2028 
0.328927 0.152931 -0.93189 5.90247 0.0489942 0.982708 0.178564 1.95223 0.943084 -0.104392 0.315746 30.2103 
0.9321 -0.11362 -0.343919 11.4754 -0.178705 0.681644 -0.709526 14.2558 0.315046 0.722809 0.615056 -74.5099 
0.932489 0.0539004 -0.357155 1.92413 -0.20045 0.899788 -0.387558 2.25867 0.300475 0.432985 0.849846 -57.7104 
0.930981 0.191379 -0.310884 0.0662708 -0.206738 0.978251 -0.0168936 -2.05641 0.300889 0.0799988 0.950298 -55.0132 
0.930981 0.191379 -0.310884 0.0662708 -0.206738 0.978251 -0.0168936 -2.05641 0.300889 0.0799988 0.950298 -55.0132 
0.834651 -0.405291 0.372956 70.1209 0.548918 0.667716 -0.502836 18.3809 -0.0452343 0.624415 0.779782 -61.6724 
0.891006 0 -0.453991 -0.69105 0 1 0 -13.0601 0.453991 0 0.891006 0.320282 
0.891006 0 -0.453991 -1.15143 0 1 0 -14.4215 0.453991 0 0.891006 1.72204 
0.875308 0.00636984 -0.483524 -1.94449 -0.000336571 0.999921 0.0125634 -11.8598 0.483566 -0.0108341 0.875241 3.52268 
0.931251 0.305251 -0.19898 -43.9174 -0.171585 0.849113 0.499566 11.6606 0.321449 -0.431079 0.843114 63.8915 
0.935934 0.260724 -0.236751 -36.6712 -0.177499 0.929846 0.322305 -1.72969 0.304175 -0.259633 0.916552 35.9166 
0.970811 0.236033 -0.0425983 -32.1055 -0.212216 0.928074 0.306011 -1.19431 0.111763 -0.288039 0.951074 41.1907 
0.913543 -0.346208 -0.213492 59.5155 0.403259 0.839466 0.364251 0.437256 0.053113 -0.418851 0.9065 66.2525 
0.916012 -0.399852 0.0322519 66.3501 0.331474 0.709175 -0.62225 18.8889 0.225936 0.58068 0.782153 -66.3032 
0.849359 -0.372381 0.37406 66.3529 0.526072 0.654798 -0.542667 19.6768 -0.0428547 0.657701 0.752058 -67.3326 
0.935208 0.147269 -0.322022 -18.2899 -0.1657 0.985706 -0.0304335 -8.26845 0.312938 0.0818209 0.946243 -17.9597 
0.935208 -0.309397 -0.17222 40.7247 -0.1657 0.0474423 -0.985034 112.982 0.312938 0.949749 -0.00689898 -130.121 
0.935208 -0.353581 -0.0191594 45.5759 -0.1657 -0.38917 -0.90614 156.429 0.312938 0.850604 -0.422543 -121.614 
0.704799 -0.327985 -0.629034 33.3399 0.449698 0.892347 0.0385836 -6.60606 0.548661 -0.310069 0.77642 30.1064 
0.317417 0.22418 -0.921407 6.5295 0.442597 0.824306 0.353026 -2.01666 0.838662 -0.519868 0.162428 36.9449 
0.335127 0.205493 -0.91949 6.49488 0.0512307 0.970507 0.235566 2.2808 0.940779 -0.126051 0.314715 30.2612 
0.335127 0.145403 -0.930886 6.50434 0.0512307 0.983746 0.172103 2.02448 0.940779 -0.105366 0.322231 30.2718 
0.93226 -0.111838 -0.344069 11.3051 -0.176944 0.688572 -0.70325 14.0406 0.315566 0.716493 0.622139 -73.7175 
0.932602 0.0556033 -0.356596 1.75927 -0.198826 0.903757 -0.379067 2.21479 0.301199 0.424419 0.853901 -56.7938 
0.930585 0.191667 -0.311889 -0.0761681 -0.207205 0.978148 -0.0171331 -2.00471 0.30179 0.0805687 0.949964 -54.1475 
0.930585 0.191667 -0.311889 -0.0761681 -0.207205 0.978148 -0.0171331 -2.00471 0.30179 0.0805687 0.949964 -54.1475 
0.849359 -0.372381 0.37406 66.3529 0.526072 0.654798 -0.542667 19.6768 -0.0428547 0.657701 0.752058 -67.3325 
0.891007 0 -0.45399 -0.69105 0 1 0 -12.6192 0.45399 0 0.891007 0.464042 
0.891007 0 -0.45399 -1.15142 0 1 0 -13.9806 0.45399 0 0.891007 1.8658 
0.874424 0.00797451 -0.485097 -2.1507 -0.000406382 0.999877 0.0157044 -11.3886 0.485163 -0.0135352 0.874319 4.00665 
0.94043 0.302447 -0.155298 -43.3267 -0.190591 0.847233 0.495854 12.3813 0.281543 -0.436717 0.854407 64.8499 
0.94521 0.266236 -0.188935 -37.437 -0.197884 0.927535 0.317049 -0.939835 0.259654 -0.262291 0.929399 36.3898 
0.972168 0.234251 -0.00388568 -31.6367 -0.221873 0.925868 0.305844 -0.350708 0.0752421 -0.29647 0.952074 42.707 
0.921883 -0.351235 -0.1636 60.4214 0.387196 0.850894 0.355047 -1.00848 0.014502 -0.390657 0.920422 61.7258 
0.928039 -0.37229 0.0120201 62.9805 0.293968 0.712218 -0.637438 19.0312 0.228751 0.595101 0.770407 -70.0464 
0.863906 -0.339138 0.372359 62.4104 0.501949 0.640506 -0.581204 21.1411 -0.0413901 0.689012 0.723567 -72.7814 
0.945288 0.188306 -0.266403 -24.6905 -0.182852 0.982093 0.0453687 -7.66962 0.270176 0.00582597 0.962793 -5.89523 
0.945288 -0.252051 -0.207124 32.2165 -0.182852 0.116446 -0.97622 104.197 0.270176 0.960682 0.063987 -129.29 
0.945288 -0.317339 -0.0756697 39.0881 -0.182852 -0.323286 -0.928467 147.855 0.270176 0.891506 -0.363624 -123.786 
0.705012 -0.334501 -0.625353 33.9951 0.450153 0.892443 0.0301279 -6.21716 0.548014 -0.302745 0.77976 29.5526 
0.318526 0.212688 -0.923745 7.4416 0.446238 0.826123 0.344082 -1.76683 0.836309 -0.521809 0.168232 36.9411 
0.341212 0.212758 -0.915592 7.09787 0.0535253 0.96807 0.244899 2.42525 0.938461 -0.13257 0.318929 30.3163 
0.341212 0.137832 -0.929826 7.10956 0.0535253 0.984737 0.165613 2.1049 0.938461 -0.106278 0.328627 30.3303 
0.932423 -0.110054 -0.344202 11.1347 -0.175179 0.695437 -0.696907 13.832 0.316068 0.710109 0.629163 -72.9186 
0.932719 0.0573007 -0.356021 1.59475 -0.197196 0.907643 -0.370539 2.17858 0.301908 0.415815 0.857875 -55.8725 
0.930189 0.191944 -0.312898 -0.218077 -0.207663 0.978046 -0.0173734 -1.94584 0.302694 0.0811379 0.949628 -53.2779 
0.930189 0.191944 -0.312898 -0.218076 -0.207663 0.978046 -0.0173734 -1.94584 0.302694 0.0811379 0.949628 -53.2779 
0.863906 -0.339138 0.372359 62.4104 0.501949 0.640506 -0.581204 21.1411 -0.0413901 0.689012 0.723567 -72.7814 
0.891007 0 -0.45399 -0.69105 0 1 0 -12.1783 0.45399 0 0.891007 0.607802 
0.891007 0 -0.45399 -1.15142 0 1 0 -13.5397 0.45399 0 0.891007 2.00956 
0.873537 0.00958404 -0.486664 -2.35752 -0.000470458 0.999822 0.0188454 -10.9161 0.486758 -0.0162332 0.873386 4.49019 
0.947589 0.299491 -0.111268 -42.7125 -0.209535 0.845463 0.49121 13.0826 0.241186 -0.442151 0.863905 65.7724 
0.952026 0.271736 -0.140733 -38.2019 -0.218137 0.925146 0.310679 -0.138702 0.214621 -0.265075 0.940039 36.8809 
0.972075 0.232091 0.0346994 -31.0985 -0.231454 0.923818 0.304942 0.463699 0.0387183 -0.304458 0.951739 44.1468 
0.928202 -0.354398 -0.113328 61.0231 0.371275 0.8622 0.344624 -2.43576 -0.0244223 -0.361957 0.931875 57.1145 
0.939003 -0.34378 -0.0094423 59.4015 0.25532 0.715252 -0.650558 19.208 0.230403 0.608465 0.759397 -73.6531 
0.87818 -0.305729 0.367873 58.312 0.476583 0.624933 -0.618326 22.7676 -0.0408557 0.718323 0.694509 -78.0096 
0.953259 0.221127 -0.205914 -29.8135 -0.199817 0.972536 0.119357 -6.12874 0.226652 -0.0726332 0.971264 6.58448 
0.953259 -0.190852 -0.23425 23.4261 -0.199817 0.18336 -0.962524 95.8558 0.226652 0.964342 0.136654 -127.423 
0.953259 -0.274225 -0.126879 32.0117 -0.199817 -0.25714 -0.94549 139.493 0.226652 0.92665 -0.299916 -125.061 
0.70522 -0.34098 -0.621609 34.647 0.450613 0.892456 0.021672 -5.82 0.547369 -0.295388 0.783028 28.9951 
0.319509 0.201164 -0.925985 8.35583 0.449891 0.827842 0.335077 -1.50809 0.833974 -0.523652 0.174001 36.93 
0.347181 0.219906 -0.91165 7.70413 0.0558768 0.96554 0.254184 2.57788 0.936132 -0.139188 0.32293 30.368 
0.347181 0.130219 -0.928713 7.71804 0.0558768 0.985681 0.159095 2.19355 0.936132 -0.107128 0.334934 30.3858 
0.932589 -0.10827 -0.344318 10.9644 -0.173409 0.70224 -0.690498 13.6299 0.316554 0.703659 0.636127 -72.1135 
0.932839 0.0589924 -0.35543 1.43061 -0.195559 0.911445 -0.361975 2.15009 0.302601 0.407172 0.861768 -54.9466 
0.929793 0.192211 -0.31391 -0.35942 -0.208112 0.977946 -0.0176145 -1.87973 0.303601 0.0817063 0.949289 -52.4045 
0.929793 0.192211 -0.31391 -0.35942 -0.208112 0.977946 -0.0176145 -1.87973 0.303601 0.0817063 0.949289 -52.4045 
0.87818 -0.305729 0.367873 58.312 0.476583 0.624933 -0.618326 22.7676 -0.0408557 0.718323 0.694509 -78.0096 
0.891007 0 -0.45399 -0.69105 0 1 0 -11.7374 0.45399 0 0.891007 0.751562 
0.891007 0 -0.45399 -1.15142 0 1 0 -13.0988 0.45399 0 0.891007 2.15332 
0.872646 0.0111984 -0.488224 -2.56492 -0.000528799 0.999758 0.0219863 -10.4423 0.488352 -0.0189281 0.872441 4.97332 
0.952713 0.296395 -0.0669834 -42.0767 -0.228369 0.843805 0.485634 13.7643 0.200461 -0.447373 0.871592 66.6582 
0.956367 0.277216 -0.0922696 -38.965 -0.238199 0.922677 0.303196 0.673798 0.169186 -0.267988 0.948451 37.3903 
0.970539 0.229587 0.0730994 -30.4969 -0.240933 0.921928 0.303314 1.24785 0.00224452 -0.31199 0.950083 45.5075 
0.932495 -0.355678 -0.0628255 61.3169 0.355545 0.873331 0.332987 -3.83583 -0.0635687 -0.332846 0.940836 52.4343 
0.94877 -0.314343 -0.032006 55.618 0.21565 0.718244 -0.661529 19.4237 0.230935 0.620736 0.749237 -77.1141 
0.892066 -0.272319 0.36064 54.0759 0.450018 0.608177 -0.653915 24.5494 -0.0412596 0.74563 0.665082 -83.0094 
0.959071 0.245202 -0.14163 -33.5709 -0.21656 0.957393 0.19105 -3.69977 0.182442 -0.152559 0.971309 19.3232 
0.959071 -0.12675 -0.253215 14.496 -0.21656 0.247826 -0.94429 87.9968 0.182442 0.960477 0.210234 -124.513 
0.959071 -0.224924 -0.172024 24.464 -0.21656 -0.191205 -0.957362 131.395 0.182442 0.955432 -0.232088 -125.4 
0.705422 -0.347423 -0.617801 35.2954 0.451078 0.892387 0.0132167 -5.41457 0.546725 -0.288 0.786224 28.4342 
0.320365 0.18961 -0.928124 9.27204 0.453555 0.829461 0.32601 -1.24038 0.831657 -0.525397 0.179732 36.9116 
0.353034 0.226938 -0.907671 8.31361 0.0582841 0.962919 0.263421 2.73878 0.933793 -0.145899 0.326716 30.4163 
0.353034 0.122566 -0.927548 8.32972 0.0582841 0.986576 0.15255 2.29051 0.933793 -0.107917 0.341151 30.4382 
0.932758 -0.106484 -0.344417 10.7941 -0.171635 0.70898 -0.684024 13.4345 0.317023 0.697143 0.64303 -71.3021 
0.932962 0.0606782 -0.354823 1.26686 -0.193916 0.915163 -0.353375 2.12934 0.303279 0.398491 0.865579 -54.016 
0.929397 0.192468 -0.314925 -0.500204 -0.208552 0.977848 -0.0178563 -1.80638 0.304512 0.0822739 0.948949 -51.5274 
0.929397 0.192468 -0.314925 -0.500204 -0.208552 0.977848 -0.0178563 -1.80638 0.304512 0.0822739 0.948949 -51.5274 
0.892066 -0.272319 0.36064 54.0759 0.450018 0.608177 -0.653915 24.5494 -0.0412596 0.74563 0.665082 -83.0094 
0.891007 0 -0.45399 -0.69105 0 1 0 -11.2965 0.45399 0 0.891007 0.895321 
0.891007 0 -0.45399 -1.15142 0 1 0 -12.6579 0.45399 0 0.891007 2.29707 
0.871753 0.0128175 -0.489778 -2.77291 -0.000581404 0.999684 0.025127 -9.96729 0.489945 -0.0216198 0.871485 5.45602 
0.955795 0.29317 -0.0225369 -41.4212 -0.247049 0.842261 0.479127 14.4259 0.159448 -0.45238 0.877456 67.5062 
0.958222 0.282671 -0.0436712 -39.7253 -0.258007 0.92013 0.294606 1.49765 0.12346 -0.27103 0.95462 37.9182 
0.967571 0.226776 0.111258 -29.8382 -0.250282 0.920205 0.300968 2.00079 -0.0341278 -0.319054 0.947122 46.787 
0.934765 -0.355057 -0.0122413 61.3002 0.340055 0.884234 0.320145 -5.20018 -0.102845 -0.303423 0.947289 47.701 
0.957214 -0.284002 -0.0555289 51.6351 0.175083 0.721164 -0.670275 19.6823 0.230405 0.631875 0.740032 -80.4203 
0.905454 -0.239062 0.350716 49.7202 0.422301 0.590346 -0.687862 26.4788 -0.042602 0.770935 0.635487 -87.7744 
0.962677 0.260142 -0.0746874 -35.8964 -0.233046 0.937059 0.26002 -0.44313 0.137629 -0.23291 0.96271 32.1573 
0.962677 -0.0607323 -0.263749 5.56993 -0.233046 0.309538 -0.921887 80.6508 0.137629 0.948946 0.283831 -120.573 
0.962677 -0.170206 -0.210433 16.5686 -0.233046 -0.125918 -0.964279 123.603 0.137629 0.97733 -0.160884 -124.775 
0.705618 -0.353827 -0.61393 35.9404 0.451549 0.892234 0.00476266 -5.00086 0.546084 -0.28058 0.789346 27.8699 
0.321096 0.178029 -0.930163 10.1901 0.457228 0.83098 0.316883 -0.963593 0.829361 -0.527046 0.185424 36.8859 
0.35877 0.233855 -0.903657 8.9262 0.0607461 0.960206 0.272607 2.90803 0.931447 -0.152697 0.330287 30.4612 
0.35877 0.114874 -0.926331 8.9445 0.0607461 0.987421 0.145977 2.39586 0.931447 -0.108643 0.347278 30.4875 
0.93293 -0.104699 -0.344499 10.6238 -0.169857 0.715655 -0.677485 13.2457 0.317474 0.690562 0.649873 -70.4845 
0.933088 0.0623579 -0.354201 1.10351 -0.192266 0.918797 -0.34474 2.11638 0.303941 0.389773 0.869308 -53.0809 
0.929 0.192714 -0.315944 -0.640407 -0.208983 0.977752 -0.018099 -1.72576 0.305426 0.0828406 0.948605 -50.6466 
0.929 0.192714 -0.315944 -0.640406 -0.208983 0.977752 -0.018099 -1.72576 0.305426 0.0828406 0.948605 -50.6466 
0.905454 -0.239062 0.350716 49.7202 0.422301 0.590346 -0.687862 26.4788 -0.042602 0.770935 0.635487 -87.7744 
0.891007 0 -0.453991 -0.69105 0 1 0 -10.8556 0.453991 0 0.891007 1.03908 
0.891007 0 -0.453991 -1.15142 0 1 0 -12.217 0.453991 0 0.891007 2.44083 
0.870857 0.0144415 -0.491324 -2.98148 -0.000628272 0.9996 0.0282676 -9.49104 0.491536 -0.0243084 0.870518 5.93829 
0.956827 0.289827 0.021977 -40.748 -0.265526 0.840834 0.471693 15.0671 0.11823 -0.457164 0.881489 68.3157 
0.95759 0.288093 0.00493571 -40.4818 -0.277502 0.917505 0.284917 2.33281 0.0775539 -0.274203 0.95854 38.4648 
0.963184 0.223694 0.14912 -29.1285 -0.259475 0.91865 0.297916 2.72179 -0.0703473 -0.325641 0.942873 47.9833 
0.935019 -0.352526 0.0382736 60.9713 0.324853 0.894856 0.30611 -6.52013 -0.142161 -0.273786 0.951226 42.9306 
0.964222 -0.252781 -0.0798553 47.4587 0.133752 0.723975 -0.676735 19.9881 0.228879 0.641842 0.731883 -83.5629 
0.918234 -0.206109 0.338179 45.2624 0.393487 0.571551 -0.720068 28.5476 -0.0448744 0.79426 0.605919 -92.2996 
0.964034 0.265707 -0.00625747 -36.7468 -0.249238 0.911958 0.325901 3.57565 0.0923007 -0.31262 0.945383 44.9184 
0.964034 0.00618785 -0.265708 -3.20948 -0.249238 0.368235 -0.895702 73.8404 0.0923007 0.929712 0.356534 -115.627 
0.964034 -0.110917 -0.24153 8.45297 -0.249238 -0.0616825 -0.966476 116.156 0.0923007 0.991914 -0.0871089 -123.171 
0.705808 -0.360194 -0.609996 36.5819 0.452024 0.891998 -0.00368914 -4.5789 0.545444 -0.273129 0.792396 27.3022 
0.321701 0.166423 -0.932101 11.1097 0.460908 0.832398 0.307697 -0.677662 0.827087 -0.528599 0.191078 36.853 
0.364388 0.240659 -0.899614 9.54181 0.0632616 0.957402 0.281743 3.08568 0.929096 -0.159575 0.333641 30.5026 
0.364388 0.107144 -0.925063 9.56233 0.0632616 0.988217 0.139377 2.50969 0.929096 -0.109308 0.353316 30.5337 
0.933105 -0.102913 -0.344564 10.4535 -0.168075 0.722266 -0.670882 13.0637 0.317909 0.683916 0.656653 -69.6608 
0.933217 0.0640315 -0.353562 0.940586 -0.190611 0.922347 -0.336071 2.11127 0.304588 0.38102 0.872955 -52.1413 
0.928603 0.19295 -0.316965 -0.780008 -0.209404 0.977657 -0.0183423 -1.63781 0.306344 0.0834065 0.94826 -49.7622 
0.928603 0.19295 -0.316965 -0.780008 -0.209404 0.977657 -0.0183423 -1.63781 0.306344 0.0834065 0.94826 -49.7622 
0.918234 -0.206109 0.338179 45.2624 0.393487 0.571551 -0.720068 28.5476 -0.0448744 0.79426 0.605919 -92.2996 
0.891007 0 -0.453991 -0.69105 0 1 0 -10.4147 0.453991 0 0.891007 1.18284 
0.891007 0 -0.453991 -1.15143 0 1 0 -11.7761 0.453991 0 0.891007 2.58459 
0.869958 0.0160702 -0.492864 -3.19064 -0.000669402 0.999506 0.031408 -9.01355 0.493126 -0.0269937 0.869539 6.42012 
0.955809 0.286377 0.0664646 -40.0591 -0.283756 0.839525 0.463336 15.6877 0.0768899 -0.46172 0.883687 69.0859 
0.954473 0.293475 0.0534252 -41.2337 -0.296622 0.914802 0.27414 3.17924 0.0315797 -0.277506 0.960205 39.0301 
0.957394 0.220377 0.186633 -28.3741 -0.268485 0.917268 0.294169 3.41023 -0.106364 -0.331744 0.937354 49.0949 
0.93327 -0.348084 0.0885695 60.3296 0.309986 0.905144 0.2909 -7.78706 -0.181426 -0.244033 0.952645 38.1392 
0.969691 -0.220709 -0.104818 43.0947 0.0917931 0.726644 -0.680855 20.3454 0.226436 0.650597 0.724879 -86.5327 
0.930301 -0.173594 0.323119 40.7194 0.363636 0.551912 -0.750441 30.7466 -0.0480609 0.815634 0.576569 -96.5813 
0.963097 0.261804 0.0624678 -36.1029 -0.265097 0.882541 0.388386 8.28719 0.0465507 -0.390614 0.919377 57.4361 
0.963097 0.0729902 -0.259068 -11.7027 -0.265097 0.423712 -0.866136 67.5812 0.0465507 0.902851 0.427426 -109.717 
0.963097 -0.0479647 -0.264845 0.246828 -0.265097 0.0011411 -0.964221 109.084 0.0465507 0.998848 -0.0116162 -120.591 
0.705992 -0.366522 -0.606001 37.2198 0.452505 0.891679 -0.0121379 -4.14864 0.544807 -0.265649 0.795372 26.7313 
0.32218 0.154794 -0.933937 12.0309 0.464593 0.833714 0.298453 -0.382507 0.824835 -0.530057 0.19669 36.8129 
0.369888 0.247351 -0.895545 10.1603 0.0658294 0.954509 0.290827 3.27182 0.926741 -0.166526 0.336778 30.5405 
0.369888 0.0993762 -0.923746 10.1831 0.0658294 0.988961 0.132752 2.63206 0.926741 -0.109913 0.359263 30.5768 
0.933282 -0.101126 -0.344612 10.2833 -0.166289 0.728812 -0.664215 12.8885 0.318327 0.677205 0.663371 -68.831 
0.933349 0.0656988 -0.352908 0.77809 -0.18895 0.925812 -0.32737 2.11404 0.305218 0.372232 0.876519 -51.1974 
0.928206 0.193176 -0.317989 -0.919005 -0.209816 0.977564 -0.0185867 -1.54251 0.307264 0.0839716 0.947912 -48.8743 
0.928206 0.193176 -0.317989 -0.919006 -0.209816 0.977564 -0.0185867 -1.54251 0.307264 0.0839716 0.947912 -48.8743 
0.930301 -0.173594 0.323119 40.7194 0.363636 0.551912 -0.750441 30.7466 -0.0480609 0.815634 0.576569 -96.5813 
0.891007 0 -0.45399 -0.69105 0 1 0 -9.97379 0.45399 0 0.891007 1.3266 
0.891007 0 -0.45399 -1.15142 0 1 0 -11.3352 0.45399 0 0.891007 2.72835 
0.869056 0.0177036 -0.494397 -3.40038 -0.000704794 0.999403 0.0345482 -8.53481 0.494714 -0.0296759 0.868549 6.90152 
0.952745 0.282832 0.110832 -39.3565 -0.30169 0.838336 0.454065 16.2876 0.0355098 -0.466045 0.884048 69.8161 
0.948881 0.298811 0.101671 -41.9798 -0.315308 0.912022 0.26229 4.03693 -0.0143512 -0.28094 0.959618 39.6144 
0.950216 0.216859 0.223744 -27.581 -0.277288 0.916058 0.289739 4.06583 -0.14213 -0.337356 0.930586 50.1207 
0.929536 -0.341733 0.138497 59.3756 0.295501 0.915046 0.274535 -8.99239 -0.220548 -0.214264 0.951551 33.343 
0.973531 -0.187816 -0.130238 38.5496 0.0493488 0.729131 -0.682593 20.7586 0.223162 0.658099 0.7191 -89.321 
0.94155 -0.141646 0.305646 36.1073 0.332813 0.53155 -0.778903 33.0664 -0.0521378 0.8351 0.547623 -100.617 
0.95983 0.248495 0.130296 -33.969 -0.280582 0.84927 0.44723 13.6197 0.000477707 -0.465823 0.884878 69.5407 
0.95983 0.138659 -0.243927 -19.7751 -0.280582 0.475812 -0.833592 61.8812 0.000477707 0.868548 0.495604 -102.899 
0.95983 0.0176958 -0.280024 -7.91977 -0.280582 0.0622342 -0.95781 102.413 0.000477707 0.997904 0.0646994 -117.048 
0.70617 -0.372811 -0.601943 37.854 0.45299 0.891278 -0.0205829 -3.71012 0.544172 -0.258139 0.798274 26.1571 
0.322534 0.143144 -0.935672 12.9535 0.468282 0.834927 0.289152 -0.0780563 0.822608 -0.53142 0.202261 36.7657 
0.37527 0.253932 -0.891455 10.7817 0.0684484 0.951525 0.299857 3.46652 0.924385 -0.173546 0.339697 30.5749 
0.37527 0.0915727 -0.922381 10.8068 0.0684484 0.989653 0.1261 2.76305 0.924385 -0.110457 0.365119 30.6168 
0.933463 -0.0993394 -0.344643 10.1132 -0.164499 0.735292 -0.657485 12.7201 0.318727 0.670431 0.670026 -67.9953 
0.933484 0.0673596 -0.352238 0.61604 -0.187283 0.929191 -0.318636 2.12473 0.305833 0.363409 0.88 -50.2492 
0.927808 0.193392 -0.319016 -1.05739 -0.210219 0.977473 -0.018832 -1.43983 0.308188 0.0845357 0.947562 -47.983 
0.927808 0.193392 -0.319016 -1.05739 -0.210219 0.977473 -0.018832 -1.43983 0.308188 0.0845357 0.947562 -47.983 
0.94155 -0.141646 0.305646 36.1073 0.332813 0.53155 -0.778903 33.0664 -0.0521378 0.8351 0.547623 -100.617 
0.891007 0 -0.45399 -0.69105 0 1 0 -9.53288 0.45399 0 0.891007 1.47036 
0.891007 0 -0.45399 -1.15142 0 1 0 -10.8943 0.45399 0 0.891007 2.87211 
0.868151 0.0193418 -0.495924 -3.61069 -0.000734448 0.999289 0.0376881 -8.05483 0.4963 -0.0323547 0.867548 7.38247 
0.947642 0.279204 0.154985 -38.6422 -0.319282 0.837269 0.443891 16.8664 -0.00582772 -0.470134 0.882576 70.5057 
0.940831 0.304094 0.149549 -42.7191 -0.3335 0.909167 0.249386 4.90561 -0.0601279 -0.284505 0.956787 40.2177 
0.941672 0.213178 0.260402 -26.7555 -0.285857 0.915023 0.284639 4.68811 -0.177595 -0.342474 0.922589 51.0599 
0.92384 -0.333483 0.187907 58.1107 0.281444 0.92451 0.25704 -10.1276 -0.25944 -0.184578 0.947957 28.5582 
0.975668 -0.154137 -0.155929 33.8305 0.00656436 0.731397 -0.68192 21.2322 0.219155 0.664304 0.714613 -91.9191 
0.951886 -0.110378 0.285885 31.4415 0.301092 0.51059 -0.805383 35.497 -0.0570734 0.85271 0.519258 -104.406 
0.954197 0.225988 0.196054 -30.3735 -0.29565 0.812612 0.502248 19.5 -0.0458137 -0.537207 0.842205 81.0659 
0.954197 0.202201 -0.220505 -27.2995 -0.29565 0.524429 -0.798477 56.7416 -0.0458137 0.827097 0.560189 -95.2417 
0.954197 0.085074 -0.286828 -15.9185 -0.29565 0.121324 -0.947561 96.1588 -0.0458137 0.988961 0.140919 -112.571 
0.706343 -0.37906 -0.597824 38.4845 0.453481 0.890793 -0.0290232 -3.26332 0.543539 -0.250601 0.801102 25.5798 
0.322763 0.131475 -0.937304 13.8773 0.471973 0.836036 0.279795 0.23576 0.820406 -0.53269 0.207788 36.7114 
0.380533 0.260404 -0.887347 11.4058 0.0711174 0.948453 0.308835 3.66983 0.922029 -0.180627 0.342398 30.6057 
0.380533 0.0837343 -0.920969 11.4332 0.0711174 0.990293 0.119422 2.90274 0.922029 -0.110941 0.370884 30.6536 
0.933646 -0.0975529 -0.344657 9.94318 -0.162707 0.741705 -0.650692 12.5587 0.319111 0.663594 0.676618 -67.1536 
0.933621 0.0690137 -0.351552 0.454458 -0.18561 0.932486 -0.30987 2.14336 0.306432 0.354553 0.883398 -49.2967 
0.927411 0.193597 -0.320046 -1.19513 -0.210612 0.977384 -0.0190782 -1.32975 0.309114 0.085099 0.94721 -47.0882 
0.927411 0.193597 -0.320046 -1.19513 -0.210612 0.977384 -0.0190782 -1.32975 0.309114 0.085099 0.94721 -47.0882 
0.951886 -0.110378 0.285885 31.4415 0.301092 0.51059 -0.805383 35.497 -0.0570734 0.85271 0.519258 -104.406 
0.891007 0 -0.45399 -0.69105 0 1 0 -9.09197 0.45399 0 0.891007 1.61412 
0.891007 0 -0.45399 -1.15142 0 1 0 -10.4534 0.45399 0 0.891007 3.01587 
0.867243 0.0209846 -0.497443 -3.82158 -0.000758363 0.999166 0.0408277 -7.57362 0.497885 -0.0350302 0.866535 7.86298 
0.940512 0.275505 0.198831 -37.9184 -0.336488 0.836323 0.432827 17.4242 -0.0470407 -0.473983 0.879277 71.1542 
0.930345 0.309315 0.196933 -43.4506 -0.351139 0.906237 0.235449 5.78532 -0.10564 -0.2882 0.951725 40.84 
0.931782 0.209367 0.296559 -25.9036 -0.294168 0.91416 0.278884 5.2773 -0.212714 -0.347098 0.913387 51.9119 
0.916209 -0.323352 0.236653 56.5376 0.26786 0.933485 0.238445 -11.1844 -0.298014 -0.155076 0.941881 23.8011 
0.976041 -0.119712 -0.181694 28.945 -0.0364121 0.733404 -0.678817 21.7707 0.214517 0.669169 0.711474 -94.3182 
0.961216 -0.0798917 0.263973 26.7362 0.268546 0.489161 -0.829822 38.028 -0.0628296 0.868526 0.491644 -107.948 
0.94617 0.194641 0.258606 -25.368 -0.310256 0.773034 0.553317 25.8552 -0.0922138 -0.603766 0.79181 91.8517 
0.94617 0.262656 -0.189141 -34.1575 -0.310256 0.569504 -0.761187 52.1572 -0.0922138 0.778895 0.620338 -86.8282 
0.94617 0.153159 -0.285139 -23.6244 -0.310256 0.178184 -0.933805 90.3345 -0.0922138 0.972004 0.216111 -107.201 
0.706509 -0.385268 -0.593644 39.1113 0.453977 0.890226 -0.0374581 -2.80824 0.542908 -0.243036 0.803856 24.9995 
0.322866 0.11979 -0.938833 14.8021 0.475664 0.83704 0.270383 0.559021 0.81823 -0.533867 0.213272 36.6502 
0.385676 0.266769 -0.883226 12.0326 0.073835 0.945293 0.317757 3.88184 0.919675 -0.187764 0.34488 30.633 
0.385676 0.0758619 -0.91951 12.0623 0.073835 0.99088 0.112719 3.05121 0.919675 -0.111365 0.376558 30.6872 
0.933832 -0.0957666 -0.344655 9.77326 -0.16091 0.748052 -0.643838 12.4042 0.319477 0.656694 0.683145 -66.306 
0.933762 0.0706611 -0.350851 0.293354 -0.183932 0.935694 -0.301074 2.17 0.307015 0.345664 0.886712 -48.3401 
0.927013 0.193791 -0.321079 -1.33223 -0.210996 0.977296 -0.0193255 -1.21221 0.310044 0.0856613 0.946855 -46.1902 
0.927013 0.193791 -0.321079 -1.33223 -0.210996 0.977296 -0.0193255 -1.21221 0.310044 0.0856613 0.946855 -46.1902 
0.961216 -0.0798917 0.263973 26.7362 0.268546 0.489161 -0.829822 38.028 -0.0628296 0.868526 0.491644 -107.948 
0.891007 0 -0.453991 -0.69105 0 1 0 -8.65106 0.453991 0 0.891007 1.75788 
0.891007 0 -0.453991 -1.15142 0 1 0 -10.0125 0.453991 0 0.891007 3.15963 
0.866332 0.0226322 -0.498956 -4.03304 -0.000776538 0.999033 0.0439668 -7.09113 0.499469 -0.0377024 0.865511 8.34303 
0.931372 0.271748 0.242277 -37.1872 -0.35326 0.835501 0.420887 17.9609 -0.0880475 -0.477589 0.87416 71.7612 
0.917452 0.314469 0.243702 -44.1733 -0.368167 0.903233 0.220504 6.67583 -0.150778 -0.292025 0.944451 41.4814 
0.920571 0.20546 0.332168 -25.0312 -0.302198 0.913469 0.27249 5.8333 -0.247439 -0.351227 0.903002 52.6766 
0.906676 -0.311362 0.284591 54.6597 0.254793 0.94192 0.218784 -12.1544 -0.336183 -0.125854 0.93335 19.0876 
0.974607 -0.0845837 -0.207332 23.901 -0.0794305 0.735111 -0.673278 22.3784 0.20936 0.67265 0.709726 -96.5099 
0.969455 -0.0502742 0.240062 22.0049 0.235258 0.467392 -0.852173 40.6489 -0.0693608 0.88262 0.464943 -111.243 
0.935725 0.154947 0.316874 -19.0262 -0.324355 0.730993 0.600369 32.6135 -0.138607 -0.664561 0.734266 101.747 
0.935725 0.319113 -0.150283 -40.2412 -0.324355 0.611027 -0.722108 48.1165 -0.138607 0.724439 0.67526 -77.7524 
0.935725 0.220937 -0.274963 -30.918 -0.324355 0.232636 -0.916883 84.9453 -0.138607 0.947136 0.289346 -100.996 
0.70667 -0.391435 -0.589403 39.7341 0.454477 0.889576 -0.0458867 -2.34489 0.54228 -0.235443 0.806535 24.4161 
0.322845 0.10809 -0.940259 15.7278 0.479354 0.837939 0.260917 0.891792 0.816083 -0.534953 0.218711 36.582 
0.390701 0.273028 -0.879095 12.6618 0.0765998 0.942046 0.326623 4.10261 0.917325 -0.194951 0.347144 30.6567 
0.390701 0.0679569 -0.918006 12.6941 0.0765998 0.991412 0.105992 3.20853 0.917325 -0.11173 0.38214 30.7177 
0.934021 -0.0939807 -0.344635 9.60348 -0.159111 0.75433 -0.636922 12.2568 0.319827 0.649733 0.689607 -65.4527 
0.933905 0.0723016 -0.350134 0.132749 -0.182249 0.938817 -0.292247 2.20467 0.307582 0.336743 0.889943 -47.3794 
0.926616 0.193975 -0.322114 -1.46866 -0.211371 0.97721 -0.0195736 -1.08721 0.310976 0.0862226 0.946499 -45.2889 
0.926616 0.193975 -0.322114 -1.46866 -0.211371 0.97721 -0.0195736 -1.08721 0.310976 0.0862226 0.946499 -45.2889 
0.969455 -0.0502742 0.240062 22.0049 0.235258 0.467392 -0.852173 40.6489 -0.0693608 0.88262 0.464943 -111.243 
0.891007 0 -0.45399 -0.69105 0 1 0 -8.21016 0.45399 0 0.891007 1.90164 
0.891007 0 -0.45399 -1.15142 0 1 0 -9.57156 0.45399 0 0.891007 3.30339 
0.865418 0.0242843 -0.500462 -4.24507 -0.000788974 0.99889 0.0471056 -6.60744 0.50105 -0.0403712 0.864476 8.82263 
0.920244 0.267945 0.285233 -36.4506 -0.369555 0.834801 0.408088 18.4766 -0.128767 -0.48095 0.867241 72.3262 
0.902188 0.319547 0.289734 -44.8862 -0.384528 0.900159 0.204579 7.57689 -0.195434 -0.29598 0.934987 42.1418 
0.908063 0.201492 0.367182 -24.1444 -0.309922 0.912947 0.265472 6.35648 -0.281727 -0.354863 0.891461 53.3542 
0.895279 -0.297543 0.331577 52.4818 0.242286 0.949767 0.198092 -13.0296 -0.373862 -0.0970115 0.922397 14.4338 
0.971339 -0.0488007 -0.232636 18.7072 -0.122341 0.736475 -0.66531 23.06 0.203798 0.674702 0.709397 -98.4859 
0.976526 -0.0215981 0.214312 17.2596 0.201312 0.44541 -0.872401 43.3489 -0.0766147 0.895066 0.439303 -114.294 
0.922847 0.107535 0.369851 -11.4433 -0.337899 0.686928 0.643393 39.7057 -0.184874 -0.718726 0.670265 110.611 
0.922847 0.370725 -0.104485 -45.455 -0.337899 0.649029 -0.681605 44.6033 -0.184874 0.664323 0.724222 -68.1192 
0.922847 0.287402 -0.256426 -37.6869 -0.337899 0.284547 -0.897138 79.9908 -0.184874 0.914567 0.359706 -94.0211 
0.706825 -0.397561 -0.585102 40.3531 0.454983 0.888843 -0.0543082 -1.87328 0.541654 -0.227825 0.809139 23.8298 
0.322699 0.0963786 -0.941582 16.6543 0.483039 0.838732 0.251398 1.23413 0.813965 -0.535947 0.224103 36.507 
0.395605 0.279185 -0.874959 13.2935 0.079411 0.938711 0.335432 4.33218 0.914981 -0.20218 0.349189 30.6768 
0.395605 0.0600199 -0.916457 13.3283 0.079411 0.99189 0.0992394 3.37474 0.914981 -0.112036 0.38763 30.7449 
0.934212 -0.0921954 -0.344598 9.43383 -0.157309 0.760541 -0.629946 12.1164 0.320159 0.642711 0.696003 -64.5936 
0.934051 0.073935 -0.349402 -0.0273466 -0.180561 0.941853 -0.283392 2.24741 0.308132 0.327791 0.893089 -46.4148 
0.926218 0.194149 -0.323151 -1.60442 -0.211736 0.977126 -0.0198231 -0.954701 0.311911 0.0867832 0.94614 -44.3844 
0.926218 0.194149 -0.323151 -1.60442 -0.211736 0.977126 -0.0198231 -0.954702 0.311911 0.0867832 0.94614 -44.3844 
0.976526 -0.0215981 0.214312 17.2596 0.201312 0.44541 -0.872401 43.3489 -0.0766147 0.895066 0.439303 -114.294 
0.891007 0 -0.45399 -0.69105 0 1 0 -7.76925 0.45399 0 0.891007 2.0454 
0.891007 0 -0.45399 -1.15142 0 1 0 -9.13065 0.45399 0 0.891007 3.44715 
0.864501 0.0259412 -0.501961 -4.45766 -0.00079567 0.998737 0.050244 -6.12249 0.50263 -0.0430366 0.86343 9.30176 
0.90715 0.264108 0.327606 -35.7108 -0.385328 0.834225 0.394451 18.9711 -0.169119 -0.484062 0.858535 72.849 
0.884594 0.324543 0.33491 -45.588 -0.400165 0.897014 0.187705 8.48833 -0.239501 -0.300062 0.923364 42.821 
0.894286 0.197495 0.401557 -23.2487 -0.317318 0.912592 0.257847 6.8472 -0.315534 -0.358011 0.878787 53.945 
0.88206 -0.281929 0.377473 50.0094 0.230379 0.956976 0.176413 -13.8022 -0.410968 -0.0686447 0.909061 9.85539 
0.966226 -0.0124172 -0.257396 13.3728 -0.164992 0.737456 -0.654932 23.8197 0.19795 0.675281 0.710501 -100.238 
0.982361 0.00607771 0.186897 12.5115 0.166798 0.423345 -0.890482 46.1172 -0.0845338 0.905948 0.414863 -117.103 
0.907526 0.0531501 0.41662 -2.73356 -0.350838 0.641255 0.682425 47.0659 -0.230889 -0.765485 0.600602 118.318 
0.907526 0.416715 -0.0523983 -49.7167 -0.350838 0.683581 -0.640023 41.5961 -0.230889 0.59922 0.766567 -58.0418 
0.907526 0.351571 -0.229771 -43.827 -0.350838 0.333831 -0.874911 75.4653 -0.230889 0.874617 0.426305 -86.3564 
0.706974 -0.403644 -0.580741 40.9681 0.455493 0.888027 -0.0627218 -1.3934 0.541031 -0.220181 0.811669 23.2407 
0.322429 0.0846574 -0.942801 17.5814 0.48672 0.839418 0.241828 1.58609 0.811877 -0.536852 0.229448 36.4252 
0.400389 0.28524 -0.870819 13.9275 0.0822668 0.935291 0.344184 4.57063 0.912645 -0.209447 0.351015 30.6933 
0.400389 0.0520525 -0.914865 13.9649 0.0822668 0.992312 0.0924629 3.54994 0.912645 -0.112284 0.393029 30.7689 
0.934406 -0.0904108 -0.344544 9.26435 -0.155503 0.766682 -0.62291 11.9832 0.320474 0.635629 0.702334 -63.7289 
0.934201 0.0755611 -0.348654 -0.186909 -0.178868 0.944802 -0.274509 2.29827 0.308667 0.318809 0.89615 -45.4462 
0.92582 0.194312 -0.324191 -1.73949 -0.212092 0.977044 -0.0200737 -0.814641 0.312848 0.0873427 0.945779 -43.4768 
0.92582 0.194312 -0.324191 -1.73949 -0.212092 0.977044 -0.0200737 -0.814642 0.312848 0.0873427 0.945779 -43.4768 
0.982361 0.00607771 0.186897 12.5115 0.166798 0.423345 -0.890482 46.1172 -0.0845338 0.905948 0.414863 -117.103 
0.891007 0 -0.45399 -0.69105 0 1 0 -7.39434 0.45399 0 0.891007 1.80909 
0.891007 0 -0.45399 -1.15142 0 1 0 -8.75574 0.45399 0 0.891007 3.21084 
0.863581 0.0276026 -0.503453 -4.67082 -0.000796627 0.998574 0.0533818 -5.70229 0.504209 -0.0456985 0.862372 9.40036 
0.901207 0.262215 0.345065 -35.3427 -0.39239 0.831716 0.392784 19.717 -0.184002 -0.489379 0.852439 73.3138 
0.875704 0.326441 0.35578 -45.836 -0.407942 0.894385 0.183464 9.2514 -0.258314 -0.305798 0.916385 43.3541 
0.888315 0.192307 0.417031 -22.2384 -0.320713 0.909748 0.263632 7.71941 -0.328695 -0.367935 0.869818 55.2532 
0.878615 -0.274832 0.390517 48.8738 0.222427 0.959186 0.174608 -13.8139 -0.422566 -0.0665522 0.903885 8.99429 
0.954883 -0.00678411 -0.296905 12.6135 -0.191587 0.749817 -0.6333 22.9475 0.226921 0.66161 0.714688 -100.039 
0.987746 -0.00242361 0.156052 12.7707 0.142802 0.417476 -0.897397 46.9112 -0.0629729 0.908684 0.412707 -118.377 
0.899771 0.0404895 0.43448 -0.642234 -0.356979 0.640927 0.679543 47.4928 -0.250956 -0.766533 0.591142 118.098 
0.899771 0.435462 -0.0280196 -51.6842 -0.356979 0.697634 -0.621186 40.1646 -0.250956 0.568928 0.783162 -54.4818 
0.899771 0.379108 -0.216078 -46.6975 -0.356979 0.354719 -0.864141 73.3323 -0.250956 0.854665 0.454499 -83.7832 
0.707116 -0.409684 -0.57632 41.5791 0.456008 0.887129 -0.0711267 -0.97126 0.54041 -0.212512 0.814123 22.2687 
0.322729 0.074673 -0.943541 18.4022 0.487583 0.841313 0.233356 1.84594 0.811239 -0.535365 0.235107 35.8092 
0.404952 0.293022 -0.866113 14.4641 0.0819287 0.931818 0.353557 4.73892 0.91066 -0.214133 0.353335 30.1853 
0.404952 0.0459664 -0.913182 14.5022 0.0819287 0.992894 0.0863102 3.6548 0.91066 -0.109767 0.398308 30.2659 
0.934603 -0.0886272 -0.344473 9.09504 -0.153696 0.772755 -0.615815 11.7912 0.320771 0.628487 0.708598 -63.2386 
