21 84 0.833333 1
0.891007 0 -0.45399 -0.69105 0 1 0 -14.8238 0.45399 0 0.891007 -0.254758 
0.891007 0 -0.45399 -1.15142 0 1 0 -16.1852 0.45399 0 0.891007 1.147 
0.878814 0 -0.477164 -1.12561 0 1 0 -13.7325 0.477164 0 0.878814 1.58275 
0.874768 0.314754 -0.368388 -46.0098 -0.0958455 0.857663 0.505201 8.59448 0.474967 -0.406626 0.780424 59.7222 
0.874768 0.238679 -0.421678 -33.6164 -0.0958455 0.938302 0.332269 -4.77721 0.474967 -0.250243 0.843673 34.1984 
0.950797 0.238679 -0.197527 -33.1671 -0.173382 0.938302 0.299212 -4.83118 0.256756 -0.250243 0.933518 34.4245 
0.860208 -0.308133 -0.40632 52.9599 0.467971 0.793559 0.388931 6.23793 0.202597 -0.524708 0.826823 83.2116 
0.860208 -0.500275 0.0988287 77.6504 0.467971 0.697442 -0.54275 18.589 0.202597 0.513127 0.83406 -50.1515 
0.790677 -0.500275 0.352924 80.195 0.60952 0.697442 -0.376908 15.5491 -0.0575865 0.513127 0.856379 -43.5387 
0.874768 -0.0840494 -0.477196 17.6397 -0.0958455 0.935366 -0.340446 -0.4496 0.474967 0.343549 0.810173 -59.3289 
0.874768 -0.483367 0.0337085 69.2431 -0.0958455 -0.240809 -0.965828 151.546 0.474967 0.841645 -0.256981 -123.697 
0.874768 -0.419671 0.242191 63.594 -0.0958455 -0.639829 -0.762517 191.663 0.474967 0.643813 -0.599926 -105.198 
0.703889 -0.301574 -0.643113 30.6869 0.447934 0.891132 0.0723875 -8.07909 0.551268 -0.339025 0.762342 32.2849 
0.311722 0.269784 -0.911069 2.90538 0.428192 0.816077 0.388161 -2.92863 0.848222 -0.511111 0.13887 36.8851 
0.309639 0.17525 -0.934565 4.11753 0.0426429 0.97932 0.197771 1.78347 0.949897 -0.10109 0.295763 30.0076 
0.309639 0.17525 -0.934565 4.11753 0.0426429 0.97932 0.197771 1.78347 0.949897 -0.10109 0.295763 30.0076 
0.931637 -0.11896 -0.343367 11.986 -0.183958 0.660493 -0.727948 14.9398 0.313388 0.741348 0.593457 -76.8485 
0.932165 0.04876 -0.358736 2.4207 -0.205281 0.887387 -0.412801 2.43584 0.298209 0.45844 0.8372 -60.4309 
0.932165 0.190456 -0.307889 0.49669 -0.205281 0.97857 -0.0161787 -2.16881 0.298209 0.0782847 0.951285 -57.5864 
0.932165 0.190456 -0.307889 0.49669 -0.205281 0.97857 -0.0161787 -2.16881 0.298209 0.0782847 0.951285 -57.5864 
0.790677 -0.500275 0.352924 80.195 0.60952 0.697442 -0.376908 15.5491 -0.0575865 0.513127 0.856379 -43.5387 
0.891007 0 -0.45399 -0.69105 0 1 0 -14.8238 0.45399 0 0.891007 -0.254758 
0.891007 0 -0.45399 -1.15142 0 1 0 -16.1852 0.45399 0 0.891007 1.147 
0.878814 0 -0.477164 -1.12561 0 1 0 -13.7325 0.477164 0 0.878814 1.58275 
0.874768 0.314754 -0.368388 -46.0098 -0.0958455 0.857663 0.505201 8.59448 0.474967 -0.406626 0.780424 59.7222 
0.874768 0.238679 -0.421678 -33.6164 -0.0958455 0.938302 0.332269 -4.77721 0.474967 -0.250243 0.843673 34.1984 
0.950797 0.238679 -0.197527 -33.1671 -0.173382 0.938302 0.299212 -4.83118 0.256756 -0.250243 0.933518 34.4245 
0.860208 -0.308133 -0.40632 52.9599 0.467971 0.793559 0.388931 6.23793 0.202597 -0.524708 0.826823 83.2116 
0.860208 -0.500275 0.0988287 77.6504 0.467971 0.697442 -0.54275 18.589 0.202597 0.513127 0.83406 -50.1515 
0.790677 -0.500275 0.352924 80.195 0.60952 0.697442 -0.376908 15.5491 -0.0575865 0.513127 0.856379 -43.5387 
0.874768 -0.0840495 -0.477196 17.6397 -0.0958455 0.935366 -0.340447 -0.4496 0.474967 0.343549 0.810173 -59.3289 
0.874768 -0.483367 0.0337085 69.2431 -0.0958455 -0.240809 -0.965828 151.546 0.474967 0.841645 -0.256981 -123.697 
0.874768 -0.419671 0.242191 63.594 -0.0958455 -0.639829 -0.762517 191.663 0.474967 0.643813 -0.599926 -105.198 
0.703889 -0.301574 -0.643113 30.6869 0.447934 0.891132 0.0723875 -8.07909 0.551268 -0.339025 0.762342 32.2849 
0.311722 0.269784 -0.911068 2.90537 0.428192 0.816077 0.388161 -2.92863 0.848222 -0.511111 0.13887 36.8851 
0.309639 0.17525 -0.934564 4.11752 0.0426429 0.97932 0.197771 1.78347 0.949897 -0.10109 0.295763 30.0076 
0.309639 0.17525 -0.934564 4.11752 0.0426429 0.97932 0.197771 1.78347 0.949897 -0.10109 0.295763 30.0076 
0.931637 -0.11896 -0.343367 11.986 -0.183958 0.660493 -0.727948 14.9398 0.313388 0.741348 0.593457 -76.8485 
0.932165 0.04876 -0.358736 2.4207 -0.205281 0.887387 -0.4128 2.43584 0.298209 0.458439 0.8372 -60.4309 
0.932165 0.190456 -0.307889 0.496687 -0.205281 0.97857 -0.0161786 -2.1688 0.298209 0.0782847 0.951285 -57.5864 
0.932165 0.190456 -0.307889 0.496687 -0.205281 0.97857 -0.0161786 -2.1688 0.298209 0.0782847 0.951285 -57.5864 
0.790677 -0.500275 0.352924 80.195 0.60952 0.697442 -0.376908 15.5491 -0.0575865 0.513127 0.856379 -43.5387 
0.891006 0 -0.453991 -0.69105 0 1 0 -14.8238 0.453991 0 0.891006 -0.254758 
0.891006 0 -0.453991 -1.15143 0 1 0 -16.1852 0.453991 0 0.891006 1.147 
0.878814 0 -0.477164 -1.12561 0 1 0 -13.7325 0.477164 0 0.878814 1.58275 
0.874768 0.314754 -0.368389 -46.0098 -0.0958455 0.857663 0.505201 8.59449 0.474967 -0.406626 0.780424 59.7222 
0.874768 0.238679 -0.421678 -33.6164 -0.0958455 0.938302 0.332269 -4.77719 0.474967 -0.250243 0.843673 34.1984 
0.950797 0.238679 -0.197527 -33.1671 -0.173382 0.938302 0.299212 -4.83118 0.256756 -0.250243 0.933518 34.4245 
0.860208 -0.308132 -0.406321 52.9598 0.46797 0.793559 0.388931 6.23793 0.202597 -0.524708 0.826823 83.2116 
0.860208 -0.500275 0.0988287 77.6504 0.46797 0.697442 -0.54275 18.589 0.202597 0.513127 0.834059 -50.1515 
0.790677 -0.500275 0.352924 80.195 0.609519 0.697442 -0.376908 15.5491 -0.0575864 0.513127 0.856379 -43.5387 
0.874768 -0.0840494 -0.477196 17.6397 -0.0958455 0.935366 -0.340446 -0.4496 0.474967 0.343549 0.810173 -59.3289 
0.874768 -0.483367 0.0337085 69.2431 -0.0958455 -0.240809 -0.965828 151.546 0.474967 0.841645 -0.256981 -123.697 
0.874768 -0.419671 0.242191 63.594 -0.0958455 -0.639829 -0.762517 191.663 0.474967 0.643813 -0.599926 -105.198 
0.703889 -0.301574 -0.643113 30.6869 0.447934 0.891132 0.0723875 -8.07909 0.551268 -0.339025 0.762342 32.2849 
0.311722 0.269784 -0.911068 2.90537 0.428192 0.816077 0.388161 -2.92863 0.848222 -0.511111 0.13887 36.8851 
0.309639 0.17525 -0.934564 4.11752 0.0426429 0.97932 0.197771 1.78347 0.949897 -0.10109 0.295763 30.0076 
0.309639 0.17525 -0.934564 4.11752 0.0426429 0.97932 0.197771 1.78347 0.949897 -0.10109 0.295763 30.0076 
0.931637 -0.11896 -0.343367 11.986 -0.183957 0.660493 -0.727948 14.9398 0.313388 0.741348 0.593456 -76.8485 
0.932165 0.0487599 -0.358736 2.42071 -0.205281 0.887387 -0.412801 2.43584 0.298209 0.45844 0.8372 -60.4309 
0.932165 0.190456 -0.307889 0.496696 -0.205281 0.97857 -0.0161787 -2.16881 0.298209 0.0782848 0.951285 -57.5864 
0.932165 0.190456 -0.307889 0.496696 -0.205281 0.97857 -0.0161787 -2.16881 0.298209 0.0782848 0.951285 -57.5864 
0.790677 -0.500275 0.352924 80.195 0.609519 0.697442 -0.376908 15.5491 -0.0575864 0.513127 0.856379 -43.5387 
0.891007 0 -0.45399 -0.69105 0 1 0 -14.8238 0.45399 0 0.891007 -0.254758 
0.891007 0 -0.45399 -1.15142 0 1 0 -16.1852 0.45399 0 0.891007 1.147 
0.878814 0 -0.477164 -1.12561 0 1 0 -13.7325 0.477164 0 0.878814 1.58275 
0.874768 0.314754 -0.368388 -46.0098 -0.0958455 0.857663 0.505201 8.59449 0.474967 -0.406626 0.780424 59.7222 
0.874768 0.238679 -0.421678 -33.6164 -0.0958455 0.938302 0.332269 -4.77719 0.474967 -0.250243 0.843673 34.1984 
0.950797 0.238679 -0.197527 -33.1671 -0.173382 0.938302 0.299212 -4.83118 0.256756 -0.250243 0.933518 34.4245 
0.860208 -0.308132 -0.40632 52.9598 0.46797 0.793559 0.388931 6.23795 0.202597 -0.524708 0.826823 83.2116 
0.860208 -0.500275 0.0988287 77.6504 0.46797 0.697442 -0.54275 18.589 0.202597 0.513127 0.834059 -50.1515 
0.790677 -0.500275 0.352924 80.195 0.609519 0.697442 -0.376908 15.5491 -0.0575865 0.513127 0.856379 -43.5387 
0.874768 -0.0840495 -0.477196 17.6397 -0.0958455 0.935366 -0.340446 -0.4496 0.474967 0.343549 0.810173 -59.3289 
0.874768 -0.483367 0.0337085 69.2431 -0.0958455 -0.240809 -0.965828 151.546 0.474967 0.841645 -0.256981 -123.697 
0.874768 -0.419671 0.242191 63.594 -0.0958455 -0.639829 -0.762517 191.663 0.474967 0.643813 -0.599926 -105.198 
0.703889 -0.301574 -0.643113 30.6869 0.447934 0.891132 0.0723875 -8.07909 0.551268 -0.339025 0.762342 32.2849 
0.311722 0.269784 -0.911068 2.90537 0.428192 0.816077 0.388161 -2.92863 0.848222 -0.511111 0.13887 36.8851 
0.309639 0.17525 -0.934564 4.11752 0.0426429 0.97932 0.197771 1.78347 0.949897 -0.10109 0.295763 30.0076 
0.309639 0.17525 -0.934564 4.11752 0.0426429 0.97932 0.197771 1.78347 0.949897 -0.10109 0.295763 30.0076 
0.931637 -0.11896 -0.343367 11.986 -0.183957 0.660493 -0.727948 14.9398 0.313388 0.741348 0.593457 -76.8485 
0.932165 0.04876 -0.358736 2.42069 -0.205281 0.887387 -0.4128 2.43583 0.298209 0.458439 0.837201 -60.4309 
0.932165 0.190456 -0.307889 0.496685 -0.205281 0.97857 -0.0161785 -2.16882 0.298209 0.0782846 0.951285 -57.5864 
0.932165 0.190456 -0.307889 0.496686 -0.205281 0.97857 -0.0161785 -2.16882 0.298209 0.0782846 0.951285 -57.5864 
0.790677 -0.500275 0.352924 80.195 0.609519 0.697442 -0.376908 15.5491 -0.0575865 0.513127 0.856379 -43.5387 
0.891007 0 -0.45399 -0.69105 0 1 0 -14.8238 0.45399 0 0.891007 -0.254758 
0.891007 0 -0.45399 -1.15142 0 1 0 -16.1852 0.45399 0 0.891007 1.147 
0.878814 0 -0.477164 -1.12561 0 1 0 -13.7325 0.477164 0 0.878814 1.58275 
0.874768 0.314754 -0.368388 -46.0098 -0.0958455 0.857663 0.505201 8.59448 0.474967 -0.406626 0.780424 59.7222 
0.874768 0.238679 -0.421678 -33.6164 -0.0958455 0.938302 0.332269 -4.77721 0.474967 -0.250243 0.843673 34.1984 
0.950797 0.238679 -0.197527 -33.1671 -0.173382 0.938302 0.299212 -4.83118 0.256755 -0.250243 0.933518 34.4245 
0.860208 -0.308132 -0.40632 52.9598 0.467971 0.793559 0.388931 6.23793 0.202597 -0.524708 0.826823 83.2116 
0.860208 -0.500275 0.0988287 77.6504 0.467971 0.697442 -0.54275 18.589 0.202597 0.513127 0.834059 -50.1515 
0.790676 -0.500275 0.352924 80.195 0.60952 0.697442 -0.376908 15.5491 -0.0575866 0.513127 0.856379 -43.5387 
0.874768 -0.0840494 -0.477196 17.6397 -0.0958455 0.935366 -0.340447 -0.4496 0.474967 0.343549 0.810173 -59.3289 
0.874768 -0.483367 0.0337085 69.2431 -0.0958455 -0.240809 -0.965828 151.546 0.474967 0.841645 -0.256981 -123.697 
0.874768 -0.419671 0.242191 63.594 -0.0958455 -0.639829 -0.762517 191.663 0.474967 0.643813 -0.599926 -105.198 
0.703889 -0.301574 -0.643113 30.6869 0.447934 0.891132 0.0723875 -8.07909 0.551268 -0.339025 0.762342 32.2849 
0.311722 0.269784 -0.911068 2.90537 0.428192 0.816077 0.388161 -2.92863 0.848222 -0.511111 0.13887 36.8851 
0.309639 0.17525 -0.934564 4.11752 0.0426429 0.97932 0.197771 1.78347 0.949897 -0.10109 0.295763 30.0076 
0.309639 0.17525 -0.934564 4.11752 0.0426429 0.97932 0.197771 1.78347 0.949897 -0.10109 0.295763 30.0076 
0.931637 -0.11896 -0.343367 11.986 -0.183958 0.660493 -0.727948 14.9398 0.313388 0.741348 0.593456 -76.8485 
0.932165 0.0487599 -0.358736 2.4207 -0.205281 0.887387 -0.412801 2.43584 0.298209 0.45844 0.8372 -60.4309 
0.932165 0.190456 -0.307889 0.496695 -0.205281 0.97857 -0.0161787 -2.16881 0.298209 0.0782848 0.951285 -57.5864 
0.932165 0.190456 -0.307889 0.496695 -0.205281 0.97857 -0.0161787 -2.1688 0.298209 0.0782848 0.951285 -57.5864 
0.790676 -0.500275 0.352924 80.195 0.60952 0.697442 -0.376908 15.5491 -0.0575866 0.513127 0.856379 -43.5387 
0.891007 0 -0.45399 -0.69105 0 1 0 -14.8238 0.45399 0 0.891007 -0.254758 
0.891007 0 -0.45399 -1.15142 0 1 0 -16.1852 0.45399 0 0.891007 1.147 
0.878814 0 -0.477164 -1.12561 0 1 0 -13.7325 0.477164 0 0.878814 1.58275 
0.874768 0.314754 -0.368388 -46.0098 -0.0958455 0.857663 0.505201 8.59448 0.474967 -0.406626 0.780424 59.7222 
0.874768 0.238679 -0.421678 -33.6164 -0.0958455 0.938302 0.332269 -4.77721 0.474967 -0.250243 0.843673 34.1984 
0.950797 0.238679 -0.197527 -33.1671 -0.173382 0.938302 0.299212 -4.83118 0.256756 -0.250243 0.933518 34.4245 
0.860208 -0.308132 -0.40632 52.9598 0.467971 0.793559 0.388931 6.23793 0.202597 -0.524708 0.826823 83.2116 
0.860208 -0.500275 0.0988287 77.6504 0.467971 0.697442 -0.54275 18.589 0.202597 0.513127 0.834059 -50.1515 
0.790676 -0.500275 0.352924 80.195 0.60952 0.697442 -0.376908 15.5491 -0.0575865 0.513127 0.856379 -43.5387 
0.874768 -0.0840494 -0.477196 17.6397 -0.0958455 0.935366 -0.340446 -0.4496 0.474967 0.343549 0.810173 -59.3289 
0.874768 -0.483367 0.0337085 69.2431 -0.0958455 -0.240809 -0.965828 151.546 0.474967 0.841645 -0.256981 -123.697 
0.874768 -0.419671 0.242191 63.594 -0.0958455 -0.639829 -0.762517 191.663 0.474967 0.643813 -0.599926 -105.198 
0.703889 -0.301574 -0.643113 30.6869 0.447934 0.891132 0.0723875 -8.07909 0.551268 -0.339025 0.762342 32.2849 
0.311722 0.269784 -0.911068 2.90537 0.428192 0.816077 0.388161 -2.92863 0.848222 -0.511111 0.13887 36.8851 
0.309639 0.17525 -0.934564 4.11752 0.0426429 0.97932 0.197771 1.78347 0.949897 -0.10109 0.295763 30.0076 
0.309639 0.17525 -0.934564 4.11752 0.0426429 0.97932 0.197771 1.78347 0.949897 -0.10109 0.295763 30.0076 
0.931637 -0.11896 -0.343367 11.986 -0.183958 0.660493 -0.727948 14.9398 0.313388 0.741348 0.593457 -76.8485 
0.932165 0.04876 -0.358736 2.4207 -0.205281 0.887387 -0.412801 2.43584 0.298209 0.45844 0.837201 -60.4309 
0.932165 0.190456 -0.307889 0.496691 -0.205281 0.97857 -0.0161787 -2.16881 0.298209 0.0782847 0.951285 -57.5864 
0.932165 0.190456 -0.307889 0.496692 -0.205281 0.97857 -0.0161787 -2.16881 0.298209 0.0782847 0.951285 -57.5864 
0.790676 -0.500275 0.352924 80.195 0.60952 0.697442 -0.376908 15.5491 -0.0575865 0.513127 0.856379 -43.5387 
0.891007 0 -0.453991 -0.69105 0 1 0 -14.8238 0.453991 0 0.891007 -0.254758 
0.891007 0 -0.453991 -1.15142 0 1 0 -16.1852 0.453991 0 0.891007 1.147 
0.878814 0 -0.477164 -1.12561 0 1 0 -13.7325 0.477164 0 0.878814 1.58275 
0.874768 0.314754 -0.368388 -46.0098 -0.0958455 0.857663 0.505201 8.59448 0.474967 -0.406626 0.780424 59.7222 
0.874768 0.238679 -0.421678 -33.6164 -0.0958455 0.938302 0.332269 -4.77721 0.474967 -0.250243 0.843673 34.1984 
0.950797 0.238679 -0.197527 -33.1671 -0.173382 0.938302 0.299212 -4.83118 0.256756 -0.250243 0.933518 34.4245 
0.860208 -0.308132 -0.40632 52.9598 0.467971 0.793559 0.388931 6.23793 0.202597 -0.524708 0.826823 83.2116 
0.860208 -0.500275 0.0988287 77.6504 0.467971 0.697442 -0.54275 18.589 0.202597 0.513127 0.834059 -50.1515 
0.790677 -0.500275 0.352924 80.195 0.60952 0.697442 -0.376908 15.5491 -0.0575865 0.513127 0.856379 -43.5387 
0.874768 -0.0840494 -0.477196 17.6397 -0.0958455 0.935366 -0.340446 -0.4496 0.474967 0.343549 0.810173 -59.3289 
0.874768 -0.483367 0.0337085 69.2431 -0.0958455 -0.240809 -0.965828 151.546 0.474967 0.841645 -0.256981 -123.697 
0.874768 -0.419671 0.242191 63.594 -0.0958455 -0.639829 -0.762517 191.663 0.474967 0.643813 -0.599926 -105.198 
0.703889 -0.301574 -0.643113 30.6869 0.447934 0.891132 0.0723875 -8.07909 0.551268 -0.339025 0.762342 32.2849 
0.311722 0.269784 -0.911069 2.90537 0.428192 0.816077 0.388161 -2.92863 0.848222 -0.511111 0.13887 36.8851 
0.309639 0.17525 -0.934565 4.11752 0.0426429 0.97932 0.197771 1.78347 0.949897 -0.10109 0.295763 30.0076 
0.309639 0.17525 -0.934565 4.11752 0.0426429 0.97932 0.197771 1.78347 0.949897 -0.10109 0.295763 30.0076 
0.931637 -0.11896 -0.343367 11.986 -0.183958 0.660493 -0.727948 14.9398 0.313388 0.741348 0.593457 -76.8485 
0.932165 0.04876 -0.358736 2.4207 -0.205281 0.887387 -0.412801 2.43584 0.298209 0.45844 0.837201 -60.4309 
0.932165 0.190456 -0.307889 0.496692 -0.205281 0.97857 -0.0161785 -2.16881 0.298209 0.0782846 0.951285 -57.5864 
0.932165 0.190456 -0.307889 0.496693 -0.205281 0.97857 -0.0161785 -2.16881 0.298209 0.0782846 0.951285 -57.5864 
0.790677 -0.500275 0.352924 80.195 0.60952 0.697442 -0.376908 15.5491 -0.0575865 0.513127 0.856379 -43.5387 
0.891007 0 -0.45399 -0.69105 0 1 0 -14.8238 0.45399 0 0.891007 -0.254758 
0.891007 0 -0.45399 -1.15142 0 1 0 -16.1852 0.45399 0 0.891007 1.147 
0.878814 0 -0.477164 -1.12561 0 1 0 -13.7325 0.477164 0 0.878814 1.58275 
0.874768 0.314754 -0.368388 -46.0098 -0.0958455 0.857663 0.505201 8.59449 0.474967 -0.406626 0.780424 59.7222 
0.874768 0.238679 -0.421678 -33.6164 -0.0958455 0.938302 0.332269 -4.77719 0.474967 -0.250243 0.843673 34.1984 
0.950797 0.238679 -0.197527 -33.1671 -0.173382 0.938302 0.299212 -4.83118 0.256756 -0.250243 0.933518 34.4245 
0.860208 -0.308132 -0.40632 52.9598 0.46797 0.793559 0.388931 6.23793 0.202597 -0.524708 0.826823 83.2116 
0.860208 -0.500275 0.0988287 77.6504 0.46797 0.697442 -0.54275 18.589 0.202597 0.513127 0.83406 -50.1515 
0.790677 -0.500275 0.352924 80.195 0.609519 0.697442 -0.376908 15.5491 -0.0575865 0.513127 0.856379 -43.5387 
0.874768 -0.0840494 -0.477196 17.6397 -0.0958455 0.935366 -0.340446 -0.4496 0.474967 0.343549 0.810173 -59.3289 
0.874768 -0.483367 0.0337085 69.2431 -0.0958455 -0.240809 -0.965828 151.546 0.474967 0.841645 -0.256981 -123.697 
0.874768 -0.419671 0.242191 63.594 -0.0958455 -0.639829 -0.762517 191.663 0.474967 0.643813 -0.599926 -105.198 
0.703889 -0.301574 -0.643113 30.6869 0.447934 0.891132 0.0723875 -8.07909 0.551268 -0.339025 0.762342 32.2849 
0.311722 0.269784 -0.911069 2.90538 0.428192 0.816077 0.388161 -2.92863 0.848222 -0.511111 0.13887 36.8851 
0.309639 0.17525 -0.934565 4.11753 0.0426429 0.97932 0.197771 1.78347 0.949897 -0.10109 0.295763 30.0076 
0.309639 0.17525 -0.934565 4.11753 0.0426429 0.97932 0.197771 1.78347 0.949897 -0.10109 0.295763 30.0076 
0.931637 -0.11896 -0.343367 11.986 -0.183958 0.660493 -0.727948 14.9398 0.313388 0.741348 0.593456 -76.8485 
0.932165 0.04876 -0.358736 2.4207 -0.205281 0.887387 -0.412801 2.43584 0.298209 0.45844 0.8372 -60.4309 
0.932165 0.190456 -0.307889 0.496691 -0.205281 0.97857 -0.0161787 -2.1688 0.298209 0.0782848 0.951285 -57.5864 
0.932165 0.190456 -0.307889 0.496692 -0.205281 0.97857 -0.0161787 -2.1688 0.298209 0.0782848 0.951285 -57.5864 
0.790677 -0.500275 0.352924 80.195 0.609519 0.697442 -0.376908 15.5491 -0.0575865 0.513127 0.856379 -43.5387 
0.891007 0 -0.45399 -0.69105 0 1 0 -14.8238 0.45399 0 0.891007 -0.254758 
0.891007 0 -0.45399 -1.15142 0 1 0 -16.1852 0.45399 0 0.891007 1.147 
0.878814 0 -0.477164 -1.12561 0 1 0 -13.7325 0.477164 0 0.878814 1.58275 
0.874768 0.314754 -0.368388 -46.0098 -0.0958455 0.857663 0.505201 8.59448 0.474967 -0.406626 0.780424 59.7222 
0.874768 0.238679 -0.421678 -33.6164 -0.0958455 0.938302 0.332269 -4.77721 0.474967 -0.250243 0.843673 34.1984 
0.950797 0.238679 -0.197527 -33.1671 -0.173382 0.938302 0.299212 -4.83118 0.256756 -0.250243 0.933518 34.4245 
0.860208 -0.308133 -0.40632 52.9599 0.467971 0.793559 0.388931 6.23793 0.202597 -0.524708 0.826823 83.2116 
0.860208 -0.500275 0.0988287 77.6504 0.467971 0.697442 -0.54275 18.589 0.202597 0.513127 0.83406 -50.1515 
0.790677 -0.500275 0.352924 80.195 0.60952 0.697442 -0.376908 15.5491 -0.0575865 0.513127 0.856379 -43.5387 
0.874768 -0.0840494 -0.477196 17.6397 -0.0958455 0.935366 -0.340446 -0.4496 0.474967 0.343549 0.810173 -59.3289 
0.874768 -0.483367 0.0337085 69.2431 -0.0958455 -0.240809 -0.965828 151.546 0.474967 0.841645 -0.256981 -123.697 
0.874768 -0.419671 0.242191 63.594 -0.0958455 -0.639829 -0.762517 191.663 0.474967 0.643813 -0.599926 -105.198 
0.703889 -0.301574 -0.643113 30.6869 0.447934 0.891132 0.0723875 -8.07909 0.551268 -0.339025 0.762342 32.2849 
0.311722 0.269784 -0.911068 2.90537 0.428192 0.816077 0.388161 -2.92863 0.848222 -0.511111 0.13887 36.8851 
0.309639 0.17525 -0.934564 4.11752 0.0426429 0.97932 0.197771 1.78347 0.949897 -0.10109 0.295763 30.0076 
0.309639 0.17525 -0.934564 4.11752 0.0426429 0.97932 0.197771 1.78347 0.949897 -0.10109 0.295763 30.0076 
0.931637 -0.11896 -0.343367 11.986 -0.183958 0.660493 -0.727948 14.9398 0.313388 0.741348 0.593457 -76.8485 
0.932165 0.04876 -0.358736 2.4207 -0.205281 0.887387 -0.412801 2.43584 0.298209 0.45844 0.8372 -60.4309 
0.932165 0.190456 -0.307889 0.49669 -0.205281 0.97857 -0.0161787 -2.16881 0.298209 0.0782847 0.951285 -57.5864 
0.932165 0.190456 -0.307889 0.49669 -0.205281 0.97857 -0.0161787 -2.16881 0.298209 0.0782847 0.951285 -57.5864 
0.790677 -0.500275 0.352924 80.195 0.60952 0.697442 -0.376908 15.5491 -0.0575865 0.513127 0.856379 -43.5387 
0.891007 0 -0.453991 -0.69105 0 1 0 -14.0694 0.453991 0 0.891007 -1.20495 
0.891007 0 -0.453991 -1.15143 0 1 0 -15.4308 0.453991 0 0.891007 0.196801 
0.878814 0 -0.477164 -1.12561 0 1 0 -12.9781 0.477164 0 0.878814 0.63256 
0.875836 0.312133 -0.368081 -45.6319 -0.0863893 0.851771 0.516743 10.2367 0.474813 -0.420784 0.772977 60.7818 
0.875836 0.236166 -0.420876 -33.2555 -0.0863893 0.93472 0.344724 -3.5121 0.474813 -0.265562 0.839064 35.4509 
0.951639 0.237894 -0.194394 -33.1084 -0.167219 0.931911 0.321838 -2.98476 0.257721 -0.273767 0.926624 37.1692 
0.859545 -0.302979 -0.411565 52.1798 0.472993 0.776604 0.416129 9.62123 0.193545 -0.55235 0.810833 86.6575 
0.859545 -0.50273 0.0918972 77.8481 0.472993 0.714455 -0.515588 17.6074 0.193545 0.486638 0.851894 -46.8537 
0.792129 -0.50273 0.346114 80.3399 0.606142 0.714455 -0.349493 14.7795 -0.0715824 0.486638 0.870666 -40.1278 
0.876514 -0.0626126 -0.477287 14.24 -0.0941258 0.950073 -0.297492 -2.41122 0.472084 0.305681 0.826859 -54.6982 
0.876514 -0.481325 0.00700375 68.3498 -0.0941258 -0.185639 -0.978099 144.356 0.472084 0.856659 -0.208021 -125.9 
0.876514 -0.429542 0.217294 63.8851 -0.0941258 -0.595622 -0.797731 185.486 0.472084 0.678769 -0.562503 -109.41 
0.729824 -0.323783 -0.602097 32.8058 0.408225 0.912873 0.00391952 -9.3609 0.548369 -0.248652 0.798413 22.4395 
0.367232 0.311746 -0.87633 1.0093 0.384958 0.806738 0.448309 -2.14121 0.846728 -0.501984 0.176251 31.613 
0.340687 0.254196 -0.905161 2.18488 -0.00176348 0.962928 0.269754 2.54782 0.940175 -0.0903056 0.328505 24.8601 
0.340687 0.254196 -0.905161 2.18488 -0.00176348 0.962928 0.269754 2.54782 0.940175 -0.0903056 0.328505 24.8601 
0.931317 -0.115155 -0.345525 11.5941 -0.183057 0.67216 -0.71742 14.5715 0.314862 0.731397 0.604914 -76.7468 
0.932209 0.0439868 -0.359237 2.52452 -0.195862 0.89599 -0.398548 2.35217 0.304342 0.441891 0.843865 -59.9079 
0.938825 0.179544 -0.29389 0.614644 -0.192835 0.98109 -0.0166382 -2.01495 0.285346 0.0722928 0.955694 -57.3957 
0.938825 0.17723 -0.295291 0.610328 -0.192835 0.980929 -0.0243431 -2.04457 0.285346 0.0797965 0.955097 -57.4015 
0.795838 -0.498875 0.343169 79.8658 0.601963 0.713095 -0.359355 14.9479 -0.0654386 0.492564 0.867812 -40.8568 
0.891007 0 -0.45399 -0.69105 0 1 0 -12.9378 0.45399 0 0.891007 -2.63025 
0.891007 0 -0.45399 -1.15142 0 1 0 -14.2992 0.45399 0 0.891007 -1.22849 
0.878814 0 -0.477164 -1.12561 0 1 0 -11.8465 0.477164 0 0.878814 -0.792734 
0.877399 0.308179 -0.367692 -45.0618 -0.0722083 0.842502 0.533832 12.7612 0.474297 -0.441833 0.761463 62.3428 
0.877399 0.232358 -0.419739 -32.7087 -0.0722083 0.928882 0.363267 -1.54756 0.474297 -0.288422 0.831779 37.3124 
0.952881 0.236612 -0.189825 -33.0036 -0.157946 0.92125 0.35546 -0.0388641 0.258983 -0.308728 0.915213 41.2274 
0.858499 -0.295082 -0.419412 50.9828 0.480253 0.749416 0.455777 14.9781 0.179823 -0.592708 0.785087 91.6589 
0.858499 -0.50632 0.0813598 78.1272 0.480253 0.738172 -0.473771 16.423 0.179823 0.445805 0.876882 -41.7915 
0.7943 -0.50632 0.33575 80.5387 0.600492 0.738172 -0.307428 13.9205 -0.0921836 0.445805 0.890371 -34.909 
0.878787 -0.0306395 -0.476229 9.15497 -0.0918383 0.968424 -0.231775 -4.78923 0.468294 0.247417 0.848225 -47.4831 
0.878787 -0.476098 -0.032614 66.7212 -0.0918383 -0.101659 -0.990571 133.497 0.468294 0.873496 -0.133061 -128.391 
0.878787 -0.442211 0.179395 64.0326 -0.0918383 -0.525609 -0.845755 175.897 0.468294 0.726763 -0.50251 -115.03 
0.76868 -0.348199 -0.536553 35.1078 0.349937 0.931103 -0.102917 -9.87024 0.535421 -0.10865 0.837567 7.25645 
0.452451 0.365081 -0.813636 -1.67806 0.320515 0.78483 0.530389 0.0895958 0.832201 -0.500757 0.238083 24.3351 
0.39117 0.364996 -0.844845 -0.653276 -0.0640085 0.92656 0.370662 4.72642 0.91809 -0.0909147 0.385805 17.7337 
0.39117 0.364996 -0.844845 -0.653275 -0.0640085 0.92656 0.370662 4.72642 0.91809 -0.0909147 0.385805 17.7337 
0.930849 -0.109384 -0.348649 11.0003 -0.181663 0.689343 -0.701288 14.0523 0.317048 0.71613 0.621803 -76.5616 
0.932279 0.0368476 -0.359859 2.67678 -0.181413 0.908282 -0.376979 2.27983 0.312963 0.416733 0.853456 -59.0978 
0.948281 0.163408 -0.272143 0.773258 -0.174442 0.984526 -0.0166861 -1.74561 0.265205 0.0632962 0.962112 -57.0929 
0.948281 0.158033 -0.275299 0.763612 -0.174442 0.984009 -0.0360127 -1.81984 0.265205 0.0821738 0.960684 -57.1072 
0.803322 -0.49688 0.328303 79.3776 0.590637 0.735333 -0.332314 14.2723 -0.0762919 0.460863 0.884186 -36.7617 
0.891007 0 -0.45399 -0.69105 0 1 0 -11.8062 0.45399 0 0.891007 -4.05554 
0.891007 0 -0.45399 -1.15142 0 1 0 -13.1676 0.45399 0 0.891007 -2.65379 
0.878814 0 -0.477164 -1.12561 0 1 0 -10.7149 0.477164 0 0.878814 -2.21803 
0.878913 0.304198 -0.36739 -44.4883 -0.0580386 0.832721 0.550643 15.3583 0.473438 -0.462644 0.749544 63.8681 
0.878913 0.228507 -0.418684 -32.1558 -0.0580386 0.922489 0.381636 0.496887 0.473438 -0.311125 0.82405 39.1516 
0.954094 0.235212 -0.185417 -32.8799 -0.148641 0.909313 0.388659 3.1162 0.260019 -0.343257 0.902532 45.2081 
0.857392 -0.286975 -0.427229 49.7517 0.487181 0.720187 0.493948 20.6635 0.165934 -0.631645 0.757292 96.4436 
0.857392 -0.509792 0.0706471 78.3839 0.487181 0.759667 -0.430768 15.5903 0.165934 0.403755 0.899693 -36.6066 
0.796465 -0.509792 0.3252 80.7136 0.594167 0.759667 -0.264333 13.4214 -0.112289 0.403755 0.90795 -29.5842 
0.88065 0.00105767 -0.473766 4.09667 -0.0898393 0.982226 -0.164803 -6.47108 0.465172 0.187697 0.865093 -39.9908 
0.88065 -0.468331 -0.0715636 64.7554 -0.0898393 -0.0167676 -0.995815 122.628 0.465172 0.883394 -0.056841 -129.895 
0.88065 -0.452305 0.140982 63.8356 -0.0898393 -0.451607 -0.887682 165.991 0.465172 0.769072 -0.438343 -119.779 
0.806738 -0.36149 -0.467438 36.316 0.294283 0.931755 -0.212671 -8.65495 0.512416 0.034011 0.858063 -8.16172 
0.538311 0.4043 -0.739433 -4.03574 0.257956 0.756248 0.601288 3.42119 0.802296 -0.514422 0.302805 17.9261 
0.445889 0.46252 -0.766328 -3.2754 -0.120574 0.879381 0.460598 8.00078 0.88693 -0.112976 0.447874 11.4503 
0.445889 0.46252 -0.766328 -3.2754 -0.120574 0.879381 0.460598 8.00078 0.88693 -0.112976 0.447874 11.4503 
0.930394 -0.10354 -0.351635 10.3999 -0.180216 0.706138 -0.684757 13.574 0.319202 0.700464 0.638326 -76.338 
0.932352 0.029728 -0.360327 2.8253 -0.166601 0.919827 -0.355195 2.27213 0.320879 0.391198 0.862555 -58.2589 
0.95706 0.14757 -0.249516 0.909798 -0.156435 0.987559 -0.0159629 -1.42996 0.244056 0.0543105 0.968239 -56.771 
0.95706 0.13966 -0.254028 0.89611 -0.156435 0.986571 -0.046975 -1.54901 0.244056 0.0846968 0.966055 -56.7936 
0.810492 -0.495011 0.313155 78.8956 0.579393 0.756049 -0.304456 13.8706 -0.0860516 0.428199 0.899578 -32.5918 
0.891007 0 -0.45399 -0.69105 0 1 0 -10.6746 0.45399 0 0.891007 -5.48083 
0.891007 0 -0.45399 -1.15142 0 1 0 -12.036 0.45399 0 0.891007 -4.07908 
0.878814 0 -0.477164 -1.12561 0 1 0 -9.5833 0.477164 0 0.878814 -3.64332 
0.880378 0.300193 -0.367177 -43.9117 -0.0438886 0.822433 0.567166 18.0272 0.472238 -0.483205 0.737227 65.3561 
0.880378 0.224617 -0.41771 -31.5971 -0.0438886 0.915543 0.399818 2.62071 0.472238 -0.333658 0.815882 40.9666 
0.95528 0.233701 -0.181172 -32.7385 -0.13931 0.896116 0.421389 6.47734 0.26083 -0.377305 0.888599 49.1032 
0.856224 -0.278651 -0.43501 48.4851 0.493771 0.688999 0.530537 26.6651 0.151887 -0.669054 0.727527 100.995 
0.856224 -0.513137 0.0597537 78.6169 0.493771 0.778881 -0.386696 15.1152 0.151887 0.360604 0.920269 -31.3175 
0.798627 -0.513137 0.31446 80.8633 0.5872 0.778881 -0.220319 13.287 -0.131873 0.360604 0.923349 -24.1722 
0.882109 0.0324166 -0.469928 -0.924728 -0.0880575 0.99139 -0.0969057 -7.43925 0.462741 0.126862 0.877369 -32.2743 
0.882109 -0.458095 -0.109692 62.4636 -0.0880575 0.0683967 -0.993764 111.838 0.462741 0.886268 0.0199945 -130.412 
0.882109 -0.459819 0.102225 63.2982 -0.0880575 -0.374163 -0.923173 155.848 0.462741 0.805337 -0.370543 -123.628 
0.843185 -0.363371 -0.396233 36.4044 0.242458 0.914816 -0.322994 -5.71683 0.479847 0.176274 0.859461 -23.5152 
0.622736 0.426826 -0.655759 -5.91297 0.199034 0.724119 0.660331 7.66107 0.756694 -0.54173 0.365982 12.4446 
0.504149 0.542355 -0.672075 -5.52453 -0.170906 0.825474 0.537944 12.1917 0.846537 -0.156342 0.508854 6.0914 
0.504149 0.542355 -0.672075 -5.52453 -0.170906 0.825474 0.537944 12.1917 0.846537 -0.156342 0.508854 6.0914 
0.929952 -0.0976257 -0.354483 9.79304 -0.178717 0.722534 -0.667835 13.1374 0.321324 0.684407 0.654475 -76.0769 
0.932431 0.0226225 -0.36064 2.97054 -0.151454 0.93061 -0.333206 2.32983 0.328077 0.365312 0.871156 -57.3934 
0.965127 0.132056 -0.226034 1.02416 -0.138876 0.990204 -0.0144712 -1.06805 0.221909 0.0453573 0.974012 -56.4314 
0.965127 0.122172 -0.231526 1.00762 -0.138876 0.988655 -0.0572181 -1.23206 0.221909 0.0873762 0.971145 -56.4621 
0.817342 -0.493265 0.297725 78.4193 0.568309 0.775205 -0.275829 13.7448 -0.0947415 0.394647 0.913935 -28.361 
0.891006 0 -0.453991 -0.69105 0 1 0 -9.543 0.453991 0 0.891006 -6.90613 
0.891006 0 -0.453991 -1.15143 0 1 0 -10.9044 0.453991 0 0.891006 -5.50438 
0.878814 0 -0.477164 -1.12561 0 1 0 -8.45171 0.477164 0 0.878814 -5.06862 
0.881793 0.296166 -0.367051 -43.3323 -0.0297666 0.811646 0.583391 20.767 0.470696 -0.503504 0.72452 66.8051 
0.881793 0.220688 -0.416819 -31.0329 -0.0297666 0.90805 0.417803 4.8233 0.470696 -0.356008 0.807281 42.7554 
0.956437 0.232088 -0.177094 -32.5808 -0.129958 0.881678 0.453602 10.0412 0.261415 -0.410827 0.873432 52.9049 
0.854997 -0.270098 -0.44275 47.1814 0.500021 0.655936 0.565443 32.97 0.137691 -0.704837 0.695878 105.296 
0.854997 -0.516344 0.0486735 78.8244 0.500021 0.795761 -0.341678 15.0023 0.137691 0.316471 0.938556 -25.9432 
0.800789 -0.516344 0.303523 80.9861 0.579623 0.795761 -0.175504 13.5212 -0.150911 0.316471 0.936521 -18.6921 
0.883171 0.0633782 -0.464749 -5.89951 -0.0864199 0.995853 -0.0284198 -7.68015 0.461021 0.0652632 0.884986 -24.3877 
0.883171 -0.445469 -0.146855 59.8583 -0.0864199 0.153192 -0.98441 101.216 0.461021 0.882094 0.0967976 -129.946 
0.883171 -0.464762 0.063288 62.4256 -0.0864199 -0.293849 -0.951937 145.549 0.461021 0.835254 -0.299684 -126.554 
0.877238 -0.353802 -0.324464 35.3711 0.19557 0.880649 -0.43152 -1.09458 0.438412 0.315091 0.841732 -38.5057 
0.703528 0.430637 -0.565332 -7.17963 0.145627 0.691256 0.707784 12.618 0.695587 -0.580274 0.423605 7.87901 
0.565035 0.600654 -0.565642 -7.25942 -0.214343 0.768896 0.602376 17.1152 0.796739 -0.219122 0.563199 1.66914 
0.565035 0.600654 -0.565642 -7.25942 -0.214343 0.768896 0.602376 17.1152 0.796739 -0.219122 0.563199 1.66914 
0.929525 -0.0916454 -0.357191 9.18018 -0.177168 0.738524 -0.650533 12.7434 0.323412 0.667969 0.67024 -75.7793 
0.932515 0.0155255 -0.360798 3.11298 -0.135999 0.940621 -0.311026 2.45368 0.334545 0.339105 0.879254 -56.5033 
0.972443 0.116887 -0.201725 1.11629 -0.12183 0.992476 -0.0122177 -0.65995 0.198779 0.036457 0.979366 -56.0751 
0.972443 0.105626 -0.207843 1.09798 -0.12183 0.990305 -0.066736 -0.869029 0.198779 0.0902182 0.975883 -56.1137 
0.823867 -0.491642 0.282013 77.9481 0.557458 0.792771 -0.246483 13.8961 -0.102391 0.36028 0.927208 -24.0829 
0.891007 0 -0.453991 -0.69105 0 1 0 -8.41141 0.453991 0 0.891007 -8.33142 
0.891007 0 -0.453991 -1.15143 0 1 0 -9.7728 0.453991 0 0.891007 -6.92967 
0.878814 0 -0.477164 -1.12561 0 1 0 -7.32011 0.477164 0 0.878814 -6.49391 
0.883157 0.29212 -0.367014 -42.7503 -0.0156808 0.800365 0.599308 23.5767 0.468815 -0.523528 0.711429 68.2132 
0.883157 0.216724 -0.41601 -30.4635 -0.0156808 0.900013 0.435581 7.10403 0.468815 -0.378163 0.798252 44.5162 
0.957566 0.23038 -0.173186 -32.4081 -0.120592 0.866018 0.485252 13.8043 0.261774 -0.443776 0.857051 56.6055 
0.85371 -0.261307 -0.450441 45.8392 0.505927 0.621089 0.59857 39.5643 0.123353 -0.738896 0.662433 109.332 
0.85371 -0.519403 0.0374014 79.0049 0.505927 0.810259 -0.295835 15.2557 0.123353 0.27148 0.954506 -20.5025 
0.802951 -0.519403 0.292386 81.0802 0.571471 0.810259 -0.130008 14.1271 -0.169382 0.27148 0.947422 -13.1633 
0.883843 0.0938862 -0.458264 -10.8184 -0.0848526 0.995578 0.0403145 -7.18408 0.460023 0.00325337 0.887901 -16.3862 
0.883843 -0.430538 -0.182914 56.9525 -0.0848526 0.236978 -0.967803 90.849 0.460023 0.870907 0.172919 -128.512 
0.883843 -0.46715 0.0243339 61.2243 -0.0848526 -0.211262 -0.973739 135.18 0.460023 0.858568 -0.226362 -128.542 
0.90817 -0.332987 -0.253669 33.2383 0.154625 0.829985 -0.535926 5.13701 0.388998 0.447488 0.805255 -52.8426 
0.778453 0.414451 -0.471425 -7.73714 0.0996488 0.659911 0.744707 18.1171 0.619743 -0.626696 0.47241 4.15639 
0.627397 0.634436 -0.451513 -8.36589 -0.250091 0.71328 0.654741 22.5977 0.737447 -0.297863 0.606177 -1.8666 
0.627397 0.634436 -0.451513 -8.36589 -0.250091 0.71328 0.654741 22.5977 0.737447 -0.297863 0.606177 -1.8666 
0.929111 -0.0856017 -0.359756 8.56161 -0.175569 0.754098 -0.63286 12.3929 0.325465 0.651159 0.685612 -75.4462 
0.932605 0.00843154 -0.3608 3.25308 -0.120265 0.949846 -0.288667 2.64435 0.340271 0.312603 0.886846 -55.591 
0.978972 0.102088 -0.176615 1.18613 -0.105358 0.994392 -0.00921333 -0.205729 0.174684 0.0276274 0.984237 -55.7033 
0.978972 0.0900785 -0.183032 1.16702 -0.105358 0.991562 -0.0755279 -0.459959 0.174684 0.0932236 0.980202 -55.7495 
0.830059 -0.490139 0.266019 77.4812 0.546914 0.808718 -0.216473 14.3252 -0.109032 0.325175 0.939347 -19.771 
0.891007 0 -0.45399 -0.69105 0 1 0 -7.27981 0.45399 0 0.891007 -9.75672 
0.891007 0 -0.45399 -1.15142 0 1 0 -8.6412 0.45399 0 0.891007 -8.35497 
0.878814 0 -0.477164 -1.12561 0 1 0 -6.18851 0.477164 0 0.878814 -7.91921 
0.88447 0.288058 -0.367064 -42.1663 -0.00163959 0.788596 0.614909 26.4554 0.466594 -0.543267 0.697962 69.5789 
0.88447 0.212726 -0.415284 -29.8893 -0.00163959 0.891437 0.453141 9.46228 0.466594 -0.400108 0.788798 46.2472 
0.958664 0.228584 -0.16945 -32.2217 -0.111216 0.849159 0.516294 17.7625 0.261907 -0.476107 0.83948 60.1975 
0.852366 -0.252271 -0.458074 44.457 0.511485 0.584553 0.629826 46.4334 0.108882 -0.77114 0.627286 113.088 
0.852366 -0.522303 0.0259332 79.1565 0.511485 0.822335 -0.249295 15.8781 0.108882 0.225755 0.96808 -15.0148 
0.805117 -0.522303 0.281044 81.1439 0.562777 0.822335 -0.0839505 15.1064 -0.187265 0.225755 0.956016 -7.60536 
0.884134 0.123887 -0.45051 -15.6725 -0.0832808 0.990552 0.108955 -5.94551 0.459752 -0.0588117 0.886098 -8.32548 
0.884134 -0.413398 -0.217737 53.7603 -0.0832808 0.31912 -0.944048 80.823 0.459752 0.852798 0.247716 -126.132 
0.884134 -0.467009 -0.0144794 59.7016 -0.0832808 -0.127021 -0.988398 124.826 0.459752 0.875082 -0.151196 -129.587 
0.935315 -0.301373 -0.185363 30.0517 0.1205 0.763909 -0.633974 12.8687 0.332663 0.570629 0.750811 -66.2492 
0.845324 0.377865 -0.377685 -7.52705 0.0629353 0.631586 0.772747 24.0122 0.530534 -0.676991 0.510114 1.15653 
0.689858 0.641846 -0.334856 -8.76626 -0.277234 0.661506 0.696816 28.4887 0.668758 -0.387871 0.634287 -4.61649 
0.689858 0.641846 -0.334856 -8.76626 -0.277234 0.661506 0.696816 28.4887 0.668758 -0.387871 0.634287 -4.61649 
0.928712 -0.0794982 -0.362179 7.93769 -0.173921 0.769247 -0.614826 12.0867 0.327482 0.633987 0.700583 -75.0785 
0.932701 0.00133494 -0.360647 3.39131 -0.10428 0.958277 -0.266141 2.90242 0.345244 0.285838 0.893926 -54.6585 
0.984678 0.0876797 -0.150736 1.2337 -0.0895233 0.99597 -0.00547451 0.294514 0.149649 0.0188852 0.988559 -55.3171 
0.984678 0.0755828 -0.157151 1.21464 -0.0895233 0.99247 -0.0836005 -0.00491738 0.149649 0.0963884 0.98403 -55.3708 
0.835911 -0.488754 0.249744 77.0181 0.536745 0.82302 -0.185857 15.032 -0.114706 0.289408 0.950308 -15.4388 
0.891007 0 -0.453991 -0.69105 0 1 0 -6.14822 0.453991 0 0.891007 -11.182 
0.891007 0 -0.453991 -1.15142 0 1 0 -7.50961 0.453991 0 0.891007 -9.78026 
0.878814 0 -0.477164 -1.12561 0 1 0 -5.05692 0.477164 0 0.878814 -9.3445 
0.88573 0.28398 -0.367202 -41.5805 0.0123489 0.776347 0.630185 29.402 0.464036 -0.562708 0.684127 70.9005 
0.88573 0.208697 -0.414641 -29.3107 0.0123489 0.882328 0.470472 11.8972 0.464036 -0.421832 0.778928 47.9464 
0.959731 0.22671 -0.165889 -32.023 -0.101836 0.831123 0.546684 21.9116 0.261813 -0.507776 0.820742 63.6735 
0.850963 -0.242979 -0.465642 43.0333 0.516692 0.546428 0.659124 53.5619 0.0942865 -0.801484 0.590536 116.549 
0.850963 -0.525031 0.0142645 79.2774 0.516692 0.831955 -0.202186 16.8714 0.0942865 0.179423 0.979243 -9.49918 
0.807289 -0.525031 0.269494 81.1753 0.553577 0.831955 -0.0374557 16.46 -0.204541 0.179423 0.962273 -2.03772 
0.88405 0.153331 -0.441525 -20.4534 -0.0816299 0.980791 0.177159 -3.9631 0.460208 -0.120576 0.879585 -0.261599 
0.88405 -0.394147 -0.251204 50.2965 -0.0816299 0.398995 -0.913312 71.2218 0.460208 0.82792 0.320557 -122.835 
0.88405 -0.464377 -0.0529978 57.8663 -0.0816299 -0.0417558 -0.995788 114.572 0.460208 0.884653 -0.0748214 -129.687 
0.958095 -0.259637 -0.121011 25.8795 0.093926 0.683838 -0.723563 21.9591 0.270615 0.681876 0.679568 -78.4688 
0.902099 0.32143 -0.287923 -6.53679 0.0371322 0.606923 0.793893 30.1937 0.429928 -0.726861 0.53557 -1.27022 
0.750846 0.622332 -0.221211 -8.42624 -0.294756 0.615456 0.730981 34.6699 0.591058 -0.483651 0.645548 -6.71575 
0.750846 0.622332 -0.221211 -8.42624 -0.294756 0.615456 0.730981 34.6699 0.591058 -0.483651 0.645548 -6.71575 
0.928328 -0.0733383 -0.364456 7.30879 -0.172226 0.783963 -0.59644 11.8256 0.329462 0.616461 0.715144 -74.6772 
0.932804 -0.00576991 -0.360339 3.52814 -0.0880733 0.965904 -0.243461 3.22837 0.349457 0.258837 0.90049 -53.7081 
0.989527 0.0736856 -0.124122 1.25904 -0.0743872 0.997229 -0.00102125 0.8406 0.123703 0.0102436 0.992266 -54.9174 
0.989527 0.0621897 -0.130262 1.24076 -0.0743872 0.993072 -0.0909652 0.495932 0.123703 0.0997023 0.987298 -54.9784 
0.841418 -0.487483 0.233187 76.5578 0.527017 0.835657 -0.154694 16.0159 -0.119454 0.253056 0.960049 -11.0998 
0.891006 0 -0.453991 -0.69105 0 1 0 -5.26425 0.453991 0 0.891006 -12.9532 
0.891006 0 -0.453991 -1.15143 0 1 0 -6.62565 0.453991 0 0.891006 -11.5515 
0.878814 0 -0.477164 -1.12561 0 1 0 -4.17296 0.477164 0 0.878814 -11.1157 
0.886937 0.279891 -0.367428 -40.9933 0.0262764 0.763625 0.645125 32.1679 0.461142 -0.58184 0.669933 71.8305 
0.886937 0.20464 -0.414083 -28.7279 0.0262764 0.872691 0.487566 14.1606 0.461142 -0.443321 0.768645 49.266 
0.960767 0.224764 -0.162504 -31.8134 -0.0924571 0.811936 0.576378 25.9996 0.261492 -0.538741 0.800862 66.6803 
0.849505 -0.233424 -0.473133 41.5668 0.521545 0.50682 0.686384 60.686 0.0795752 -0.829847 0.552288 119.356 
0.849505 -0.527576 0.00239246 79.3657 0.521545 0.839094 -0.154637 17.9885 0.0795752 0.132612 0.987968 -4.32113 
0.809467 -0.527576 0.257733 81.1726 0.543907 0.839094 0.00935219 17.94 -0.221196 0.132612 0.966171 3.17408 
0.883602 0.182169 -0.43135 -25.1532 -0.0798255 0.966336 0.244587 -1.48714 0.461385 -0.181684 0.868398 7.40336 
0.883602 -0.37289 -0.283198 46.5766 -0.0798255 0.475998 -0.875816 61.8787 0.461385 0.796479 0.390826 -119.004 
0.883602 -0.459297 -0.0910719 55.7279 -0.0798255 0.0438916 -0.995842 104.256 0.461385 0.887197 0.002119 -129.198 
0.97035 -0.234236 -0.059613 23.4376 0.0916527 0.584804 -0.80598 32.4879 0.223652 0.77662 0.588933 -89.6007 
0.934444 0.264184 -0.238792 -4.59464 0.0198022 0.63097 0.775554 34.0999 0.355559 -0.72944 0.584375 -6.26601 
0.795072 0.587287 -0.151505 -7.04473 -0.317087 0.615428 0.721599 38.8001 0.517026 -0.525683 0.675531 -11.1367 
0.795072 0.587287 -0.151505 -7.04474 -0.317087 0.615428 0.721599 38.8001 0.517026 -0.525683 0.675531 -11.1367 
0.927959 -0.0671256 -0.366588 6.67525 -0.170483 0.798236 -0.577715 11.3629 0.331403 0.598592 0.729287 -74.5894 
0.932911 -0.0128886 -0.359875 3.66404 -0.0716742 0.972718 -0.22064 3.37501 0.352901 0.231631 0.906536 -53.088 
0.993485 0.0601271 -0.0968066 1.26223 -0.0600101 0.998189 0.00412092 1.18478 0.0968792 0.00171518 0.995295 -54.8512 
0.993485 0.049947 -0.102431 1.24532 -0.0600101 0.993411 -0.0976404 0.794864 0.0968792 0.103151 0.989936 -54.9193 
0.84657 -0.486324 0.216352 76.0996 0.517794 0.84661 -0.12305 17.0279 -0.123323 0.216196 0.96853 -7.11306 
0.891007 0 -0.45399 -0.69105 0 1 0 -4.87553 0.45399 0 0.891007 -15.4163 
0.891007 0 -0.45399 -1.15142 0 1 0 -6.23693 0.45399 0 0.891007 -14.0146 
0.878814 0 -0.477164 -1.12561 0 1 0 -3.78424 0.477164 0 0.878814 -13.5788 
