21 76 0.75 1
0.891007 0 -0.45399 -0.69105 0 1 0 -14.8238 0.45399 0 0.891007 -0.254758 
0.891007 0 -0.45399 -1.15142 0 1 0 -16.1852 0.45399 0 0.891007 1.147 
0.878814 0 -0.477164 -1.12561 0 1 0 -13.7325 0.477164 0 0.878814 1.58275 
0.874768 0.314754 -0.368388 -46.0098 -0.0958455 0.857663 0.505201 8.59448 0.474967 -0.406626 0.780424 59.7222 
0.874768 0.238679 -0.421678 -33.6164 -0.0958455 0.938302 0.332269 -4.77721 0.474967 -0.250243 0.843673 34.1984 
0.950797 0.238679 -0.197527 -33.1671 -0.173382 0.938302 0.299212 -4.83118 0.256756 -0.250243 0.933518 34.4245 
0.860208 -0.308133 -0.40632 52.9599 0.467971 0.793559 0.388931 6.23793 0.202597 -0.524708 0.826823 83.2116 
0.860208 -0.500275 0.0988287 77.6504 0.467971 0.697442 -0.54275 18.589 0.202597 0.513127 0.83406 -50.1515 
0.790677 -0.500275 0.352924 80.195 0.60952 0.697442 -0.376908 15.5491 -0.0575865 0.513127 0.856379 -43.5387 
0.874768 -0.0840494 -0.477196 17.6397 -0.0958455 0.935366 -0.340446 -0.4496 0.474967 0.343549 0.810173 -59.3289 
0.874768 -0.483367 0.0337085 69.2431 -0.0958455 -0.240809 -0.965828 151.546 0.474967 0.841645 -0.256981 -123.697 
0.874768 -0.419671 0.242191 63.594 -0.0958455 -0.639829 -0.762517 191.663 0.474967 0.643813 -0.599926 -105.198 
0.703889 -0.301574 -0.643113 30.6869 0.447934 0.891132 0.0723875 -8.07909 0.551268 -0.339025 0.762342 32.2849 
0.311722 0.269784 -0.911069 2.90538 0.428192 0.816077 0.388161 -2.92863 0.848222 -0.511111 0.13887 36.8851 
0.309639 0.17525 -0.934565 4.11753 0.0426429 0.97932 0.197771 1.78347 0.949897 -0.10109 0.295763 30.0076 
0.309639 0.17525 -0.934565 4.11753 0.0426429 0.97932 0.197771 1.78347 0.949897 -0.10109 0.295763 30.0076 
0.931637 -0.11896 -0.343367 11.986 -0.183958 0.660493 -0.727948 14.9398 0.313388 0.741348 0.593457 -76.8485 
0.932165 0.04876 -0.358736 2.4207 -0.205281 0.887387 -0.412801 2.43584 0.298209 0.45844 0.8372 -60.4309 
0.932165 0.190456 -0.307889 0.49669 -0.205281 0.97857 -0.0161787 -2.16881 0.298209 0.0782847 0.951285 -57.5864 
0.932165 0.190456 -0.307889 0.49669 -0.205281 0.97857 -0.0161787 -2.16881 0.298209 0.0782847 0.951285 -57.5864 
0.790677 -0.500275 0.352924 80.195 0.60952 0.697442 -0.376908 15.5491 -0.0575865 0.513127 0.856379 -43.5387 
0.891006 0 -0.453991 -0.69105 0 1 0 -16.7231 0.453991 0 0.891006 -3.26923 
0.891006 0.00538795 -0.453959 -1.78869 0 0.99993 0.011868 -18.0451 0.453991 -0.0105744 0.890944 -0.616771 
0.878815 0.0120492 -0.47701 -2.59335 0.000310738 0.999666 0.0258239 -15.5184 0.477162 -0.0228427 0.878518 1.34687 
0.881457 0.307732 -0.358237 -44.6989 -0.0769415 0.841995 0.53397 9.02179 0.465954 -0.443108 0.76586 61.3984 
0.881457 0.233723 -0.410374 -32.6424 -0.0769415 0.928411 0.363499 -5.29266 0.465954 -0.288834 0.836338 36.2271 
0.954553 0.233723 -0.18494 -32.1899 -0.162595 0.928411 0.334088 -5.33762 0.249784 -0.288834 0.92422 36.4488 
0.850819 -0.317694 -0.418543 55.1249 0.478181 0.798325 0.366088 3.8958 0.217829 -0.511613 0.831145 76.5143 
0.850819 -0.515451 0.102065 80.537 0.478181 0.679 -0.557048 19.2292 0.217829 0.522752 0.824185 -56.403 
0.780749 -0.515451 0.353187 83.0858 0.623557 0.679 -0.387474 16.1048 -0.0400897 0.522752 0.851542 -49.8314 
0.881457 -0.0806833 -0.46532 17.2969 -0.0769415 0.947599 -0.310057 -4.45207 0.465954 0.309105 0.82906 -58.1055 
0.881457 -0.471205 0.0316021 67.7636 -0.0769415 -0.209308 -0.974818 145.054 0.465954 0.856829 -0.220751 -128.887 
0.881457 -0.409663 0.234967 62.3116 -0.0769415 -0.615457 -0.784406 185.836 0.465954 0.673342 -0.574019 -111.84 
0.701722 -0.307574 -0.642638 31.3113 0.453849 0.888291 0.0704302 -9.75937 0.549187 -0.341083 0.762926 29.4994 
0.314827 0.329267 -0.890206 -0.192369 0.420913 0.792199 0.441875 -3.13544 0.850715 -0.513814 0.110813 34.0174 
0.287869 0.221 -0.931821 1.62671 0.0375319 0.969658 0.241568 1.49655 0.956934 -0.104513 0.27084 27.0638 
0.287869 0.221 -0.931821 1.62671 0.0375319 0.969658 0.241568 1.49655 0.956934 -0.104513 0.27084 27.0638 
0.931637 -0.137449 -0.336393 13.8643 -0.183957 0.619946 -0.762776 16.9762 0.313388 0.772512 0.55228 -83.1362 
0.935148 0.0466885 -0.351168 3.40228 -0.195066 0.895329 -0.400418 1.93594 0.295716 0.442951 0.846372 -63.99 
0.935148 0.177949 -0.306322 1.64083 -0.195066 0.980447 -0.0259408 -2.40162 0.295716 0.0840115 0.951575 -61.281 
0.935148 0.176342 -0.307249 1.63801 -0.195066 0.980298 -0.031074 -2.42134 0.295716 0.0889928 0.951122 -61.2851 
0.780749 -0.515451 0.353187 83.0858 0.623557 0.679 -0.387474 16.1047 -0.0400897 0.522752 0.851542 -49.8314 
0.891007 0 -0.453991 -0.69105 0 1 0 -18.6224 0.453991 0 0.891007 -6.28371 
0.891007 0.0107751 -0.453863 -2.4257 0 0.999718 0.0237343 -19.8885 0.453991 -0.0211474 0.890756 -2.38104 
0.878818 0.0240906 -0.476549 -4.05928 0.000621432 0.998666 0.0516306 -17.2214 0.477157 -0.0456701 0.87763 1.10747 
0.888185 0.300277 -0.347794 -43.3252 -0.0587596 0.824933 0.562169 9.63486 0.455713 -0.478873 0.750337 62.9689 
0.888185 0.228398 -0.3987 -31.6159 -0.0587596 0.917043 0.394435 -5.60851 0.455713 -0.326904 0.827925 38.182 
0.958256 0.228398 -0.171985 -31.1601 -0.152437 0.917043 0.368504 -5.64476 0.241883 -0.326904 0.913579 38.3987 
0.841582 -0.327712 -0.429353 57.348 0.487558 0.802991 0.342773 1.53896 0.232436 -0.497806 0.835561 69.694 
0.841582 -0.529559 0.10633 83.2857 0.487558 0.66009 -0.571462 19.9019 0.232436 0.532774 0.813711 -62.7369 
0.770657 -0.529559 0.354477 85.8467 0.636834 0.66009 -0.398401 16.6902 -0.0230097 0.532774 0.845945 -56.2122 
0.888185 -0.0773669 -0.452925 16.9553 -0.0587596 0.958505 -0.278955 -8.28442 0.455713 0.274378 0.846784 -56.8283 
0.888185 -0.458531 0.0295995 66.2128 -0.0587596 -0.177236 -0.982413 138.486 0.455713 0.870825 -0.184362 -133.907 
0.888185 -0.399149 0.227611 60.9578 -0.0587596 -0.58996 -0.805291 179.877 0.455713 0.701874 -0.547448 -118.328 
0.699516 -0.313559 -0.642151 31.9346 0.459746 0.885407 0.0684774 -11.4351 0.547093 -0.343127 0.763514 26.7126 
0.317201 0.387371 -0.865637 -3.19589 0.413459 0.764972 0.493831 -3.15284 0.853484 -0.514549 0.0824878 31.0339 
0.265437 0.266205 -0.926649 -0.767436 0.0337242 0.957975 0.284864 1.35608 0.963538 -0.106864 0.245304 24.025 
0.265437 0.266205 -0.926649 -0.767436 0.0337242 0.957975 0.284864 1.35608 0.963538 -0.106864 0.245304 24.025 
0.931637 -0.155532 -0.328424 15.7054 -0.183958 0.577565 -0.795348 19.2046 0.313388 0.801392 0.50947 -89.2011 
0.937915 0.0441038 -0.344049 4.39346 -0.184702 0.903068 -0.387754 1.53299 0.293598 0.427227 0.855148 -67.4356 
0.937915 0.165323 -0.304931 2.78802 -0.184702 0.982149 -0.035626 -2.53589 0.293598 0.0897356 0.951708 -64.8667 
0.937915 0.162121 -0.306646 2.78292 -0.184702 0.981722 -0.0459088 -2.57532 0.293598 0.0996967 0.950716 -64.8752 
0.770657 -0.529559 0.354477 85.8467 0.636834 0.66009 -0.398401 16.6902 -0.0230097 0.532774 0.845945 -56.2122 
0.891007 0 -0.453991 -0.69105 0 1 0 -20.5217 0.453991 0 0.891007 -9.29819 
0.891007 0.0161608 -0.453703 -3.06237 0 0.999366 0.0355972 -21.7151 0.453991 -0.0317173 0.890442 -4.14599 
0.878822 0.0361161 -0.475781 -5.52239 0.000932039 0.997 0.0774029 -18.8416 0.477149 -0.0684668 0.876151 0.862624 
0.894932 0.29237 -0.337069 -41.886 -0.0413583 0.80652 0.589759 10.4272 0.444281 -0.513853 0.733873 64.4245 
0.894932 0.222683 -0.386663 -30.534 -0.0413583 0.904233 0.425032 -5.72983 0.444281 -0.364383 0.818437 40.0536 
0.961891 0.222683 -0.158674 -30.075 -0.142954 0.904233 0.402401 -5.75781 0.233086 -0.364383 0.901607 40.2646 
0.832581 -0.338084 -0.438757 59.6104 0.496051 0.807557 0.319039 -0.832794 0.246459 -0.483271 0.840063 62.7496 
0.832581 -0.542558 0.11153 85.8857 0.496051 0.64076 -0.58597 20.6008 0.246459 0.543192 0.802621 -69.1523 
0.760509 -0.542558 0.35673 88.4663 0.649296 0.64076 -0.409684 17.2995 -0.00630024 0.543192 0.839585 -62.6803 
0.894932 -0.0741207 -0.440002 16.6177 -0.0413583 0.968082 -0.247198 -11.9459 0.444281 0.239423 0.863302 -55.5046 
0.894932 -0.44534 0.0277219 64.59 -0.0413583 -0.144652 -0.988618 131.852 0.444281 0.8836 -0.147872 -138.751 
0.894932 -0.388116 0.22014 59.531 -0.0413583 -0.563394 -0.825153 173.795 0.444281 0.729351 -0.520251 -124.656 
0.697271 -0.319527 -0.641651 32.5567 0.465622 0.882479 0.0665293 -13.1063 0.544985 -0.345156 0.764106 23.9244 
0.318829 0.44386 -0.837458 -6.09191 0.405876 0.73452 0.543824 -2.98874 0.856512 -0.513291 0.0540343 27.9335 
0.242429 0.310759 -0.919052 -3.05504 0.0312439 0.944319 0.327544 1.3543 0.969666 -0.108121 0.219221 20.8913 
0.242429 0.310759 -0.919052 -3.05504 0.0312439 0.944319 0.327544 1.3543 0.969666 -0.108121 0.219221 20.8913 
0.931637 -0.173155 -0.319484 17.504 -0.183957 0.533476 -0.825568 21.6128 0.313388 0.827901 0.465153 -95.0339 
0.940461 0.041046 -0.337415 5.38945 -0.174215 0.910586 -0.37481 1.22234 0.291861 0.411277 0.863521 -70.7643 
0.940461 0.152597 -0.303723 3.9334 -0.174215 0.983668 -0.0452313 -2.57639 0.291861 0.0954514 0.951686 -68.34 
0.940461 0.147807 -0.306083 3.92655 -0.174215 0.982836 -0.0606764 -2.63552 0.291861 0.110388 0.950069 -68.3532 
0.760509 -0.542558 0.35673 88.4663 0.649296 0.64076 -0.409684 17.2995 -0.00630024 0.543192 0.839585 -62.6803 
0.891007 0 -0.453991 -0.69105 0 1 0 -22.421 0.453991 0 0.891007 -12.3127 
0.891007 0.0215442 -0.453479 -3.6986 0 0.998873 0.0474551 -23.5252 0.453991 -0.0422828 0.890003 -5.9118 
0.878828 0.0481181 -0.474707 -6.98172 0.00124251 0.994668 0.103124 -20.3791 0.477138 -0.0912176 0.874082 0.610422 
0.901678 0.283993 -0.326074 -40.3789 -0.0247939 0.786805 0.616704 11.3918 0.431696 -0.547984 0.716486 65.756 
0.901678 0.216558 -0.374272 -29.3939 -0.0247939 0.890021 0.455244 -5.66241 0.431696 -0.401204 0.807882 41.8323 
0.965439 0.216558 -0.145018 -28.9317 -0.134191 0.890021 0.435723 -5.68254 0.223428 -0.401204 0.888321 42.0372 
0.823895 -0.348705 -0.446769 61.8931 0.503614 0.812025 0.294936 -3.21988 0.259942 -0.467996 0.844636 55.6804 
0.823895 -0.554415 0.117563 88.3272 0.503614 0.621055 -0.600552 21.32 0.259942 0.553998 0.790896 -75.6471 
0.75041 -0.554415 0.359872 90.9343 0.660895 0.621055 -0.421317 17.9264 0.0100841 0.553998 0.832457 -69.2337 
0.901678 -0.0709649 -0.426545 16.2868 -0.0247939 0.976333 -0.214846 -15.4361 0.431696 0.204298 0.878579 -54.1417 
0.901678 -0.431626 0.0259902 62.8947 -0.0247939 -0.111615 -0.993442 125.158 0.431696 0.895121 -0.111342 -143.416 
0.901678 -0.376549 0.212572 58.0299 -0.0247939 -0.535815 -0.843971 167.598 0.431696 0.75572 -0.492469 -130.818 
0.694986 -0.32548 -0.641137 33.1776 0.471479 0.879509 0.0645861 -14.773 0.542865 -0.347169 0.764704 21.1348 
0.3197 0.498504 -0.805783 -8.86751 0.398209 0.700979 0.591658 -2.65179 0.85978 -0.510022 0.025594 24.7159 
0.218934 0.354557 -0.909042 -5.22664 0.0301085 0.928745 0.369494 1.48299 0.975275 -0.108265 0.192659 17.6632 
0.218934 0.354557 -0.909042 -5.22664 0.0301085 0.928745 0.369494 1.48299 0.975275 -0.108265 0.192659 17.6632 
0.931637 -0.190266 -0.309599 19.2547 -0.183957 0.48781 -0.853347 24.1879 0.313388 0.851963 0.419461 -100.626 
0.942778 0.0375585 -0.3313 6.38535 -0.163631 0.917866 -0.361589 0.999119 0.290508 0.395109 0.871489 -73.9729 
0.942778 0.13979 -0.302703 5.07202 -0.163631 0.985001 -0.0547548 -2.52819 0.290508 0.101153 0.951511 -71.6976 
0.942778 0.13342 -0.305564 5.06397 -0.163631 0.983638 -0.075371 -2.607 0.290508 0.121058 0.949184 -71.7159 
0.75041 -0.554415 0.359872 90.9343 0.660895 0.621055 -0.421317 17.9264 0.0100841 0.553998 0.832457 -69.2337 
0.891007 0 -0.453991 -0.69105 0 1 0 -24.3203 0.453991 0 0.891007 -15.3271 
0.891007 0.0269245 -0.453191 -4.3343 0 0.99824 0.0593064 -25.3186 0.453991 -0.0528424 0.889438 -7.67864 
0.878835 0.0600885 -0.473327 -8.43626 0.00155281 0.991673 0.128775 -21.8344 0.477123 -0.113907 0.871423 0.348951 
0.908401 0.275129 -0.31482 -38.8016 -0.00912054 0.765838 0.642968 12.5213 0.418001 -0.581202 0.698198 66.9549 
0.908401 0.210004 -0.361533 -28.1931 -0.00912054 0.874452 0.485027 -5.4124 0.418001 -0.437301 0.796268 43.5092 
0.96888 0.210004 -0.131031 -27.7278 -0.126188 0.874452 0.468413 -5.42508 0.212949 -0.437301 0.873739 43.7073 
0.815598 -0.359468 -0.453413 64.1769 0.510209 0.816399 0.270517 -5.623 0.272924 -0.451968 0.849257 48.4859 
0.815598 -0.565105 0.124324 90.6016 0.510209 0.601025 -0.615188 22.0529 0.272924 0.565177 0.778516 -82.2186 
0.740464 -0.565105 0.363825 93.2414 0.671585 0.601025 -0.433292 18.5647 0.0261879 0.565177 0.824553 -75.8697 
0.908401 -0.0679193 -0.412546 15.9652 -0.00912054 0.983263 -0.181961 -18.7551 0.418001 0.169057 0.892578 -52.7472 
0.908401 -0.417386 0.0244244 61.1265 -0.00912054 -0.0781857 -0.996897 118.415 0.418001 0.90536 -0.074831 -147.899 
0.908401 -0.364437 0.204922 56.4531 -0.00912054 -0.507284 -0.861731 161.294 0.418001 0.780928 -0.464141 -136.807 
0.692662 -0.331416 -0.640611 33.7974 0.477315 0.876496 0.0626477 -16.4352 0.540731 -0.349167 0.765306 18.3438 
0.319802 0.55108 -0.770738 -11.5103 0.390501 0.664495 0.637146 -2.15132 0.86327 -0.504735 -0.00269061 21.3811 
0.195041 0.397499 -0.896634 -7.27328 0.0303308 0.91131 0.410603 1.73344 0.980326 -0.10728 0.165686 14.3417 
0.195041 0.397499 -0.896634 -7.27328 0.0303308 0.91131 0.410603 1.73344 0.980326 -0.10728 0.165686 14.3417 
0.931637 -0.206814 -0.298798 20.9524 -0.183957 0.440701 -0.878603 26.9168 0.313388 0.873505 0.372528 -105.971 
0.944861 0.0336864 -0.325734 7.37622 -0.152978 0.924893 -0.348097 0.858189 0.289543 0.378734 0.879048 -77.0587 
0.944861 0.126923 -0.301874 6.19899 -0.152978 0.986142 -0.0641954 -2.39659 0.289543 0.106836 0.951184 -74.9367 
0.944861 0.118978 -0.305093 6.1903 -0.152978 0.984124 -0.0899875 -2.49504 0.289543 0.131698 0.948062 -74.9604 
0.740464 -0.565105 0.363825 93.2414 0.671585 0.601025 -0.433292 18.5647 0.0261879 0.565177 0.824553 -75.8697 
0.891007 0 -0.453991 -0.69105 0 1 0 -26.2196 0.453991 0 0.891007 -18.3416 
0.891007 0.0323011 -0.45284 -4.96939 0 0.997466 0.0711493 -27.0954 0.453991 -0.0633945 0.888748 -9.44669 
0.878844 0.0720196 -0.471642 -9.88504 0.0018629 0.988016 0.154341 -23.2075 0.477105 -0.136521 0.868178 0.0763035 
0.915078 0.265762 -0.30332 -37.1521 0.00561036 0.743675 0.668518 13.8077 0.403238 -0.613448 0.67903 68.0129 
0.915078 0.203003 -0.348457 -26.9293 0.00561036 0.857571 0.514336 -4.98643 0.403238 -0.472612 0.783605 45.0754 
0.972196 0.203003 -0.116728 -26.4607 -0.118985 0.857571 0.500415 -4.99214 0.201688 -0.472612 0.857881 45.2662 
0.80776 -0.370266 -0.458723 66.4428 0.515796 0.820684 0.245831 -8.04309 0.285443 -0.43518 0.853897 41.1663 
0.80776 -0.574611 0.131702 92.7015 0.515796 0.580715 -0.629861 22.7932 0.285443 0.576708 0.765461 -88.8626 
0.730771 -0.574611 0.368505 95.3794 0.681326 0.580715 -0.445606 19.2079 0.0420538 0.576708 0.815867 -82.5841 
0.915078 -0.0650034 -0.398004 15.6556 0.00561036 0.98888 -0.148608 -21.9033 0.403238 0.133755 0.905267 -51.3281 
0.915078 -0.402618 0.0230446 59.2852 0.00561036 -0.044428 -0.998997 111.63 0.403238 0.914289 -0.0383963 -152.196 
0.915078 -0.351768 0.197208 54.7997 0.00561036 -0.477863 -0.878416 154.893 0.403238 0.804926 -0.435308 -142.619 
0.690299 -0.337336 -0.640072 34.4159 0.483131 0.873441 0.0607144 -18.0929 0.538584 -0.35115 0.765912 15.5515 
0.319131 0.601373 -0.732465 -14.0083 0.3828 0.625228 0.680113 -1.49726 0.86696 -0.497433 -0.0306759 17.9298 
0.170842 0.439485 -0.881854 -9.18652 0.0319171 0.892074 0.450762 2.09657 0.984781 -0.105155 0.138377 10.9281 
0.170842 0.439485 -0.881854 -9.18652 0.0319171 0.892074 0.450762 2.09657 0.984781 -0.105155 0.138377 10.9281 
0.931637 -0.222751 -0.287114 22.592 -0.183957 0.392289 -0.90126 29.7858 0.313388 0.892464 0.324494 -111.061 
0.946707 0.0294773 -0.320745 8.35707 -0.142283 0.93165 -0.334341 0.794155 0.288966 0.362159 0.886194 -80.0191 
0.946707 0.114016 -0.301242 7.30938 -0.142283 0.987089 -0.0735523 -2.18719 0.288966 0.112494 0.950707 -78.0547 
0.946707 0.104497 -0.304674 7.30061 -0.142283 0.984292 -0.104521 -2.30523 0.288966 0.142301 0.946704 -78.0841 
0.730771 -0.574611 0.368505 95.3794 0.681326 0.580715 -0.445606 19.2079 0.0420538 0.576708 0.815867 -82.5841 
0.891006 0 -0.453991 -0.69105 0 1 0 -28.1189 0.453991 0 0.891006 -21.3561 
0.891006 0.0376731 -0.452425 -5.60378 0 0.996551 0.0829822 -28.8556 0.453991 -0.0739376 0.887933 -11.2161 
0.878855 0.0839036 -0.469653 -11.3271 0.00217272 0.9837 0.179804 -24.499 0.477084 -0.159042 0.864348 -0.209425 
0.921685 0.255878 -0.291586 -35.4285 0.0193499 0.720372 0.693318 15.2429 0.387455 -0.644663 0.659005 68.922 
0.921685 0.195539 -0.335052 -25.6 0.0193499 0.839428 0.543127 -4.39153 0.387455 -0.507075 0.769905 46.5223 
0.975364 0.195539 -0.102124 -25.1284 -0.112619 0.839428 0.531675 -4.39079 0.189689 -0.507075 0.840769 46.7054 
0.800447 -0.380992 -0.462741 68.6719 0.520342 0.824885 0.220927 -10.4811 0.297537 -0.417624 0.858523 33.7222 
0.800447 -0.582925 0.139581 94.6205 0.520342 0.560174 -0.644554 23.5347 0.297537 0.588561 0.75171 -95.574 
0.721427 -0.582925 0.37382 97.3416 0.69008 0.560174 -0.458252 19.85 0.0577222 0.588561 0.806389 -89.372 
0.921685 -0.0622364 -0.382913 15.3604 0.0193499 0.993194 -0.114852 -24.8814 0.387455 0.098448 0.916617 -49.8919 
0.921685 -0.387321 0.0218702 57.3708 0.0193499 -0.0104057 -0.999759 104.813 0.387455 0.921886 -0.00209618 -156.304 
0.921685 -0.338534 0.189447 53.0687 0.0193499 -0.447618 -0.894015 148.403 0.387455 0.827667 -0.406013 -148.247 
0.687896 -0.343239 -0.63952 35.0332 0.488926 0.870342 0.0587861 -19.746 0.536424 -0.353117 0.766523 12.7577 
0.317683 0.649179 -0.691118 -16.3504 0.375149 0.583349 0.720394 -0.700153 0.870827 -0.488129 -0.0582188 14.3635 
0.146431 0.480418 -0.864729 -10.9585 0.034868 0.871102 0.489863 2.56291 0.988606 -0.101883 0.110805 7.42445 
0.146431 0.480418 -0.864729 -10.9585 0.034868 0.871102 0.489863 2.56291 0.988606 -0.101883 0.110805 7.42445 
0.931637 -0.238029 -0.274581 24.1688 -0.183957 0.342717 -0.921252 32.7807 0.313388 0.908783 0.2755 -115.89 
0.948312 0.0249813 -0.316356 9.32287 -0.131574 0.938125 -0.320327 0.801315 0.288779 0.345394 0.892922 -82.8521 
0.948312 0.101088 -0.300809 8.3983 -0.131574 0.98784 -0.0828238 -1.90589 0.288779 0.118121 0.950081 -81.0493 
0.948312 0.0899972 -0.304311 8.38999 -0.131574 0.984142 -0.118966 -2.04344 0.288779 0.152856 0.945115 -81.0847 
0.721427 -0.582925 0.37382 97.3416 0.69008 0.560174 -0.458252 19.85 0.0577222 0.588561 0.806389 -89.372 
0.891007 0 -0.453991 -0.69105 0 1 0 -30.0182 0.453991 0 0.891007 -24.3706 
0.891007 0.0430398 -0.451946 -6.23737 0 0.995496 0.0948034 -30.5993 0.453991 -0.0844704 0.886993 -12.9871 
0.878868 0.0957327 -0.467361 -12.7614 0.00248223 0.978728 0.205147 -25.7091 0.477059 -0.181457 0.859935 -0.510122 
0.928199 0.245463 -0.279632 -33.629 0.0320522 0.695989 0.717337 16.8181 0.3707 -0.674794 0.638149 69.6747 
0.928199 0.187597 -0.321331 -24.2032 0.0320522 0.820076 0.571357 -3.63524 0.3707 -0.540632 0.755181 47.8419 
0.978365 0.187597 -0.0872336 -23.7285 -0.107124 0.820076 0.562139 -3.62851 0.176994 -0.540632 0.822429 48.0167 
0.793718 -0.391538 -0.46552 70.8453 0.523817 0.82901 0.195853 -12.9382 0.309237 -0.399299 0.863095 26.1549 
0.793718 -0.590046 0.147842 96.3538 0.523817 0.539446 -0.659253 24.2712 0.309237 0.600703 0.737243 -102.347 
0.712526 -0.590046 0.379675 99.1219 0.697814 0.539446 -0.471226 20.4848 0.0732307 0.600703 0.796111 -96.2275 
0.928199 -0.059637 -0.367273 15.0823 0.0320522 0.996218 -0.0807593 -27.6904 0.3707 0.0631889 0.9266 -48.4456 
0.928199 -0.371495 0.0209199 55.3834 0.0320522 0.0238162 -0.999202 97.9721 0.3707 0.928129 0.0340133 -160.221 
0.928199 -0.324727 0.181655 51.2596 0.0320522 -0.416616 -0.908517 141.834 0.3707 0.849108 -0.376294 -153.688 
0.685455 -0.349125 -0.638955 35.6491 0.4947 0.867202 0.0568631 -21.3948 0.534251 -0.355068 0.767139 9.96248 
0.315459 0.694302 -0.646862 -18.5257 0.367593 0.539037 0.757835 0.228935 0.874849 -0.476848 -0.0851767 10.6841 
0.121902 0.520205 -0.845297 -12.5819 0.0391788 0.848463 0.527803 3.12268 0.991769 -0.0974578 0.0830479 3.83304 
0.121902 0.520205 -0.845297 -12.5819 0.0391788 0.848463 0.527803 3.12268 0.991769 -0.0974578 0.0830479 3.83304 
0.931637 -0.252603 -0.261236 25.678 -0.183957 0.292131 -0.93852 35.8872 0.313388 0.922416 0.225692 -120.452 
0.949674 0.0202492 -0.312586 10.2687 -0.120877 0.944305 -0.306066 0.873833 0.288979 0.328448 0.899229 -85.5558 
0.949674 0.0881601 -0.30058 9.4609 -0.120877 0.988394 -0.092011 -1.55873 0.288979 0.123714 0.949308 -83.9187 
0.949674 0.0754959 -0.304008 9.45361 -0.120877 0.983674 -0.13332 -1.71571 0.288979 0.163358 0.943295 -83.9604 
0.712526 -0.590046 0.379675 99.1219 0.697814 0.539446 -0.471226 20.4848 0.0732307 0.600703 0.796111 -96.2275 
0.891007 0 -0.453991 -0.69105 0 1 0 -31.9175 0.453991 0 0.891007 -27.3851 
0.891007 0.0484005 -0.451403 -6.87007 0 0.994301 0.106611 -32.3263 0.453991 -0.0949913 0.885929 -14.7598 
0.878882 0.107499 -0.464769 -14.1871 0.00279139 0.973103 0.230353 -26.8384 0.477031 -0.203751 0.854943 -0.827669 
0.934594 0.234506 -0.267472 -31.7522 0.0436738 0.670588 0.740543 18.5243 0.353025 -0.703788 0.616486 70.2638 
0.934594 0.179162 -0.307303 -22.7371 0.0436738 0.79957 0.598983 -2.7254 0.353025 -0.573227 0.739448 49.0263 
0.981176 0.179162 -0.0720759 -22.2594 -0.102531 0.79957 0.591756 -2.71327 0.16365 -0.573227 0.802888 49.1925 
0.787627 -0.4018 -0.46712 72.9448 0.526191 0.833066 0.170655 -15.4155 0.320573 -0.380207 0.867569 18.4666 
0.787627 -0.595982 0.156363 97.8975 0.526191 0.518576 -0.673945 24.997 0.320573 0.613094 0.722045 -109.174 
0.704153 -0.595982 0.38597 100.716 0.704497 0.518576 -0.484524 21.1066 0.0886131 0.613094 0.785024 -103.143 
0.934594 -0.0572235 -0.351084 14.8237 0.0436738 0.997968 -0.0463989 -30.3319 0.353025 0.0280309 0.935194 -46.9964 
0.934594 -0.355142 0.0202118 53.3234 0.0436738 0.0581713 -0.997351 91.117 0.353025 0.933001 0.069877 -163.945 
0.934594 -0.310339 0.17385 49.3719 0.0436738 -0.384926 -0.921914 135.195 0.353025 0.869207 -0.346196 -158.936 
0.682975 -0.354993 -0.638377 36.2638 0.500452 0.864019 0.0549453 -23.039 0.532065 -0.357004 0.76776 7.16584 
0.312459 0.736556 -0.599878 -20.5244 0.360176 0.492483 0.792297 1.27844 0.879001 -0.463622 -0.111409 6.89399 
0.0973477 0.558755 -0.823599 -14.05 0.0448392 0.824227 0.564481 3.76583 0.99424 -0.0918803 0.0551825 0.156709 
0.0973477 0.558755 -0.823599 -14.05 0.0448392 0.824227 0.564481 3.76583 0.99424 -0.0918803 0.0551825 0.156709 
0.931637 -0.26643 -0.247118 27.1151 -0.183957 0.240682 -0.953012 39.0905 0.313388 0.933321 0.175216 -124.744 
0.949973 0.0201316 -0.311681 10.902 -0.113689 0.95175 -0.285039 0.888046 0.290904 0.306214 0.906426 -87.819 
0.949973 0.0828133 -0.301152 10.1616 -0.113689 0.989747 -0.0864592 -1.33887 0.290904 0.116372 0.949649 -86.2713 
0.949973 0.0685353 -0.304719 10.1545 -0.113689 0.984576 -0.132986 -1.51575 0.290904 0.160977 0.943112 -86.3173 
0.704153 -0.595982 0.38597 100.716 0.704497 0.518576 -0.484524 21.1066 0.0886131 0.613094 0.785024 -103.143 
0.891007 0 -0.453991 -0.69105 0 1 0 -33.8168 0.453991 0 0.891007 -30.3995 
0.891007 0.0537543 -0.450797 -7.5018 0 0.992966 0.118404 -34.0369 0.453991 -0.105499 0.884739 -16.5345 
0.878898 0.119195 -0.461878 -15.6031 0.00310016 0.966829 0.255406 -27.8874 0.477 -0.225907 0.849375 -1.16393 
0.940843 0.222997 -0.25512 -29.7968 0.0541749 0.644236 0.762906 20.3521 0.334483 -0.731596 0.594044 70.6827 
0.940843 0.170221 -0.292982 -21.1999 0.0541749 0.777968 0.625964 -1.67027 0.334483 -0.604806 0.722725 50.068 
0.983775 0.170221 -0.0566685 -20.7193 -0.098869 0.777968 0.620476 -1.65331 0.149704 -0.604806 0.782176 50.2251 
0.782218 -0.411671 -0.467613 74.9523 0.527441 0.837062 0.145375 -17.914 0.331574 -0.360353 0.871897 10.6601 
0.782218 -0.600752 0.16502 99.2495 0.527441 0.497606 -0.688618 25.7065 0.331574 0.625688 0.706098 -116.047 
0.696392 -0.600752 0.3926 102.121 0.710101 0.497606 -0.498142 21.7099 0.1039 0.625688 0.773123 -110.112 
0.940843 -0.0550134 -0.334346 14.587 0.0541749 0.998461 -0.01184 -32.8076 0.334483 -0.00697353 0.942376 -45.5513 
0.940843 -0.338265 0.0197634 51.1913 0.0541749 0.0925925 -0.994229 84.2569 0.334483 0.936485 0.10544 -167.473 
0.940843 -0.295367 0.166049 47.4052 0.0541749 -0.35262 -0.934197 128.495 0.334483 0.887929 -0.315759 -163.989 
0.680456 -0.360843 -0.637787 36.8771 0.506183 0.860794 0.0530328 -24.6788 0.529867 -0.358923 0.768385 4.36775 
0.308692 0.775769 -0.550355 -22.337 0.35294 0.443883 0.823651 2.43636 0.883257 -0.448497 -0.136777 2.99641 
0.0728639 0.595981 -0.799686 -15.3568 0.0518325 0.798471 0.599798 4.48204 0.995994 -0.0851533 0.0272885 -3.60134 
0.0728639 0.595981 -0.799686 -15.3568 0.0518325 0.798471 0.599798 4.48204 0.995994 -0.0851533 0.0272885 -3.60133 
0.931637 -0.27947 -0.23227 28.476 -0.183957 0.18852 -0.964686 42.3753 0.313388 0.941465 0.124222 -128.761 
0.949732 0.0225127 -0.312253 11.3507 -0.108387 0.959372 -0.260495 0.912006 0.293702 0.281245 0.913587 -89.7973 
0.949732 0.0814161 -0.302291 10.6543 -0.108387 0.991387 -0.0735168 -1.1462 0.293702 0.102586 0.950376 -88.3048 
0.949732 0.0654839 -0.306138 10.6469 -0.108387 0.98618 -0.125301 -1.34332 0.293702 0.152184 0.943705 -88.3537 
0.696392 -0.600752 0.3926 102.121 0.710101 0.497606 -0.498142 21.7099 0.1039 0.625688 0.773123 -110.112 
0.891006 0 -0.453991 -0.69105 0 1 0 -35.7161 0.453991 0 0.891006 -33.414 
0.891006 0.0591006 -0.450127 -8.13248 0 0.99149 0.13018 -35.7309 0.453991 -0.115991 0.883424 -18.3112 
0.878915 0.130813 -0.458689 -17.0085 0.0034085 0.95991 0.280288 -28.8567 0.476966 -0.247912 0.843234 -1.52079 
0.946921 0.210926 -0.242592 -27.7616 0.0635182 0.616999 0.784397 22.2918 0.315129 -0.758171 0.570851 70.9248 
0.946921 0.160763 -0.278381 -19.5901 0.0635182 0.755332 0.652256 -0.4785 0.315129 -0.635318 0.705029 50.96 
0.98614 0.160763 -0.0410304 -19.1066 -0.096164 0.755332 0.648248 -0.45723 0.135206 -0.635318 0.760323 51.1076 
0.777533 -0.421051 -0.467075 76.8505 0.527541 0.841003 0.120056 -20.4348 0.342262 -0.339749 0.876029 2.73925 
0.777533 -0.604381 0.173687 100.409 0.527541 0.476577 -0.70326 26.3945 0.342262 0.638434 0.68939 -122.959 
0.689317 -0.604381 0.399457 103.334 0.7146 0.476577 -0.512076 22.2895 0.119117 0.638434 0.760403 -117.125 
0.946921 -0.0530238 -0.317063 14.3746 0.0635182 0.997719 0.0228466 -35.1196 0.315129 -0.0417733 0.948129 -44.1172 
0.946921 -0.320869 0.0195912 48.988 0.0635182 0.127011 -0.989865 77.401 0.315129 0.938569 0.140651 -170.806 
0.946921 -0.279807 0.158268 45.3597 0.0635182 -0.319771 -0.945363 121.746 0.315129 0.905237 -0.285025 -168.842 
0.677898 -0.366675 -0.637184 37.489 0.511891 0.857527 0.0511259 -26.3142 0.527656 -0.360827 0.769014 1.56821 
0.304165 0.81178 -0.498494 -23.9551 0.345928 0.393444 0.851784 3.69032 0.887591 -0.431526 -0.161145 -1.005 
0.0485444 0.631798 -0.773611 -16.4969 0.0601379 0.77127 0.63366 5.26083 0.997009 -0.077284 -0.000554293 -7.43742 
0.0485444 0.631798 -0.773611 -16.4969 0.0601379 0.77127 0.63366 5.26083 0.997009 -0.077284 -0.000554293 -7.43742 
0.931637 -0.291683 -0.216734 29.7566 -0.183957 0.135802 -0.973508 45.7264 0.313388 0.946826 0.0728608 -132.5 
0.949384 0.0250786 -0.313116 11.7523 -0.103267 0.96632 -0.235714 1.00125 0.296659 0.256118 0.919998 -91.6463 
0.949384 0.0802365 -0.303699 11.0993 -0.103267 0.992811 -0.0605212 -0.891253 0.296659 0.0888198 0.950844 -90.2154 
0.949384 0.0626215 -0.307814 11.0917 -0.103267 0.987681 -0.117571 -1.1087 0.296659 0.143407 0.944154 -90.2667 
0.689317 -0.604381 0.399457 103.334 0.7146 0.476577 -0.512076 22.2896 0.119117 0.638434 0.760403 -117.125 
0.891007 0 -0.453991 -0.69105 0 1 0 -37.6154 0.453991 0 0.891007 -36.4285 
0.891007 0.0644385 -0.449394 -8.762 0 0.989876 0.141938 -37.4085 0.453991 -0.126468 0.881986 -20.0901 
0.878935 0.142346 -0.455205 -18.4023 0.00371635 0.952351 0.304983 -29.7468 0.476928 -0.269751 0.836525 -1.90004 
0.9528 0.198287 -0.229901 -25.6459 0.0716701 0.588946 0.804988 24.3334 0.295019 -0.783469 0.546937 70.9845 
0.9528 0.150777 -0.263512 -17.9063 0.0716701 0.731724 0.677822 0.840965 0.295019 -0.664715 0.686381 51.6957 
0.988247 0.150777 -0.0251813 -17.4202 -0.0944392 0.731724 0.675026 0.865913 0.120204 -0.664715 0.737364 51.8334 
0.773602 -0.429841 -0.465592 78.6227 0.526472 0.844898 0.094736 -22.9785 0.352656 -0.318409 0.879914 -5.29147 
0.773602 -0.606901 0.182236 101.375 0.526472 0.455527 -0.71786 27.0562 0.352656 0.65128 0.671913 -129.898 
0.682998 -0.606901 0.406429 104.356 0.71797 0.455527 -0.526322 22.8407 0.134286 0.65128 0.746861 -124.172 
0.9528 -0.0512712 -0.299239 14.1887 0.0716701 0.995764 0.0575901 -37.2705 0.295019 -0.0763184 0.952439 -42.7008 
0.9528 -0.302959 0.0197113 46.7141 0.0716701 0.16136 -0.98429 70.5587 0.295019 0.939244 0.175457 -173.941 
0.9528 -0.263657 0.150525 43.2353 0.0716701 -0.286455 -0.955409 114.957 0.295019 0.921102 -0.254038 -173.492 
0.675302 -0.372489 -0.636568 38.0995 0.517578 0.854219 0.0492244 -27.9452 0.525433 -0.362715 0.769648 -1.2328 
0.298892 0.84444 -0.444505 -25.3709 0.33918 0.341378 0.876595 5.02759 0.891976 -0.412774 -0.184382 -5.10602 
0.0244831 0.666127 -0.745436 -17.4656 0.0697276 0.742706 0.665977 6.09156 0.997266 -0.0682827 -0.0282639 -11.3475 
0.0244831 0.666127 -0.745436 -17.4656 0.0697276 0.742706 0.665977 6.09156 0.997266 -0.0682827 -0.0282639 -11.3475 
0.931637 -0.303033 -0.200558 30.9531 -0.183957 0.0826815 -0.979451 49.1282 0.313388 0.949387 0.021284 -135.96 
0.948931 0.0278652 -0.314252 12.103 -0.0983419 0.972588 -0.210717 1.14921 0.299766 0.23086 0.925659 -93.3667 
0.948931 0.0792965 -0.305357 11.4931 -0.0983419 0.994019 -0.047477 -0.580824 0.299766 0.0750818 0.951054 -92.0035 
0.948931 0.0599666 -0.309733 11.4853 -0.0983419 0.989077 -0.109798 -0.818675 0.299766 0.13465 0.944462 -92.0568 
0.682998 -0.606901 0.406429 104.356 0.71797 0.455527 -0.526322 22.8407 0.134286 0.65128 0.746861 -124.172 
0.891006 0 -0.453991 -0.69105 0 1 0 -39.5147 0.453991 0 0.891006 -39.443 
0.891006 0.0697673 -0.448598 -9.39028 0 0.988121 0.153676 -39.0697 0.453991 -0.136926 0.880422 -21.8715 
0.878955 0.153785 -0.451428 -19.7837 0.00402368 0.944156 0.329474 -30.5585 0.476887 -0.291409 0.829252 -2.30357 
0.958452 0.185075 -0.217066 -23.4491 0.0786 0.560151 0.824653 26.4666 0.274212 -0.807452 0.522331 70.8563 
0.958452 0.140256 -0.248392 -16.1476 0.0786 0.70721 0.702621 2.27888 0.274212 -0.692952 0.666802 52.2688 
0.990073 0.140256 -0.00914222 -15.6588 -0.0937146 0.70721 0.700765 2.30693 0.104752 -0.692952 0.713334 52.3963 
0.770451 -0.437944 -0.463259 80.2529 0.524212 0.848751 0.0694521 -25.5456 0.362776 -0.296356 0.883497 -13.4266 
0.770451 -0.608357 0.190542 102.151 0.524212 0.434491 -0.732407 27.6873 0.362776 0.664168 0.653662 -136.855 
0.677495 -0.608357 0.413403 105.187 0.720189 0.434491 -0.540875 23.3592 0.149425 0.664168 0.732497 -131.243 
0.958452 -0.0497712 -0.280879 14.0316 0.0786 0.992622 0.0923184 -39.2629 0.274212 -0.11056 0.955293 -41.3089 
0.958452 -0.284543 0.0201387 44.3709 0.0786 0.19557 -0.977535 63.7394 0.274212 0.938503 0.20981 -176.878 
0.958452 -0.246917 0.142836 41.0326 0.0786 -0.252746 -0.964335 108.138 0.274212 0.935495 -0.222837 -177.936 
0.672668 -0.378284 -0.635939 38.7085 0.523242 0.850869 0.0473286 -29.5717 0.523197 -0.364587 0.770286 -4.03529 
0.292885 0.873615 -0.388607 -26.5774 0.332736 0.287902 0.897998 6.43518 0.896384 -0.392314 -0.206361 -9.30186 
0.000772309 0.698891 -0.715228 -18.2589 0.08057 0.71286 0.696663 6.96347 0.996749 -0.058164 -0.0557591 -15.3271 
0.000772309 0.698891 -0.715228 -18.2589 0.08057 0.71286 0.696663 6.96347 0.996749 -0.058164 -0.0557591 -15.3271 
0.931637 -0.313487 -0.183789 32.0619 -0.183957 0.0293167 -0.982497 52.5652 0.313388 0.94914 -0.0303558 -139.139 
0.948376 0.0309065 -0.315637 12.3997 -0.0936239 0.978169 -0.185526 1.34924 0.303013 0.2055 0.930566 -94.9595 
0.948376 0.0786164 -0.307248 11.8326 -0.0936239 0.995014 -0.0343899 -0.22176 0.303013 0.0613804 0.951008 -93.6701 
0.948376 0.0575369 -0.311884 11.8246 -0.0936239 0.99037 -0.101986 -0.48008 0.303013 0.125921 0.944631 -93.7249 
0.677495 -0.608357 0.413403 105.187 0.720189 0.434491 -0.540875 23.3592 0.149425 0.664168 0.732497 -131.243 
0.891006 0 -0.453991 -0.69105 0 1 0 -41.414 0.453991 0 0.891006 -42.4574 
0.891006 0.0750864 -0.447738 -10.0172 0 0.986228 0.165392 -40.7144 0.453991 -0.147365 0.878735 -23.6556 
0.878978 0.165124 -0.447361 -21.1516 0.00433044 0.935332 0.353746 -31.2924 0.476843 -0.312872 0.821421 -2.73313 
0.963849 0.171284 -0.204101 -21.1707 0.0842809 0.530685 0.843369 28.6809 0.252769 -0.830082 0.497064 70.5353 
0.963849 0.129193 -0.233033 -14.313 0.0842809 0.681856 0.726614 3.8257 0.252769 -0.719987 0.646318 52.6735 
0.991594 0.129193 0.00706567 -13.8218 -0.094007 0.681856 0.72542 3.85622 0.0889015 -0.719987 0.68827 52.7905 
0.768096 -0.445271 -0.460176 81.7262 0.520743 0.852566 0.0442398 -28.1363 0.372632 -0.273614 0.886725 -21.6597 
0.768096 -0.608797 0.198479 102.74 0.520743 0.413503 -0.746888 28.2839 0.372632 0.677039 0.634637 -143.82 
0.672862 -0.608797 0.420264 105.829 0.721236 0.413503 -0.555729 23.841 0.164546 0.677039 0.717317 -138.328 
0.963849 -0.0485387 -0.261991 13.9052 0.0842809 0.988321 0.126959 -41.0999 0.252769 -0.144451 0.956683 -39.9478 
0.963849 -0.26563 0.0208873 41.9597 0.0842809 0.229572 -0.969636 56.9525 0.252769 0.936343 0.24366 -179.618 
0.963849 -0.22959 0.135218 38.752 0.0842809 -0.218723 -0.97214 101.3 0.252769 0.948393 -0.191466 -182.173 
0.669995 -0.38406 -0.635298 39.3161 0.528883 0.847477 0.0454386 -31.1939 0.52095 -0.366442 0.770929 -6.83925 
0.286165 0.899183 -0.331028 -27.5686 0.326633 0.233239 0.91592 7.89986 0.900789 -0.370229 -0.226958 -13.5872 
-0.0224966 0.730016 -0.68306 -18.8734 0.0926278 0.681816 0.725636 7.86576 0.995447 -0.0469459 -0.0829584 -19.3715 
-0.0224966 0.730016 -0.68306 -18.8734 0.0926278 0.681816 0.725636 7.86576 0.995447 -0.0469459 -0.0829584 -19.3715 
0.931637 -0.323014 -0.166476 33.0799 -0.183957 -0.0241348 -0.982638 56.0215 0.313388 0.946086 -0.0819057 -142.036 
0.947725 0.0342345 -0.317246 12.6391 -0.089124 0.983059 -0.160161 1.59462 0.306389 0.180063 0.934721 -96.4263 
0.947725 0.0782157 -0.309354 12.1149 -0.089124 0.995794 -0.021265 0.179029 0.306389 0.0477243 0.95071 -95.2166 
0.947725 0.0553493 -0.314251 12.1067 -0.089124 0.991562 -0.0941377 -0.0998173 0.306389 0.117224 0.944661 -95.2724 
0.672862 -0.608797 0.420264 105.829 0.721236 0.413503 -0.555729 23.841 0.164546 0.677039 0.717317 -138.328 
0.891006 0 -0.453991 -0.69105 0 1 0 -43.3133 0.453991 0 0.891006 -45.4719 
0.891006 0.0803948 -0.446816 -10.6428 0 0.984196 0.177085 -42.3428 0.453991 -0.157784 0.876925 -25.4423 
0.879002 0.176355 -0.443006 -22.5052 0.0046366 0.925883 0.377781 -31.9495 0.476795 -0.334125 0.813036 -3.19056 
0.968963 0.156914 -0.191022 -18.8106 0.0886891 0.500624 0.86111 30.9655 0.23075 -0.851325 0.471169 70.017 
0.968963 0.117582 -0.217453 -12.4019 0.0886891 0.655733 0.749766 5.47155 0.23075 -0.745781 0.624953 52.9044 
0.992787 0.117582 0.0234202 -11.9083 -0.0953306 0.655733 0.74895 5.50393 0.0727056 -0.745781 0.662212 53.0107 
0.766544 -0.451735 -0.45645 83.0286 0.516048 0.856346 0.0191313 -30.7503 0.382236 -0.250215 0.889544 -29.9837 
0.766544 -0.608282 0.205922 103.145 0.516048 0.392592 -0.761292 28.8426 0.382236 0.68983 0.614842 -150.781 
0.669144 -0.608282 0.426896 106.287 0.721089 0.392592 -0.570878 24.2831 0.179659 0.68983 0.701326 -145.415 
0.968963 -0.047588 -0.242584 13.8117 0.0886891 0.982889 0.16144 -42.785 0.23075 -0.177944 0.956604 -38.6239 
0.968963 -0.246229 0.0219705 39.4818 0.0886891 0.263295 -0.96063 50.2074 0.23075 0.932763 0.276961 -182.159 
0.968963 -0.211678 0.127687 36.3945 0.0886891 -0.184464 -0.97883 94.4529 0.23075 0.959774 -0.159965 -186.201 
0.667285 -0.389817 -0.634644 39.9221 0.534501 0.844045 0.0435544 -32.8116 0.51869 -0.368281 0.771576 -9.64473 
0.27875 0.921039 -0.272001 -28.3391 0.320908 0.177616 0.930307 9.40827 0.905161 -0.346611 -0.246059 -17.9564 
-0.0452347 0.759435 -0.649009 -19.3067 0.105859 0.64966 0.752818 8.78763 0.993352 -0.0346497 -0.10978 -23.4755 
-0.0452347 0.759435 -0.649009 -19.3067 0.105859 0.64966 0.752818 8.78763 0.993352 -0.0346497 -0.10978 -23.4755 
0.931637 -0.331586 -0.148671 34.0039 -0.183957 -0.0775149 -0.979873 59.4812 0.313388 0.940235 -0.133214 -144.651 
0.94698 0.0378783 -0.319051 12.8184 -0.084853 0.987254 -0.134645 1.87859 0.309884 0.154579 0.938124 -97.7689 
0.94698 0.0781116 -0.311652 12.3372 -0.084853 0.996361 -0.00810787 0.614538 0.309884 0.0341226 0.950162 -96.6446 
0.94698 0.053419 -0.316819 12.3288 -0.084853 0.992653 -0.086256 0.315119 0.309884 0.108566 0.944556 -96.701 
0.669144 -0.608282 0.426896 106.287 0.721089 0.392592 -0.570878 24.2831 0.179659 0.68983 0.701326 -145.415 
0.891006 0 -0.453991 -0.69105 0 1 0 -45.2126 0.453991 0 0.891006 -48.4864 
0.891006 0.085692 -0.44583 -11.2668 0 0.982025 0.188753 -43.9548 0.453991 -0.16818 0.87499 -27.2321 
0.879028 0.18747 -0.438366 -23.8436 0.0049421 0.915817 0.401565 -32.5305 0.476745 -0.355153 0.804102 -3.67761 
0.973764 0.141962 -0.177848 -16.3689 0.0918046 0.470045 0.877855 33.3095 0.208219 -0.871151 0.44468 69.2974 
0.973764 0.105419 -0.201668 -10.4139 0.0918046 0.628911 0.772039 7.20643 0.208219 -0.770298 0.602733 52.9567 
0.993627 0.105419 0.0398983 -9.91813 -0.097696 0.628911 0.771315 7.24001 0.0562188 -0.770298 0.635202 53.0519 
0.765794 -0.457255 -0.452192 84.1472 0.51011 0.86009 -0.00584081 -33.3868 0.391597 -0.226195 0.891901 -38.3905 
0.765794 -0.606875 0.21275 103.374 0.51011 0.371789 -0.775604 29.3605 0.391597 0.702478 0.594286 -157.726 
0.666375 -0.606875 0.433182 106.564 0.719729 0.371789 -0.586313 24.6822 0.194767 0.702478 0.684536 -152.494 
0.973764 -0.0469325 -0.222667 13.7528 0.0918046 0.97636 0.195687 -44.3218 0.208219 -0.210995 0.955053 -37.3434 
0.973764 -0.226353 0.0234005 36.9391 0.0918046 0.296673 -0.950556 43.5135 0.208219 0.927766 0.30967 -184.504 
0.973764 -0.193186 0.120259 33.961 0.0918046 -0.150049 -0.984407 87.6073 0.208219 0.969621 -0.128377 -190.018 
0.664536 -0.395555 -0.633978 40.5267 0.540096 0.840571 0.0416761 -34.425 0.516418 -0.370104 0.772227 -12.4517 
0.270666 0.939092 -0.211768 -28.8848 0.315596 0.121262 0.941113 10.9469 0.909472 -0.321561 -0.263552 -22.403 
-0.0673544 0.787081 -0.613161 -19.5568 0.120216 0.616482 0.778138 9.71828 0.99046 -0.0213006 -0.136142 -27.6336 
-0.0673544 0.787081 -0.613161 -19.5568 0.120216 0.616482 0.778138 9.71828 0.99046 -0.0213006 -0.136142 -27.6336 
0.931637 -0.339178 -0.130426 34.8313 -0.183957 -0.130666 -0.974211 62.9286 0.313388 0.931603 -0.184127 -146.987 
0.946147 0.0418652 -0.321019 12.9349 -0.0808209 0.990751 -0.108998 2.19424 0.313486 0.129073 0.94078 -98.9895 
0.946147 0.0783206 -0.31412 12.4971 -0.0808209 0.996716 0.00507747 1.07771 0.313486 0.0205836 0.94937 -97.956 
0.946147 0.0517611 -0.319572 12.4886 -0.0808209 0.993645 -0.0783429 0.757672 0.313486 0.0999522 0.944318 -98.0126 
0.666375 -0.606875 0.433182 106.564 0.719729 0.371789 -0.586313 24.6822 0.194767 0.702478 0.684536 -152.494 
0.891006 0 -0.453991 -0.69105 0 1 0 -47.1119 0.453991 0 0.891006 -51.5009 
0.891006 0.090977 -0.444782 -11.8893 0 0.979715 0.200394 -45.5505 0.453991 -0.178552 0.872933 -29.0249 
0.879055 0.198463 -0.433445 -25.1657 0.0052469 0.90514 0.425081 -33.0362 0.476691 -0.375944 0.794627 -4.19606 
0.974782 0.147372 -0.167574 -16.8687 0.0849811 0.449196 0.889382 34.2247 0.206343 -0.881195 0.425345 67.1975 
0.974782 0.11269 -0.192615 -11.2194 0.0849811 0.610645 0.787332 7.70296 0.206343 -0.783846 0.585669 51.4325 
0.992425 0.11269 0.0489289 -10.7233 -0.108017 0.610645 0.784503 7.73283 0.0585273 -0.783846 0.618191 51.5271 
0.758505 -0.443461 -0.477507 82.6785 0.51352 0.857867 0.0190093 -35.6883 0.401207 -0.259628 0.878422 -37.0292 
0.758505 -0.623581 0.189255 105.824 0.51352 0.393149 -0.762713 24.0285 0.401207 0.675708 0.618427 -157.221 
0.666489 -0.623581 0.408583 108.825 0.719105 0.393149 -0.572994 19.4531 0.196674 0.675708 0.71045 -151.789 
0.974782 -0.0355636 -0.220306 12.3389 0.0849811 0.971993 0.219106 -46.0657 0.206343 -0.232303 0.950504 -37.7146 
0.974782 -0.222816 0.0123406 36.5374 0.0849811 0.319507 -0.943766 38.2544 0.206343 0.921015 0.330385 -186.757 
0.974782 -0.194856 0.108768 34.0731 0.0849811 -0.126549 -0.988314 82.2488 0.206343 0.972634 -0.106798 -193.234 
