21 117 1.16667 1
0.891007 0 -0.45399 -0.69105 0 1 0 -14.8238 0.45399 0 0.891007 -0.254758 
0.891007 0 -0.45399 -1.15142 0 1 0 -16.1852 0.45399 0 0.891007 1.147 
0.878814 0 -0.477164 -1.12561 0 1 0 -13.7325 0.477164 0 0.878814 1.58275 
0.874768 0.314754 -0.368388 -46.0098 -0.0958455 0.857663 0.505201 8.59448 0.474967 -0.406626 0.780424 59.7222 
0.874768 0.238679 -0.421678 -33.6164 -0.0958455 0.938302 0.332269 -4.77721 0.474967 -0.250243 0.843673 34.1984 
0.950797 0.238679 -0.197527 -33.1671 -0.173382 0.938302 0.299212 -4.83118 0.256756 -0.250243 0.933518 34.4245 
0.860208 -0.308133 -0.40632 52.9599 0.467971 0.793559 0.388931 6.23793 0.202597 -0.524708 0.826823 83.2116 
0.860208 -0.500275 0.0988287 77.6504 0.467971 0.697442 -0.54275 18.589 0.202597 0.513127 0.83406 -50.1515 
0.790677 -0.500275 0.352924 80.195 0.60952 0.697442 -0.376908 15.5491 -0.0575865 0.513127 0.856379 -43.5387 
0.874768 -0.0840494 -0.477196 17.6397 -0.0958455 0.935366 -0.340446 -0.4496 0.474967 0.343549 0.810173 -59.3289 
0.874768 -0.483367 0.0337085 69.2431 -0.0958455 -0.240809 -0.965828 151.546 0.474967 0.841645 -0.256981 -123.697 
0.874768 -0.419671 0.242191 63.594 -0.0958455 -0.639829 -0.762517 191.663 0.474967 0.643813 -0.599926 -105.198 
0.703889 -0.301574 -0.643113 30.6869 0.447934 0.891132 0.0723875 -8.07909 0.551268 -0.339025 0.762342 32.2849 
0.311722 0.269784 -0.911069 2.90538 0.428192 0.816077 0.388161 -2.92863 0.848222 -0.511111 0.13887 36.8851 
0.309639 0.17525 -0.934565 4.11753 0.0426429 0.97932 0.197771 1.78347 0.949897 -0.10109 0.295763 30.0076 
0.309639 0.17525 -0.934565 4.11753 0.0426429 0.97932 0.197771 1.78347 0.949897 -0.10109 0.295763 30.0076 
0.931637 -0.11896 -0.343367 11.986 -0.183958 0.660493 -0.727948 14.9398 0.313388 0.741348 0.593457 -76.8485 
0.932165 0.04876 -0.358736 2.4207 -0.205281 0.887387 -0.412801 2.43584 0.298209 0.45844 0.8372 -60.4309 
0.932165 0.190456 -0.307889 0.49669 -0.205281 0.97857 -0.0161787 -2.16881 0.298209 0.0782847 0.951285 -57.5864 
0.932165 0.190456 -0.307889 0.49669 -0.205281 0.97857 -0.0161787 -2.16881 0.298209 0.0782847 0.951285 -57.5864 
0.790677 -0.500275 0.352924 80.195 0.60952 0.697442 -0.376908 15.5491 -0.0575865 0.513127 0.856379 -43.5387 
0.891007 0 -0.45399 -0.69105 0 1 0 -14.6544 0.45399 0 0.891007 -0.254758 
0.891007 0 -0.45399 -1.15142 0 1 0 -16.0158 0.45399 0 0.891007 1.147 
0.878814 0 -0.477164 -1.12561 0 1 0 -13.5631 0.477164 0 0.878814 1.58275 
0.882985 0.309149 -0.35322 -45.1221 -0.0997663 0.858897 0.502337 8.60532 0.458677 -0.408316 0.789236 60.0004 
0.882985 0.236072 -0.405719 -33.2183 -0.0997663 0.938967 0.329222 -4.67339 0.458677 -0.250221 0.852646 34.1966 
0.954909 0.238563 -0.17674 -33.1903 -0.176449 0.934753 0.308388 -3.91359 0.238778 -0.263297 0.934698 36.7176 
0.869415 -0.30039 -0.392279 51.714 0.457888 0.788145 0.411298 7.28185 0.185623 -0.537208 0.82277 85.2765 
0.861521 -0.502822 0.0703629 77.9146 0.462532 0.720115 -0.517202 15.9132 0.209391 0.478126 0.852966 -45.7612 
0.807835 -0.512596 0.290944 80.9323 0.588835 0.723659 -0.359989 12.8756 -0.0260148 0.462129 0.886431 -38.1385 
0.884359 -0.0575003 -0.463253 13.4768 -0.104381 0.942899 -0.316301 -1.68436 0.454988 0.328078 0.827859 -57.0142 
0.884359 -0.466799 -0.0028064 66.37 -0.104381 -0.191884 -0.975851 144.963 0.454988 0.863295 -0.21842 -126.18 
0.884359 -0.420786 0.202109 62.4595 -0.104381 -0.60025 -0.792972 185.94 0.454988 0.680176 -0.574758 -109.178 
0.703889 -0.307622 -0.640242 31.3034 0.447934 0.891774 0.0639857 -8.00478 0.551268 -0.331825 0.765504 31.575 
0.313092 0.262427 -0.912746 3.56869 0.424183 0.821239 0.381622 -3.05408 0.84973 -0.506654 0.145806 36.3186 
0.313826 0.168828 -0.93435 4.71996 0.0379315 0.98105 0.190007 1.71299 0.948723 -0.0950702 0.301475 29.4685 
0.313826 0.168828 -0.93435 4.71996 0.0379315 0.98105 0.190007 1.71299 0.948723 -0.0950702 0.301475 29.4685 
0.931637 -0.11728 -0.343945 11.8156 -0.183958 0.664043 -0.724712 14.7654 0.313388 0.738439 0.597072 -76.5438 
0.932119 0.0542834 -0.358062 2.03372 -0.20535 0.893617 -0.399099 2.12996 0.298306 0.445535 0.844104 -59.5496 
0.932119 0.190412 -0.308056 0.174596 -0.20535 0.97855 -0.0165 -2.28085 0.298306 0.0786393 0.951225 -56.7768 
0.932119 0.190412 -0.308056 0.174596 -0.20535 0.97855 -0.0165 -2.28085 0.298306 0.0786393 0.951225 -56.7768 
0.807835 -0.529061 0.259804 82.27 0.588835 0.74387 -0.316118 11.2704 -0.0260148 0.408353 0.912453 -32.9315 
0.891007 0 -0.45399 -0.69105 0 1 0 -14.4849 0.45399 0 0.891007 -0.254758 
0.891007 0 -0.45399 -1.15142 0 1 0 -15.8463 0.45399 0 0.891007 1.147 
0.878814 0 -0.477164 -1.12561 0 1 0 -13.3936 0.477164 0 0.878814 1.58275 
0.890898 0.303517 -0.337901 -44.2299 -0.103628 0.860151 0.499402 8.6132 0.442223 -0.4099 0.79776 60.2623 
0.890898 0.233466 -0.389607 -32.8205 -0.103628 0.939637 0.326102 -4.57028 0.442223 -0.250149 0.861315 34.1877 
0.958689 0.237913 -0.155924 -33.1191 -0.179441 0.931136 0.317468 -2.98412 0.220716 -0.276374 0.935362 39.0155 
0.878144 -0.293226 -0.377996 50.5626 0.447723 0.782107 0.43342 8.42833 0.168543 -0.549843 0.818087 87.364 
0.862139 -0.504868 0.0427082 78.1399 0.458469 0.74146 -0.489943 13.3957 0.21569 0.441979 0.870708 -41.209 
0.821174 -0.522908 0.228559 81.5545 0.570641 0.747865 -0.339214 10.4072 0.00644679 0.408979 0.912521 -32.5195 
0.893391 -0.0315921 -0.448169 9.40393 -0.112936 0.949704 -0.292075 -2.80669 0.434855 0.311552 0.844889 -54.5299 
0.893391 -0.4477 -0.0376557 63.1772 -0.112936 -0.142659 -0.983308 138.358 0.434855 0.88273 -0.178012 -128.343 
0.893391 -0.418897 0.162414 60.9542 -0.112936 -0.559275 -0.821253 180.087 0.434855 0.715357 -0.54696 -112.938 
0.703889 -0.313642 -0.637314 31.9174 0.447934 0.892338 0.0555782 -7.92255 0.551268 -0.324595 0.768597 30.8619 
0.314489 0.255061 -0.914353 4.23122 0.420171 0.826326 0.375023 -3.17194 0.851207 -0.502125 0.152701 35.7469 
0.318031 0.162423 -0.934064 5.32143 0.0332529 0.982699 0.182202 1.64955 0.947497 -0.0890061 0.307127 28.925 
0.318031 0.162423 -0.934064 5.32143 0.0332529 0.982699 0.182202 1.64955 0.947497 -0.0890061 0.307127 28.925 
0.931637 -0.115598 -0.344514 11.645 -0.183958 0.667576 -0.721458 14.5926 0.313388 0.735513 0.600674 -76.2373 
0.932072 0.059797 -0.357304 1.64737 -0.205419 0.899636 -0.385303 1.83703 0.298403 0.432527 0.850809 -58.6621 
0.932072 0.190368 -0.308223 -0.146182 -0.205419 0.97853 -0.016821 -2.38123 0.298403 0.0789934 0.951165 -55.9637 
0.932072 0.190368 -0.308223 -0.146181 -0.205419 0.97853 -0.016821 -2.38123 0.298403 0.0789934 0.951165 -55.9637 
0.821174 -0.546434 0.164567 83.3381 0.570641 0.782982 -0.247605 7.71921 0.00644679 0.297236 0.954782 -21.7771 
0.891007 0 -0.45399 -0.69105 0 1 0 -14.3155 0.45399 0 0.891007 -0.254758 
0.891007 0 -0.45399 -1.15142 0 1 0 -15.6769 0.45399 0 0.891007 1.147 
0.878814 0 -0.477164 -1.12561 0 1 0 -13.2242 0.477164 0 0.878814 1.58275 
0.898506 0.297861 -0.322437 -43.3335 -0.107431 0.861422 0.496397 8.61817 0.425612 -0.411376 0.805993 60.5076 
0.898506 0.230864 -0.373348 -32.4232 -0.107431 0.940313 0.32291 -4.46788 0.425612 -0.250027 0.869679 34.1717 
0.962138 0.236729 -0.135095 -32.9535 -0.182358 0.927456 0.326452 -2.04324 0.202575 -0.289456 0.93551 41.3151 
0.886394 -0.286653 -0.363504 49.5078 0.437484 0.775452 0.455282 9.67603 0.151372 -0.562586 0.812762 89.4701 
0.862103 -0.506484 0.015887 78.3347 0.455789 0.761351 -0.461087 11.0522 0.221438 0.404745 0.887213 -36.5015 
0.830771 -0.531263 0.166067 82.0685 0.55521 0.769763 -0.314972 8.16959 0.039501 0.353871 0.93446 -26.6961 
0.901862 -0.00638072 -0.431977 5.43021 -0.121505 0.955785 -0.26779 -3.81703 0.414586 0.293997 0.861211 -51.8796 
0.901862 -0.426206 -0.070663 59.6838 -0.121505 -0.0932679 -0.988199 131.751 0.414586 0.899805 -0.135901 -130.168 
0.901862 -0.414048 0.123325 59.0887 -0.121505 -0.517027 -0.847301 174.12 0.414586 0.749164 -0.516596 -116.456 
0.703889 -0.319634 -0.63433 32.5287 0.447934 0.892822 0.0471658 -7.83241 0.551268 -0.317337 0.771622 30.1456 
0.315913 0.247686 -0.915888 4.89292 0.416157 0.831337 0.368364 -3.28216 0.85265 -0.497524 0.159554 35.1701 
0.322255 0.156035 -0.933705 5.9219 0.0286077 0.984267 0.174358 1.59319 0.946221 -0.082899 0.312721 28.3771 
0.322255 0.156035 -0.933705 5.9219 0.0286077 0.984267 0.174358 1.59319 0.946221 -0.082899 0.312721 28.3771 
0.931637 -0.113913 -0.345074 11.4741 -0.183958 0.671094 -0.718187 14.4215 0.313388 0.732568 0.604261 -75.9292 
0.932026 0.0652996 -0.35646 1.26171 -0.205488 0.905442 -0.371416 1.55711 0.298501 0.419418 0.857313 -57.7685 
0.932026 0.190324 -0.308391 -0.465583 -0.205488 0.978509 -0.017142 -2.46994 0.298501 0.0793473 0.951105 -55.1475 
0.932026 0.190324 -0.308391 -0.465583 -0.205488 0.978509 -0.017142 -2.46994 0.298501 0.0793473 0.951105 -55.1475 
0.830771 -0.552364 0.0686517 83.4058 0.55521 0.813597 -0.172632 4.99787 0.039501 0.181534 0.982591 -10.2402 
0.891007 0 -0.45399 -0.69105 0 1 0 -14.1461 0.45399 0 0.891007 -0.254758 
0.891007 0 -0.45399 -1.15142 0 1 0 -15.5075 0.45399 0 0.891007 1.147 
0.878814 0 -0.477164 -1.12561 0 1 0 -13.0548 0.477164 0 0.878814 1.58275 
0.905805 0.292181 -0.306834 -42.4333 -0.111171 0.862712 0.493324 8.62028 0.408849 -0.412744 0.813932 60.7364 
0.905805 0.228266 -0.356947 -32.0263 -0.111171 0.940992 0.319647 -4.36613 0.408849 -0.249855 0.877733 34.1486 
0.965252 0.235011 -0.114269 -32.6934 -0.185199 0.923713 0.335343 -1.09138 0.184362 -0.302528 0.93514 43.6136 
0.894165 -0.280682 -0.348835 48.5513 0.427176 0.76819 0.476869 11.0236 0.134124 -0.575414 0.80679 91.5907 
0.861451 -0.507741 -0.0100867 78.5077 0.454495 0.779669 -0.430755 8.89805 0.226576 0.36649 0.902412 -31.6464 
0.836713 -0.537725 0.103741 82.4817 0.542776 0.78907 -0.287684 6.18719 0.0728362 0.297018 0.95209 -20.6845 
0.909773 0.0180795 -0.414713 1.56441 -0.130082 0.961147 -0.243464 -4.71594 0.394198 0.275444 0.876777 -49.0678 
0.909773 -0.402465 -0.101662 55.911 -0.130082 -0.0438433 -0.990533 125.158 0.394198 0.914385 -0.092241 -131.637 
0.909773 -0.406299 0.0850562 56.8753 -0.130082 -0.473627 -0.871066 168.056 0.394198 0.781408 -0.483746 -119.707 
0.703889 -0.325599 -0.631289 33.1375 0.447933 0.893227 0.0387492 -7.73434 0.551268 -0.310051 0.774579 29.4263 
0.317364 0.240304 -0.917352 5.55371 0.412141 0.836272 0.361648 -3.38474 0.854061 -0.492852 0.166364 34.5883 
0.326496 0.149666 -0.933274 6.52128 0.0239965 0.985753 0.166477 1.54391 0.944894 -0.0767493 0.318253 27.8248 
0.326496 0.149666 -0.933274 6.52128 0.0239965 0.985753 0.166477 1.54391 0.944894 -0.0767493 0.318253 27.8248 
0.931637 -0.112225 -0.345627 11.303 -0.183958 0.674596 -0.714899 14.252 0.313388 0.729607 0.607834 -75.6194 
0.931979 0.0707897 -0.355532 0.876829 -0.205556 0.911033 -0.357442 1.29028 0.298599 0.406211 0.863616 -56.8691 
0.931979 0.190279 -0.308559 -0.783537 -0.205556 0.978489 -0.0174629 -2.54696 0.298599 0.0797011 0.951045 -54.3283 
0.931979 0.190279 -0.308559 -0.783536 -0.205556 0.978489 -0.0174629 -2.54696 0.298599 0.0797011 0.951045 -54.3283 
0.836713 -0.546997 -0.0265494 82.4956 0.542776 0.834753 -0.0926402 3.18803 0.0728362 0.0631032 0.995346 1.5064 
0.891007 0 -0.45399 -0.69105 0 1 0 -13.9767 0.45399 0 0.891007 -0.254758 
0.891007 0 -0.45399 -1.15142 0 1 0 -15.3381 0.45399 0 0.891007 1.147 
0.878814 0 -0.477164 -1.12561 0 1 0 -12.8854 0.477164 0 0.878814 1.58275 
0.912794 0.28648 -0.291096 -41.5295 -0.11485 0.86402 0.490183 8.6196 0.39194 -0.414004 0.821574 60.9485 
0.912794 0.225673 -0.340411 -31.6302 -0.11485 0.941676 0.316314 -4.26501 0.39194 -0.249634 0.885475 34.1185 
0.968033 0.232759 -0.0934655 -32.3388 -0.187961 0.919911 0.344142 -0.128967 0.166082 -0.315573 0.934254 45.9081 
0.901458 -0.275321 -0.334022 47.6949 0.416806 0.76033 0.498167 12.4695 0.116812 -0.588299 0.800162 93.7215 
0.860217 -0.508711 -0.0352066 78.6677 0.45458 0.796302 -0.399073 6.94767 0.231048 0.327285 0.916243 -26.6522 
0.839099 -0.542367 0.0418343 82.8023 0.533525 0.805533 -0.25781 4.48285 0.106129 0.238648 0.965289 -14.5025 
0.917123 0.0417356 -0.396413 -2.18488 -0.138661 0.965795 -0.219118 -5.50398 0.373709 0.255925 0.89154 -46.0991 
0.917123 -0.376638 -0.130497 51.8811 -0.138661 0.00548282 -0.990324 118.596 0.373709 0.926344 -0.0471967 -132.737 
0.917123 -0.395726 0.0478171 54.3284 -0.138661 -0.429202 -0.892501 161.912 0.373709 0.811903 -0.448503 -122.671 
0.703889 -0.331534 -0.628193 33.7435 0.447933 0.893552 0.0303291 -7.62832 0.551268 -0.302737 0.777466 28.704 
0.318842 0.232914 -0.918744 6.21353 0.408123 0.84113 0.354873 -3.47961 0.855439 -0.488109 0.17313 34.0016 
0.330756 0.143315 -0.932771 7.11953 0.0194195 0.987159 0.158557 1.50176 0.943516 -0.0705578 0.323725 27.2682 
0.330756 0.143315 -0.932771 7.11953 0.0194195 0.987159 0.158557 1.50176 0.943516 -0.0705578 0.323725 27.2682 
0.931637 -0.110535 -0.346171 11.1316 -0.183958 0.678081 -0.711593 14.0842 0.313388 0.726628 0.611392 -75.3078 
0.931933 0.0762662 -0.35452 0.4928 -0.205624 0.916409 -0.343384 1.03662 0.298697 0.392909 0.869714 -55.9639 
0.931933 0.190233 -0.308727 -1.09999 -0.205624 0.97847 -0.0177838 -2.61224 0.298697 0.0800548 0.950984 -53.5063 
0.931933 0.190233 -0.308727 -1.09999 -0.205624 0.97847 -0.0177838 -2.61224 0.298697 0.0800548 0.950984 -53.5063 
0.839099 -0.530644 -0.119706 80.6449 0.533525 0.845734 -0.00921373 2.34836 0.106129 -0.056135 0.992766 13.2856 
0.891007 0 -0.453991 -0.69105 0 1 0 -13.8073 0.453991 0 0.891007 -0.254758 
0.891007 0 -0.453991 -1.15143 0 1 0 -15.1687 0.453991 0 0.891007 1.147 
0.878814 0 -0.477164 -1.12561 0 1 0 -12.716 0.477164 0 0.878814 1.58276 
0.919469 0.28076 -0.27523 -40.6224 -0.118464 0.865344 0.486976 8.61621 0.374892 -0.415155 0.828917 61.1439 
0.919469 0.223085 -0.323745 -31.2349 -0.118464 0.942365 0.312914 -4.16449 0.374892 -0.249362 0.892902 34.0812 
0.970477 0.229975 -0.0726996 -31.8901 -0.190646 0.916052 0.352851 0.843628 0.147743 -0.328574 0.932851 48.1955 
0.908275 -0.27058 -0.319098 46.9398 0.406383 0.75188 0.519161 14.0123 0.0994493 -0.601217 0.792873 95.8584 
0.858433 -0.509466 -0.0594739 78.8236 0.456031 0.811143 -0.366172 5.21489 0.234794 0.287213 0.928644 -21.5284 
0.838035 -0.545271 -0.0194245 83.0389 0.527601 0.818923 -0.225834 3.07759 0.139048 0.179009 0.973972 -8.16933 
0.923914 0.0645368 -0.377119 -5.80931 -0.147238 0.969735 -0.19477 -6.1819 0.353136 0.235477 0.905453 -42.9785 
0.923914 -0.348893 -0.157026 47.6178 -0.147238 0.0545807 -0.987594 112.083 0.353136 0.935572 -0.000942424 -133.451 
0.923914 -0.382419 0.0118109 51.4639 -0.147238 -0.383876 -0.91157 155.703 0.353136 0.840473 -0.410975 -125.326 
0.703889 -0.33744 -0.62504 34.3469 0.447933 0.893798 0.0219064 -7.51436 0.551268 -0.295396 0.780285 27.9787 
0.320346 0.225518 -0.920065 6.87231 0.404104 0.845912 0.348042 -3.56675 0.856784 -0.483296 0.179851 33.4099 
0.335033 0.136983 -0.932196 7.71658 0.0148774 0.988483 0.150602 1.46677 0.942089 -0.0643252 0.329136 26.7073 
0.335033 0.136983 -0.932196 7.71658 0.0148774 0.988483 0.150602 1.46676 0.942089 -0.0643252 0.329136 26.7073 
0.931637 -0.108842 -0.346707 10.96 -0.183958 0.681551 -0.708271 13.9182 0.313388 0.723631 0.614936 -74.9946 
0.931887 0.0817277 -0.353423 0.109707 -0.205691 0.921569 -0.329245 0.796196 0.298795 0.379515 0.875608 -55.0532 
0.931887 0.190187 -0.308895 -1.41488 -0.205691 0.97845 -0.0181046 -2.66576 0.298795 0.0804084 0.950924 -52.6815 
0.931887 0.190187 -0.308895 -1.41488 -0.205691 0.97845 -0.0181046 -2.66576 0.298795 0.0804084 0.950924 -52.6815 
0.838035 -0.503763 -0.209571 77.9044 0.527601 0.846089 0.0759639 2.51281 0.139048 -0.174231 0.974838 24.9189 
0.891007 0 -0.45399 -0.69105 0 1 0 -13.6379 0.45399 0 0.891007 -0.254758 
0.891007 0 -0.45399 -1.15142 0 1 0 -14.9993 0.45399 0 0.891007 1.147 
0.878814 0 -0.477164 -1.12561 0 1 0 -12.5466 0.477164 0 0.878814 1.58275 
0.925828 0.275023 -0.25924 -39.7123 -0.122013 0.866685 0.483704 8.61018 0.35771 -0.416196 0.835957 61.3224 
0.925828 0.220505 -0.306954 -30.8405 -0.122013 0.943057 0.309446 -4.06454 0.35771 -0.249041 0.900012 34.0369 
0.972586 0.22666 -0.0519885 -31.3474 -0.19325 0.912137 0.36147 1.82599 0.129351 -0.341514 0.930933 50.4731 
0.914616 -0.266465 -0.304096 46.2872 0.395911 0.742851 0.539839 15.6505 0.0820504 -0.614141 0.78492 97.997 
0.856125 -0.510077 -0.0828967 78.9843 0.458827 0.824093 -0.332188 3.71287 0.237756 0.246359 0.939563 -16.2855 
0.833632 -0.546521 -0.0798281 83.2002 0.525098 0.829039 -0.192265 1.99061 0.171257 0.11836 0.978091 -1.70575 
0.930146 0.0864334 -0.356872 -9.3008 -0.155806 0.972972 -0.170438 -6.75044 0.332495 0.214135 0.918473 -39.7114 
0.930146 -0.319413 -0.181118 43.1463 -0.155806 0.103323 -0.982369 105.633 0.332495 0.941966 0.046339 -133.768 
0.930146 -0.366483 -0.0227663 48.2997 -0.155806 -0.337776 -0.928241 149.447 0.332495 0.866947 -0.371282 -127.654 
0.703889 -0.343315 -0.621832 34.9474 0.447933 0.893965 0.0134817 -7.39245 0.551268 -0.288029 0.783034 27.2505 
0.321877 0.218117 -0.921314 7.52999 0.400084 0.850615 0.341155 -3.64613 0.858095 -0.478413 0.186528 32.8133 
0.339326 0.130672 -0.931548 8.31238 0.0103705 0.989725 0.142611 1.43895 0.940611 -0.0580521 0.334484 26.1423 
0.339326 0.130672 -0.931548 8.31238 0.0103705 0.989725 0.142611 1.43895 0.940611 -0.0580521 0.334484 26.1423 
0.931637 -0.107146 -0.347235 10.7881 -0.183958 0.685004 -0.704932 13.7538 0.313388 0.720617 0.618465 -74.6797 
0.93184 0.087173 -0.352242 -0.272402 -0.205757 0.92651 -0.315028 0.569065 0.298894 0.366032 0.881296 -54.1372 
0.93184 0.19014 -0.309064 -1.72816 -0.205757 0.97843 -0.0184252 -2.7075 0.298894 0.0807615 0.950863 -51.8543 
0.93184 0.19014 -0.309064 -1.72816 -0.205757 0.97843 -0.0184252 -2.7075 0.298894 0.0807615 0.950863 -51.8543 
0.833632 -0.466945 -0.294991 74.3364 0.525098 0.835644 0.161154 3.68996 0.171257 -0.289242 0.941812 36.2302 
0.891007 0 -0.453991 -0.69105 0 1 0 -13.4685 0.453991 0 0.891007 -0.254758 
0.891007 0 -0.453991 -1.15143 0 1 0 -14.8298 0.453991 0 0.891007 1.147 
0.878814 0 -0.477164 -1.12561 0 1 0 -12.3772 0.477164 0 0.878814 1.58276 
0.931869 0.269271 -0.243134 -38.7997 -0.125495 0.868042 0.480368 8.60157 0.3404 -0.417128 0.842694 61.4841 
0.931869 0.217932 -0.290046 -30.4471 -0.125495 0.943752 0.305912 -3.96512 0.3404 -0.24867 0.906803 33.9855 
0.974357 0.222815 -0.0313494 -30.7112 -0.195774 0.908168 0.370003 2.81783 0.110913 -0.354378 0.928501 52.7378 
0.920484 -0.26298 -0.28905 45.7381 0.385398 0.733252 0.560187 17.3824 0.0646287 -0.627043 0.776299 100.133 
0.853315 -0.510613 -0.105492 79.1584 0.46294 0.835059 -0.297258 2.45387 0.239876 0.204818 0.948952 -10.9348 
0.826005 -0.546206 -0.139192 83.2953 0.526063 0.835711 -0.157623 1.23893 0.202419 0.0569737 0.97764 4.86633 
0.935823 0.107379 -0.335717 -12.6516 -0.16436 0.975514 -0.146141 -7.21046 0.311805 0.191941 0.930557 -36.3037 
0.935823 -0.288386 -0.202657 38.4927 -0.16436 0.151584 -0.974684 99.2652 0.311805 0.94544 0.0944568 -133.678 
0.935823 -0.348038 -0.0557266 44.8552 -0.16436 -0.29103 -0.94249 143.16 0.311805 0.891163 -0.329556 -129.636 
0.703889 -0.349161 -0.618569 35.545 0.447933 0.894053 0.00505575 -7.2626 0.551268 -0.280636 0.785714 26.5196 
0.323434 0.21071 -0.922492 8.1865 0.396064 0.85524 0.334213 -3.71774 0.859374 -0.473461 0.193159 32.212 
0.343636 0.124382 -0.930829 8.90688 0.00589928 0.990885 0.134584 1.41832 0.939084 -0.0517393 0.33977 25.573 
0.343636 0.124382 -0.930829 8.90688 0.00589928 0.990885 0.134584 1.41832 0.939084 -0.0517393 0.33977 25.573 
0.931637 -0.105448 -0.347755 10.6161 -0.183957 0.688441 -0.701576 13.5911 0.313388 0.717586 0.621979 -74.3632 
0.931794 0.0926007 -0.350978 -0.653425 -0.205823 0.931232 -0.300738 0.355305 0.298993 0.352465 0.886776 -53.216 
0.931794 0.190092 -0.309233 -2.03975 -0.205823 0.97841 -0.0187458 -2.73744 0.298993 0.0811146 0.950801 -51.0246 
0.931794 0.190092 -0.309233 -2.03975 -0.205823 0.97841 -0.0187458 -2.73744 0.298993 0.0811146 0.950801 -51.0246 
0.826005 -0.420894 -0.374918 70.0132 0.526063 0.814508 0.244609 5.86275 0.202419 -0.399279 0.894205 47.0494 
0.891007 0 -0.453991 -0.69105 0 1 0 -13.299 0.453991 0 0.891007 -0.254758 
0.891007 0 -0.453991 -1.15142 0 1 0 -14.6604 0.453991 0 0.891007 1.147 
0.878814 0 -0.477164 -1.12561 0 1 0 -12.2077 0.477164 0 0.878814 1.58275 
0.93759 0.263506 -0.226915 -37.8846 -0.12891 0.869415 0.476968 8.59048 0.322967 -0.417949 0.849123 61.6289 
0.93759 0.215367 -0.273025 -30.055 -0.12891 0.944452 0.302313 -3.86617 0.322967 -0.24825 0.913271 33.9271 
0.97579 0.218443 -0.0107987 -29.9819 -0.198217 0.904149 0.378451 3.81874 0.0924337 -0.367148 0.925558 54.9868 
0.925883 -0.260132 -0.273994 45.2931 0.374851 0.723093 0.580191 19.2065 0.0471973 -0.639896 0.767011 102.262 
0.850021 -0.511141 -0.127281 79.3543 0.468335 0.843959 -0.261524 1.44931 0.241095 0.162691 0.956768 -5.48841 
0.815268 -0.544418 -0.197351 83.333 0.530492 0.8388 -0.122445 0.837402 0.232199 -0.00486779 0.972656 11.5237 
0.940946 0.127327 -0.313701 -15.8541 -0.172894 0.977368 -0.121896 -7.5629 0.291081 0.168935 0.941665 -32.7614 
0.940946 -0.256009 -0.22154 33.684 -0.172894 0.199243 -0.964577 92.9934 0.291081 0.945918 0.143214 -133.17 
0.940946 -0.327216 -0.0868916 41.1513 -0.172894 -0.243765 -0.954299 136.858 0.291081 0.912967 -0.285943 -131.255 
0.703889 -0.354975 -0.615251 36.1397 0.447933 0.894061 -0.00337058 -7.12479 0.551268 -0.273219 0.788324 25.7858 
0.325017 0.2033 -0.923598 8.84177 0.392043 0.859786 0.327216 -3.78153 0.86062 -0.468441 0.199743 31.6059 
0.347962 0.118113 -0.930038 9.49999 0.00146396 0.991962 0.126525 1.40492 0.937507 -0.0453874 0.344993 24.9997 
0.347962 0.118113 -0.930038 9.49999 0.00146396 0.991962 0.126525 1.40492 0.937507 -0.0453874 0.344993 24.9997 
0.931637 -0.103747 -0.348266 10.4438 -0.183958 0.691861 -0.698204 13.4301 0.313388 0.714538 0.625478 -74.045 
0.931747 0.0980094 -0.34963 -1.0333 -0.205889 0.935734 -0.286376 0.154961 0.299093 0.338815 0.892047 -52.2899 
0.931747 0.190044 -0.309403 -2.3496 -0.205889 0.97839 -0.0190665 -2.75557 0.299093 0.0814678 0.95074 -50.1928 
0.931747 0.190044 -0.309403 -2.3496 -0.205889 0.97839 -0.0190665 -2.75557 0.299093 0.0814678 0.95074 -50.1928 
0.815268 -0.366413 -0.448419 65.0153 0.530492 0.783071 0.32462 8.98885 0.232199 -0.502535 0.832792 57.2154 
0.891007 0 -0.45399 -0.69105 0 1 0 -13.1296 0.45399 0 0.891007 -0.254758 
0.891007 0 -0.45399 -1.15142 0 1 0 -14.491 0.45399 0 0.891007 1.147 
0.878814 0 -0.477164 -1.12561 0 1 0 -12.0383 0.477164 0 0.878814 1.58275 
0.942988 0.25773 -0.21059 -36.9676 -0.132256 0.870804 0.473508 8.57695 0.30542 -0.41866 0.855244 61.7567 
0.942988 0.212812 -0.255898 -29.6641 -0.132256 0.945154 0.298651 -3.76765 0.30542 -0.24778 0.919415 33.8617 
0.976885 0.213548 0.00964656 -29.1601 -0.200578 0.900079 0.386815 4.82843 0.0739208 -0.379809 0.922107 57.2172 
0.930815 -0.25792 -0.258961 44.9526 0.364276 0.712386 0.599841 21.121 0.0297693 -0.652674 0.757053 104.379 
0.846255 -0.511724 -0.148293 79.58 0.474971 0.850716 -0.22513 0.709755 0.241359 0.120082 0.962977 0.0406399 
0.801534 -0.541244 -0.25416 83.322 0.538333 0.838202 -0.0872663 0.798553 0.26027 -0.0668757 0.963217 18.2425 
0.94552 0.146236 -0.290872 -18.9013 -0.181404 0.978541 -0.0977189 -7.80878 0.27034 0.145161 0.951758 -29.0912 
0.94552 -0.222486 -0.237679 28.7483 -0.181404 0.24618 -0.952096 86.8335 0.27034 0.943342 0.192408 -132.239 
0.94552 -0.304161 -0.116093 37.2103 -0.181404 -0.196107 -0.963657 130.558 0.27034 0.932217 -0.240599 -132.495 
0.703889 -0.360758 -0.611878 36.7315 0.447933 0.893989 -0.0117966 -6.979 0.551268 -0.265777 0.790864 25.0494 
0.326626 0.195887 -0.924632 9.49575 0.388023 0.864253 0.320165 -3.83747 0.861832 -0.463352 0.206279 30.9951 
0.352304 0.111866 -0.929176 10.0917 -0.00293476 0.992958 0.118432 1.39877 0.935881 -0.0389972 0.350151 24.4224 
0.352304 0.111866 -0.929176 10.0917 -0.00293476 0.992958 0.118432 1.39877 0.935881 -0.0389972 0.350151 24.4224 
0.931637 -0.102044 -0.348769 10.2713 -0.183958 0.695265 -0.694814 13.2708 0.313388 0.711473 0.628963 -73.7251 
0.931701 0.103398 -0.348199 -1.41194 -0.205954 0.940015 -0.271947 -0.0319099 0.299193 0.325086 0.897108 -51.359 
0.931701 0.189995 -0.309572 -2.65766 -0.205954 0.97837 -0.0193869 -2.76187 0.299193 0.0818204 0.950678 -49.359 
0.931701 0.189995 -0.309572 -2.65766 -0.205954 0.97837 -0.0193869 -2.76187 0.299193 0.0818204 0.950678 -49.359 
0.801534 -0.30438 -0.51468 59.4298 0.538333 0.74199 0.39956 13.0022 0.26027 -0.59733 0.758588 66.5801 
0.891007 0 -0.453991 -0.69105 0 1 0 -12.9602 0.453991 0 0.891007 -0.254758 
0.891007 0 -0.453991 -1.15142 0 1 0 -14.3216 0.453991 0 0.891007 1.147 
0.878814 0 -0.477164 -1.12561 0 1 0 -11.8689 0.477164 0 0.878814 1.58275 
0.948063 0.251945 -0.194165 -36.0488 -0.135532 0.872206 0.469986 8.56107 0.287762 -0.419261 0.861053 61.8675 
0.948063 0.210267 -0.238671 -29.2747 -0.135532 0.945859 0.294926 -3.66957 0.287762 -0.247261 0.925232 33.7893 
0.977641 0.208132 0.0299699 -28.2465 -0.202855 0.895962 0.395098 5.84656 0.0553808 -0.392343 0.91815 59.4261 
0.935284 -0.256347 -0.243986 44.7169 0.353681 0.701139 0.619123 23.1242 0.0123577 -0.665349 0.74643 106.48 
0.842027 -0.512424 -0.168561 79.8435 0.4828 0.855264 -0.188221 0.24472 0.240614 0.077106 0.967553 5.63857 
0.784913 -0.536774 -0.30949 83.2707 0.549486 0.833844 -0.052624 1.13245 0.286314 -0.128755 0.949445 24.9977 
0.949549 0.164064 -0.267281 -21.7864 -0.189885 0.979042 -0.0736269 -7.94916 0.2496 0.120665 0.960802 -25.2998 
0.949549 -0.188028 -0.251002 23.7142 -0.189885 0.29228 -0.937292 80.8004 0.2496 0.937666 0.24183 -130.88 
0.949549 -0.279031 -0.143173 33.0561 -0.189885 -0.148182 -0.970559 124.277 0.2496 0.94878 -0.19369 -133.344 
0.703889 -0.366508 -0.608451 37.3203 0.447933 0.893838 -0.0202216 -6.82527 0.551268 -0.258312 0.793334 24.3104 
0.328262 0.188471 -0.925593 10.1484 0.384002 0.86864 0.313061 -3.88554 0.86301 -0.458196 0.212768 30.3797 
0.35666 0.105642 -0.928242 10.6819 -0.00729663 0.993871 0.110307 1.39987 0.934206 -0.0325693 0.355245 23.8411 
0.35666 0.105642 -0.928242 10.6819 -0.00729663 0.993871 0.110307 1.39987 0.934206 -0.0325693 0.355245 23.8411 
0.931637 -0.100339 -0.349263 10.0986 -0.183958 0.698652 -0.691408 13.1133 0.313388 0.708391 0.632432 -73.4035 
0.931655 0.108765 -0.346684 -1.7893 -0.206018 0.944073 -0.257454 -0.205235 0.299293 0.311282 0.901958 -50.4235 
0.931655 0.189946 -0.309742 -2.96386 -0.206018 0.97835 -0.0197072 -2.75632 0.299293 0.0821728 0.950616 -48.5233 
0.931655 0.189946 -0.309742 -2.96386 -0.206018 0.97835 -0.0197072 -2.75632 0.299293 0.0821728 0.950616 -48.5233 
0.784913 -0.23574 -0.573008 53.349 0.549486 0.692177 0.467927 17.8143 0.286314 -0.682142 0.672835 75.0108 
0.891007 0 -0.45399 -0.69105 0 1 0 -12.7908 0.45399 0 0.891007 -0.254758 
0.891007 0 -0.45399 -1.15142 0 1 0 -14.1522 0.45399 0 0.891007 1.147 
0.878814 0 -0.477164 -1.12561 0 1 0 -11.6995 0.477164 0 0.878814 1.58275 
0.952812 0.246153 -0.177645 -35.1286 -0.138737 0.873624 0.466405 8.54292 0.270002 -0.419751 0.86655 61.9612 
0.952812 0.207734 -0.221349 -28.8869 -0.138737 0.946567 0.291141 -3.5719 0.270002 -0.246693 0.930721 33.71 
0.978059 0.202201 0.050155 -27.2418 -0.205049 0.891798 0.403301 6.87285 0.0368198 -0.404736 0.913692 61.6106 
0.939296 -0.255412 -0.229102 44.586 0.343071 0.689365 0.638026 25.2143 -0.00502463 -0.677894 0.735143 108.56 
0.837339 -0.513295 -0.188128 80.1517 0.491767 0.857543 -0.150946 0.0629044 0.238807 0.0338781 0.970476 11.2909 
0.765511 -0.53109 -0.36323 83.1871 0.563803 0.825689 -0.0190456 1.8468 0.31003 -0.190211 0.931505 31.7637 
0.953038 0.180774 -0.242981 -24.5028 -0.19833 0.978877 -0.0496359 -7.98517 0.228876 0.0954955 0.96876 -21.3943 
0.953038 -0.152849 -0.26145 18.611 -0.19833 0.33743 -0.92022 74.9084 0.228876 0.928859 0.291269 -129.089 
0.953038 -0.251992 -0.167986 28.7133 -0.19833 -0.100118 -0.975008 118.029 0.228876 0.962537 -0.145394 -133.789 
0.703889 -0.372226 -0.604969 37.906 0.447933 0.893608 -0.0286448 -6.66357 0.551268 -0.250823 0.795733 23.5688 
0.329923 0.181054 -0.926483 10.7995 0.379983 0.872946 0.305905 -3.92572 0.864155 -0.452973 0.219208 29.7597 
0.361032 0.099441 -0.927236 11.2705 -0.0116212 0.994701 0.102151 1.40827 0.932481 -0.0261043 0.360274 23.2559 
0.361032 0.099441 -0.927236 11.2705 -0.0116212 0.994701 0.102151 1.40827 0.932481 -0.0261043 0.360274 23.2559 
0.931637 -0.0986305 -0.349749 9.92564 -0.183957 0.702022 -0.687986 12.9574 0.313388 0.705292 0.635886 -73.0804 
0.931608 0.11411 -0.345088 -2.16527 -0.206082 0.947908 -0.242901 -0.364975 0.299394 0.297405 0.906595 -49.4836 
0.931608 0.189896 -0.309913 -3.26815 -0.206082 0.97833 -0.0200274 -2.73892 0.299394 0.0825253 0.950554 -47.6859 
0.931608 0.189896 -0.309913 -3.26815 -0.206082 0.97833 -0.0200274 -2.73892 0.299394 0.0825253 0.950554 -47.6859 
0.765511 -0.161483 -0.622829 46.8689 0.563803 0.634773 0.528384 23.3175 0.31003 -0.755637 0.57697 82.3933 
0.891007 0 -0.45399 -0.69105 0 1 0 -12.6214 0.45399 0 0.891007 -0.254758 
0.891007 0 -0.45399 -1.15142 0 1 0 -13.9828 0.45399 0 0.891007 1.147 
0.878814 0 -0.477164 -1.12561 0 1 0 -11.5301 0.477164 0 0.878814 1.58275 
0.957234 0.240356 -0.161036 -34.2073 -0.141869 0.875054 0.462766 8.52257 0.252144 -0.420129 0.871731 62.0378 
0.957234 0.205212 -0.203939 -28.5008 -0.141869 0.947277 0.287296 -3.47453 0.252144 -0.246076 0.935879 33.6237 
0.978137 0.195759 0.0701854 -26.1468 -0.207158 0.887589 0.411426 7.90714 0.0182445 -0.416971 0.908737 63.768 
0.942854 -0.255113 -0.214343 44.5594 0.332453 0.677075 0.656539 27.3896 -0.0223652 -0.69028 0.723196 110.615 
0.83219 -0.514388 -0.207035 80.5115 0.501811 0.857505 -0.113451 0.17189 0.235892 -0.0094797 0.971733 16.9825 
0.743427 -0.524271 -0.415279 83.0784 0.58109 0.813736 0.0129555 2.94672 0.331135 -0.250946 0.909602 38.5147 
0.955992 0.19633 -0.218025 -27.0444 -0.206736 0.978057 -0.0257612 -7.91795 0.208183 0.0697011 0.975603 -17.3822 
0.955992 -0.117166 -0.268984 13.4683 -0.206736 0.381523 -0.900944 69.1715 0.208183 0.916903 0.340511 -126.865 
0.955992 -0.223223 -0.190399 24.2081 -0.206736 -0.0520371 -0.977012 111.831 0.208183 0.973377 -0.0958952 -133.82 
0.703889 -0.377911 -0.601434 38.4886 0.447933 0.893298 -0.0370655 -6.4939 0.551268 -0.243312 0.798062 22.8247 
0.33161 0.173635 -0.9273 11.4492 0.375965 0.877172 0.298697 -3.95797 0.865266 -0.447684 0.225598 29.1353 
0.365417 0.0932644 -0.92616 11.8576 -0.0159081 0.995448 0.0939651 1.42397 0.930708 -0.0196031 0.365238 22.6668 
0.365417 0.0932644 -0.92616 11.8576 -0.0159081 0.995448 0.0939651 1.42397 0.930708 -0.0196031 0.365238 22.6668 
0.931637 -0.0969201 -0.350227 9.75251 -0.183958 0.705376 -0.684547 12.8034 0.313388 0.702176 0.639325 -72.7556 
0.931562 0.119431 -0.343408 -2.53981 -0.206146 0.951518 -0.228291 -0.511097 0.299495 0.283459 0.911018 -48.5396 
0.931562 0.189846 -0.310083 -3.57047 -0.206146 0.97831 -0.0203477 -2.70967 0.299495 0.0828775 0.950492 -46.847 
0.931562 0.189846 -0.310083 -3.57047 -0.206146 0.97831 -0.0203477 -2.70967 0.299495 0.0828775 0.950492 -46.847 
0.743427 -0.0826327 -0.663693 40.0876 0.58109 0.571115 0.579794 29.387 0.331135 -0.8167 0.472599 88.6341 
0.891007 0 -0.453991 -0.69105 0 1 0 -12.452 0.453991 0 0.891007 -0.254758 
0.891007 0 -0.453991 -1.15143 0 1 0 -13.8134 0.453991 0 0.891007 1.147 
0.878814 0 -0.477164 -1.12561 0 1 0 -11.3607 0.477164 0 0.878814 1.58275 
0.961326 0.234556 -0.144344 -33.2852 -0.144928 0.876499 0.459071 8.5001 0.234195 -0.420397 0.876595 62.0973 
0.961326 0.202704 -0.186448 -28.1165 -0.144928 0.94799 0.283392 -3.37749 0.234195 -0.245411 0.940705 33.5305 
0.977876 0.18881 0.0900448 -24.9626 -0.209182 0.883336 0.419476 8.94907 -0.000338495 -0.429032 0.903289 65.8954 
0.945965 -0.255446 -0.199743 44.6368 0.321834 0.66428 0.674652 29.6481 -0.0396518 -0.702481 0.710597 112.641 
0.826575 -0.51575 -0.225333 80.9289 0.512867 0.855108 -0.0758843 0.578201 0.231822 -0.0528418 0.971322 22.6977 
0.718754 -0.516388 -0.465548 82.9513 0.60111 0.798015 0.0428853 4.43472 0.349369 -0.31067 0.883983 45.2244 
0.958416 0.210697 -0.192469 -29.4055 -0.215098 0.97659 -0.00201735 -7.74886 0.187539 0.0433332 0.981301 -13.2712 
0.958416 -0.0812 -0.273577 8.31603 -0.215098 0.424455 -0.879529 63.6031 0.187539 0.901801 0.389338 -124.21 
0.958416 -0.19291 -0.210294 19.5672 -0.215098 -0.00406283 -0.976584 105.698 0.187539 0.981208 -0.0453884 -133.429 
0.703889 -0.383563 -0.597846 39.068 0.447933 0.892909 -0.0454829 -6.31628 0.551268 -0.23578 0.80032 22.0782 
0.333322 0.166217 -0.928045 12.0974 0.371949 0.881316 0.291439 -3.98228 0.866343 -0.442328 0.231938 28.5064 
0.369817 0.0871125 -0.925012 12.443 -0.0201568 0.996113 0.0857498 1.44701 0.928886 -0.0130665 0.370135 22.0739 
0.369817 0.0871125 -0.925012 12.443 -0.0201568 0.996113 0.0857498 1.44701 0.928886 -0.0130665 0.370135 22.0739 
0.931637 -0.0952075 -0.350697 9.57918 -0.183957 0.708713 -0.681091 12.651 0.313388 0.699043 0.642749 -72.4291 
0.931515 0.124726 -0.341648 -2.91282 -0.206209 0.954904 -0.213626 -0.643536 0.299596 0.269447 0.915227 -47.5915 
0.931515 0.189795 -0.310254 -3.87077 -0.206209 0.97829 -0.0206677 -2.66854 0.299596 0.0832292 0.950429 -46.0068 
0.931515 0.189795 -0.310254 -3.87077 -0.206209 0.97829 -0.0206677 -2.66854 0.299596 0.0832292 0.950429 -46.0068 
0.718754 -0.000234693 -0.695264 33.1044 0.60111 0.502708 0.62125 35.8849 0.349369 -0.864456 0.361465 93.6622 
0.891007 0 -0.453991 -0.69105 0 1 0 -12.2825 0.453991 0 0.891007 -0.254758 
0.891007 0 -0.453991 -1.15142 0 1 0 -13.6439 0.453991 0 0.891007 1.147 
0.878814 0 -0.477164 -1.12561 0 1 0 -11.1913 0.477164 0 0.878814 1.58275 
0.965088 0.228755 -0.127575 -32.3627 -0.147913 0.877955 0.455319 8.47558 0.216162 -0.420554 0.881141 62.1397 
0.965088 0.20021 -0.16888 -27.7342 -0.147913 0.948704 0.279432 -3.28073 0.216162 -0.244697 0.945197 33.4304 
0.977277 0.181361 0.109718 -23.6901 -0.21112 0.879041 0.427452 9.99844 -0.0189229 -0.440903 0.897355 67.9901 
0.948634 -0.256406 -0.185334 44.8174 0.311221 0.650991 0.692353 31.9881 -0.0568725 -0.71447 0.697351 114.632 
0.820483 -0.51742 -0.243074 81.4091 0.524862 0.850321 -0.0383932 1.28735 0.226556 -0.0960795 0.969248 28.42 
0.691581 -0.507507 -0.513956 82.8117 0.623584 0.778591 0.070275 6.31088 0.364497 -0.369096 0.854933 51.8667 
0.960319 0.223846 -0.166371 -31.5809 -0.22341 0.974486 0.021581 -7.47906 0.166957 0.0164443 0.985827 -9.06921 
0.960319 -0.0451731 -0.27522 3.18416 -0.22341 0.466125 -0.856047 58.2159 0.166957 0.883565 0.437536 -121.126 
0.960319 -0.16125 -0.227563 14.8184 -0.22341 0.0436838 -0.973745 99.6445 0.166957 0.985946 0.0059256 -132.609 
0.703889 -0.38918 -0.594205 39.6442 0.447933 0.892441 -0.0538962 -6.13068 0.551268 -0.228227 0.802506 21.3293 
0.335059 0.158799 -0.928718 12.7439 0.367934 0.885378 0.284131 -3.99861 0.867387 -0.436908 0.238227 27.8731 
0.37423 0.080986 -0.923793 13.0267 -0.0243671 0.996694 0.0775058 1.47739 0.927016 -0.00649486 0.374966 21.4772 
0.37423 0.080986 -0.923793 13.0267 -0.0243671 0.996694 0.0775058 1.47739 0.927016 -0.00649486 0.374966 21.4772 
0.931637 -0.0934925 -0.351158 9.40564 -0.183958 0.712033 -0.67762 12.5005 0.313388 0.695894 0.646158 -72.1011 
0.931469 0.129995 -0.339805 -3.28425 -0.206271 0.958064 -0.198912 -0.762264 0.299698 0.255372 0.919221 -46.6396 
0.931469 0.189743 -0.310425 -4.16899 -0.206271 0.97827 -0.0209877 -2.61557 0.299698 0.0835811 0.950366 -45.1654 
0.931469 0.189743 -0.310425 -4.16899 -0.206271 0.97827 -0.0209877 -2.61557 0.299698 0.0835811 0.950366 -45.1654 
0.691581 0.0846576 -0.71732 26.0187 0.623584 0.431177 0.652096 42.6639 0.364497 -0.898287 0.245403 97.4304 
0.891007 0 -0.45399 -0.69105 0 1 0 -12.1131 0.45399 0 0.891007 -0.254758 
0.891007 0 -0.45399 -1.15142 0 1 0 -13.4745 0.45399 0 0.891007 1.147 
0.878814 0 -0.477164 -1.12561 0 1 0 -11.0218 0.477164 0 0.878814 1.58275 
0.968519 0.222955 -0.110734 -31.44 -0.150822 0.879425 0.451514 8.44907 0.19805 -0.420599 0.885366 62.1649 
0.968519 0.19773 -0.151242 -27.3539 -0.150822 0.94942 0.275417 -3.18422 0.19805 -0.243935 0.949353 33.3235 
0.976338 0.173418 0.129188 -22.3305 -0.212971 0.874704 0.435357 11.0551 -0.0375022 -0.452569 0.89094 70.0493 
0.950868 -0.257987 -0.171151 45.1001 0.300619 0.63722 0.709633 34.4077 -0.0740156 -0.726218 0.683468 116.585 
0.813898 -0.519429 -0.260313 81.9568 0.537721 0.843122 -0.00112346 2.30381 0.220059 -0.139061 0.965524 34.133 
0.661988 -0.497685 -0.560429 82.6644 0.648196 0.755564 0.0946864 8.57274 0.376316 -0.425949 0.822772 58.4157 
0.961708 0.235749 -0.139788 -33.5656 -0.231668 0.971753 0.0450202 -7.11 0.146453 -0.0109118 0.989157 -4.78448 
0.961708 -0.00930668 -0.273919 -1.89733 -0.231668 0.506438 -0.830573 53.0222 0.146453 0.862226 0.484889 -117.619 
0.961708 -0.128443 -0.242117 9.98999 -0.231668 0.0910839 -0.968521 93.6861 0.146453 0.987525 0.05784 -131.355 
0.703889 -0.394763 -0.59051 40.2172 0.447933 0.891893 -0.0623048 -5.93713 0.551268 -0.220654 0.804622 20.5781 
0.336822 0.151383 -0.929319 13.3887 0.363922 0.889358 0.276773 -4.00695 0.868396 -0.431423 0.244464 27.2355 
0.378656 0.0748853 -0.922503 13.6086 -0.0285384 0.997192 0.0692343 1.51513 0.925097 0.00011076 0.37973 20.8769 
0.378656 0.0748853 -0.922503 13.6086 -0.0285384 0.997192 0.0692343 1.51513 0.925097 0.00011076 0.37973 20.8769 
0.931637 -0.0917752 -0.35161 9.23191 -0.183957 0.715336 -0.674132 12.3517 0.313388 0.692728 0.649551 -71.7714 
0.931422 0.135236 -0.337882 -3.65401 -0.206333 0.960997 -0.184151 -0.867233 0.299799 0.241238 0.922997 -45.6841 
0.931422 0.189691 -0.310597 -4.46506 -0.206333 0.97825 -0.0213077 -2.55073 0.299799 0.0839327 0.950303 -44.3229 
0.931422 0.189691 -0.310597 -4.46506 -0.206333 0.97825 -0.0213077 -2.55073 0.299799 0.0839327 0.950303 -44.3229 
0.661988 0.17099 -0.729749 18.9292 0.648196 0.358232 0.671946 49.5708 0.376316 -0.917841 0.126311 99.9159 
0.891007 0 -0.453991 -0.69105 0 1 0 -11.9437 0.453991 0 0.891007 -0.254758 
0.891007 0 -0.453991 -1.15143 0 1 0 -13.3051 0.453991 0 0.891007 1.147 
0.878814 0 -0.477164 -1.12561 0 1 0 -10.8524 0.477164 0 0.878814 1.58275 
0.971616 0.217159 -0.0938284 -30.5175 -0.153655 0.880905 0.447656 8.42069 0.179866 -0.420533 0.889269 62.173 
0.971616 0.195266 -0.13354 -26.9758 -0.153655 0.950137 0.271347 -3.08791 0.179866 -0.243126 0.953172 33.2098 
0.975062 0.164987 0.148439 -20.8849 -0.214735 0.870327 0.443191 12.1188 -0.0560697 -0.464014 0.884052 72.0704 
0.951619 -0.275358 -0.136381 47.7825 0.292926 0.678849 0.673319 28.3267 -0.0928217 -0.680693 0.726665 109.195 
0.827287 -0.509925 -0.235738 80.8849 0.51903 0.854342 -0.0265701 0.392212 0.21495 -0.100374 0.971453 27.2957 
0.670044 -0.486699 -0.560504 81.5013 0.636568 0.76515 0.0965754 6.73245 0.381867 -0.421509 0.822501 54.7121 
0.962589 0.24638 -0.11278 -35.3552 -0.239867 0.968401 0.0682868 -6.64293 0.126041 -0.0386798 0.99127 -0.425423 
0.962589 0.0261785 -0.269699 -6.89869 -0.239867 0.545303 -0.803186 48.0336 0.126041 0.83783 0.531182 -113.696 
0.962589 -0.0946991 -0.253879 5.11082 -0.239867 0.138021 -0.960944 87.8368 0.126041 0.985892 0.110142 -129.665 
0.703889 -0.400311 -0.586764 40.7868 0.447933 0.891267 -0.0707078 -5.73563 0.551268 -0.21306 0.806665 19.8247 
0.33861 0.143969 -0.929847 14.0318 0.359912 0.893255 0.269368 -4.00728 0.869371 -0.425874 0.250649 26.5936 
0.383094 0.0688115 -0.921142 14.1886 -0.0326705 0.997607 0.0609361 1.56025 0.923131 0.00674985 0.384426 20.2729 
0.383094 0.0688115 -0.921142 14.1886 -0.0326705 0.997607 0.0609361 1.56025 0.923131 0.00674985 0.384426 20.2729 
0.931637 -0.0900559 -0.352055 9.058 -0.183958 0.718622 -0.670628 12.2046 0.313388 0.689545 0.652928 -71.4402 
0.931376 0.140448 -0.335878 -4.02204 -0.206394 0.963703 -0.169347 -0.95842 0.299902 0.227048 0.926557 -44.7251 
0.931376 0.189638 -0.310769 -4.75894 -0.206394 0.97823 -0.0216274 -2.47403 0.299902 0.084284 0.950239 -43.4796 
0.931376 0.189638 -0.310769 -4.75894 -0.206394 0.97823 -0.0216274 -2.47403 0.299902 0.084284 0.950239 -43.4796 
0.670044 0.220127 -0.708932 14.3301 0.636568 0.320897 0.701289 52.305 0.381867 -0.921178 0.0748893 96.6053 
0.891007 0 -0.453991 -0.69105 0 1 0 -11.7743 0.453991 0 0.891007 -0.254758 
0.891007 0 -0.453991 -1.15143 0 1 0 -13.1357 0.453991 0 0.891007 1.147 
0.878814 0 -0.477164 -1.12561 0 1 0 -10.683 0.477164 0 0.878814 1.58275 
