21 59 0.583333 1
0.891007 0 -0.45399 -0.69105 0 1 0 -14.8238 0.45399 0 0.891007 -0.254758 
0.891007 0 -0.45399 -1.15142 0 1 0 -16.1852 0.45399 0 0.891007 1.147 
0.878814 0 -0.477164 -1.12561 0 1 0 -13.7325 0.477164 0 0.878814 1.58275 
0.874768 0.314754 -0.368388 -46.0098 -0.0958455 0.857663 0.505201 8.59448 0.474967 -0.406626 0.780424 59.7222 
0.874768 0.238679 -0.421678 -33.6164 -0.0958455 0.938302 0.332269 -4.77721 0.474967 -0.250243 0.843673 34.1984 
0.950797 0.238679 -0.197527 -33.1671 -0.173382 0.938302 0.299212 -4.83118 0.256756 -0.250243 0.933518 34.4245 
0.860208 -0.308133 -0.40632 52.9599 0.467971 0.793559 0.388931 6.23793 0.202597 -0.524708 0.826823 83.2116 
0.860208 -0.500275 0.0988287 77.6504 0.467971 0.697442 -0.54275 18.589 0.202597 0.513127 0.83406 -50.1515 
0.790677 -0.500275 0.352924 80.195 0.60952 0.697442 -0.376908 15.5491 -0.0575865 0.513127 0.856379 -43.5387 
0.874768 -0.0840494 -0.477196 17.6397 -0.0958455 0.935366 -0.340446 -0.4496 0.474967 0.343549 0.810173 -59.3289 
0.874768 -0.483367 0.0337085 69.2431 -0.0958455 -0.240809 -0.965828 151.546 0.474967 0.841645 -0.256981 -123.697 
0.874768 -0.419671 0.242191 63.594 -0.0958455 -0.639829 -0.762517 191.663 0.474967 0.643813 -0.599926 -105.198 
0.703889 -0.301574 -0.643113 30.6869 0.447934 0.891132 0.0723875 -8.07909 0.551268 -0.339025 0.762342 32.2849 
0.311722 0.269784 -0.911069 2.90538 0.428192 0.816077 0.388161 -2.92863 0.848222 -0.511111 0.13887 36.8851 
0.309639 0.17525 -0.934565 4.11753 0.0426429 0.97932 0.197771 1.78347 0.949897 -0.10109 0.295763 30.0076 
0.309639 0.17525 -0.934565 4.11753 0.0426429 0.97932 0.197771 1.78347 0.949897 -0.10109 0.295763 30.0076 
0.931637 -0.11896 -0.343367 11.986 -0.183958 0.660493 -0.727948 14.9398 0.313388 0.741348 0.593457 -76.8485 
0.932165 0.04876 -0.358736 2.4207 -0.205281 0.887387 -0.412801 2.43584 0.298209 0.45844 0.8372 -60.4309 
0.932165 0.190456 -0.307889 0.49669 -0.205281 0.97857 -0.0161787 -2.16881 0.298209 0.0782847 0.951285 -57.5864 
0.932165 0.190456 -0.307889 0.49669 -0.205281 0.97857 -0.0161787 -2.16881 0.298209 0.0782847 0.951285 -57.5864 
0.790677 -0.500275 0.352924 80.195 0.60952 0.697442 -0.376908 15.5491 -0.0575865 0.513127 0.856379 -43.5387 
0.891007 0 -0.453991 -0.69105 -0.0153324 0.99943 -0.0300915 -12.5175 0.453732 0.0337725 0.890498 -7.58985 
0.891007 0 -0.453991 -1.15142 -0.0153324 0.99943 -0.0300915 -13.9254 0.453732 0.0337725 0.890498 -6.23488 
0.878814 2.79397e-09 -0.477164 -1.12561 -0.00928848 0.999811 -0.017107 -11.5113 0.477074 0.019466 0.878648 -3.90314 
0.87363 0.315479 -0.370464 -46.1215 -0.0942005 0.856596 0.507316 11.0096 0.477385 -0.408308 0.778066 57.2702 
0.87363 0.238995 -0.423853 -33.6612 -0.0942005 0.937658 0.334549 -2.43112 0.477385 -0.252345 0.84168 31.8154 
0.955461 0.233579 -0.180373 -32.261 -0.172261 0.937683 0.30179 -2.48848 0.239624 -0.257278 0.936156 32.8853 
0.859559 -0.307095 -0.408473 52.7909 0.468828 0.791952 0.391167 8.75246 0.203365 -0.527735 0.824705 81.0092 
0.859042 -0.502594 0.0971929 77.9251 0.475481 0.713065 -0.515224 18.7311 0.189643 0.488812 0.851527 -49.2918 
0.790056 -0.502594 0.351013 80.4552 0.608405 0.713065 -0.348398 15.9112 -0.0751931 0.488812 0.869142 -42.5767 
0.871009 -0.0257673 -0.490591 8.45446 -0.121729 0.956161 -0.266341 -2.48698 0.475947 0.291705 0.829688 -54.0153 
0.865905 -0.499499 -0.0266306 69.5526 -0.113798 -0.144872 -0.982885 139.988 0.487092 0.854115 -0.182287 -126.429 
0.865905 -0.460621 0.195031 66.4004 -0.113798 -0.561078 -0.819903 181.679 0.487092 0.687764 -0.538258 -111.085 
0.703889 -0.301574 -0.643113 30.6869 0.437704 0.897225 0.0583337 -6.43237 0.559425 -0.322553 0.763546 26.6065 
0.311722 0.269784 -0.911068 2.90537 0.413392 0.824833 0.38569 -1.34935 0.855533 -0.496857 0.145592 31.3543 
0.311862 0.166808 -0.93537 4.18491 0.0412825 0.981159 0.188738 3.33318 0.94923 -0.0974748 0.2991 24.7129 
0.311862 0.166808 -0.93537 4.18491 0.0412825 0.981159 0.188738 3.33318 0.94923 -0.0974748 0.2991 24.7129 
0.92509 -0.104055 -0.365213 10.3558 -0.220718 0.635268 -0.74008 19.5964 0.309017 0.76525 0.564713 -83.3333 
0.924151 0.111889 -0.365276 -1.9381 -0.253552 0.89484 -0.367386 5.21525 0.285757 0.432136 0.855337 -64.0596 
0.925324 0.241793 -0.292083 -3.93275 -0.248354 0.968553 0.0150013 0.98852 0.286525 0.0586588 0.956275 -61.1521 
0.925324 0.241793 -0.292083 -3.93275 -0.248354 0.968553 0.0150013 0.988519 0.286525 0.0586588 0.956275 -61.1521 
0.791791 -0.50349 0.345781 80.4609 0.606635 0.714185 -0.349189 15.8458 -0.0711383 0.486248 0.87092 -42.4274 
0.891006 0 -0.453991 -0.69105 -0.0306473 0.997719 -0.0601487 -10.2106 0.452955 0.0675065 0.888974 -14.9246 
0.891006 0 -0.453991 -1.15143 -0.0306473 0.997719 -0.0601487 -11.6636 0.452955 0.0675065 0.888974 -13.618 
0.878814 9.31323e-09 -0.477164 -1.12561 -0.0185735 0.999242 -0.0342075 -9.38734 0.476802 0.0389247 0.878148 -9.39343 
0.872478 0.316253 -0.372514 -46.2399 -0.0925907 0.85551 0.509441 13.276 0.479801 -0.409985 0.775695 54.813 
0.872478 0.239363 -0.426013 -33.7135 -0.0925907 0.936997 0.336842 -0.234192 0.479801 -0.254442 0.839672 29.4275 
0.959788 0.228452 -0.163147 -31.3491 -0.171288 0.937015 0.304407 -0.289597 0.222413 -0.264221 0.938466 31.3258 
0.85893 -0.306009 -0.410606 52.6144 0.469646 0.790352 0.393416 11.1142 0.204134 -0.530757 0.822573 78.8015 
0.857958 -0.504784 0.0954033 78.1804 0.482463 0.727948 -0.487156 18.828 0.17646 0.463988 0.868088 -48.3655 
0.78956 -0.504784 0.348981 80.6949 0.606624 0.727948 -0.319529 16.2309 -0.0927463 0.463988 0.880973 -41.5554 
0.865599 0.0334035 -0.499623 -0.930182 -0.147483 0.97052 -0.190629 -3.66609 0.478526 0.238694 0.845007 -48.4635 
0.856445 -0.508722 -0.0877735 68.9098 -0.129594 -0.0472864 -0.990439 128.291 0.499708 0.859631 -0.106426 -128.201 
0.856445 -0.495714 0.144119 68.3493 -0.129594 -0.476681 -0.869472 171.155 0.499708 0.725977 -0.472492 -116.124 
0.703889 -0.301574 -0.643113 30.6869 0.427325 0.903014 0.04426 -4.86739 0.567392 -0.305973 0.764491 20.9131 
0.311722 0.269784 -0.911068 2.90537 0.398467 0.83334 0.383103 0.144543 0.862585 -0.482453 0.15227 25.8075 
0.313955 0.15833 -0.936143 4.25392 0.0399573 0.98292 0.179642 4.79334 0.948597 -0.0938053 0.302266 19.401 
0.313955 0.15833 -0.936143 4.25392 0.0399573 0.98292 0.179642 4.79334 0.948597 -0.0938053 0.302266 19.401 
0.917828 -0.0891563 -0.386836 8.72094 -0.25718 0.608769 -0.750506 24.2755 0.302406 0.788322 0.535816 -89.7504 
0.914218 0.175835 -0.365086 -6.3494 -0.301276 0.897456 -0.32219 8.21886 0.270997 0.404543 0.873445 -67.595 
0.917168 0.29189 -0.271298 -8.36958 -0.290998 0.95569 0.044459 4.362 0.272254 0.0381709 0.961468 -64.6346 
0.917168 0.29189 -0.271298 -8.36958 -0.290998 0.95569 0.044459 4.362 0.272254 0.0381709 0.961468 -64.6346 
0.792987 -0.506549 0.338497 80.7049 0.60335 0.73002 -0.320998 16.11 -0.0845076 0.458779 0.884522 -41.2526 
0.891007 0 -0.45399 -0.69105 -0.0459273 0.99487 -0.0901373 -7.90321 0.451661 0.101163 0.886436 -22.2591 
0.891007 0 -0.45399 -1.15142 -0.0459273 0.99487 -0.0901373 -9.39943 0.451661 0.101163 0.886436 -21.0023 
0.878814 9.31323e-09 -0.477164 -1.12561 -0.0278514 0.998295 -0.0512951 -7.36021 0.476351 0.0583685 0.877316 -14.8921 
0.871313 0.317073 -0.374538 -46.3651 -0.0910162 0.854403 0.511577 15.3938 0.482214 -0.411654 0.773312 52.3454 
0.871313 0.239782 -0.428157 -33.7731 -0.0910162 0.936319 0.33915 1.81386 0.482214 -0.256536 0.837651 27.0297 
0.963776 0.223301 -0.145853 -30.4315 -0.170466 0.9363 0.307057 1.76547 0.205128 -0.271071 0.940448 29.7408 
0.85832 -0.304874 -0.41272 52.4302 0.470426 0.788758 0.395678 13.3234 0.204904 -0.533773 0.820427 76.5837 
0.856959 -0.506838 0.0934696 78.4153 0.488909 0.742075 -0.458577 18.8821 0.163063 0.438679 0.883726 -47.3815 
0.789189 -0.506838 0.346836 80.9133 0.604177 0.742075 -0.290334 16.5106 -0.110226 0.438679 0.891858 -40.4836 
0.858551 0.0930952 -0.504205 -10.4564 -0.172921 0.978338 -0.113809 -3.96327 0.482688 0.184898 0.856052 -42.7387 
0.846588 -0.510954 -0.149046 67.3188 -0.143264 0.0509394 -0.988373 116.591 0.512605 0.858098 -0.0300767 -129.022 
0.846588 -0.52458 0.0900255 69.416 -0.143264 -0.38749 -0.910674 160.214 0.512605 0.758068 -0.403198 -120.294 
0.703889 -0.301574 -0.643113 30.6869 0.416802 0.908496 0.0301713 -3.38374 0.575167 -0.289288 0.765177 15.2015 
0.311722 0.269784 -0.911069 2.90538 0.383423 0.841596 0.3804 1.55349 0.869377 -0.467903 0.158903 20.2415 
0.315917 0.149818 -0.936884 4.32457 0.0386652 0.984601 0.170487 6.16444 0.947999 -0.0900844 0.305259 14.0683 
0.315917 0.149818 -0.936884 4.32457 0.0386652 0.984601 0.170487 6.16444 0.947999 -0.0900844 0.305259 14.0683 
0.909857 -0.0742757 -0.40822 7.08253 -0.29321 0.581024 -0.759236 28.9753 0.293578 0.81049 0.50687 -96.0955 
0.902351 0.239856 -0.358096 -10.7704 -0.348217 0.895315 -0.277769 11.4419 0.253984 0.37534 0.89141 -71.0188 
0.907658 0.340294 -0.245677 -12.7724 -0.333034 0.940173 0.0718582 7.943 0.255432 0.016596 0.966685 -68.0162 
0.907658 0.340294 -0.245677 -12.7724 -0.333034 0.940173 0.0718582 7.943 0.255432 0.016596 0.966685 -68.0162 
0.794262 -0.509444 0.331082 80.9258 0.599671 0.744927 -0.292367 16.3441 -0.0976874 0.430756 0.897166 -40.0237 
0.891007 0 -0.453991 -0.69105 -0.0611548 0.990886 -0.120023 -5.59525 0.449853 0.134705 0.882886 -29.5932 
0.891007 0 -0.453991 -1.15143 -0.0611548 0.990886 -0.120023 -7.13306 0.449853 0.134705 0.882886 -28.3876 
0.878814 1.49012e-08 -0.477164 -1.12561 -0.0371187 0.99697 -0.0683632 -5.42963 0.475718 0.0777903 0.876151 -20.4031 
0.870135 0.317941 -0.376535 -46.4969 -0.0894767 0.853277 0.513723 17.3636 0.484622 -0.413317 0.770915 49.8625 
0.870135 0.240253 -0.430283 -33.8401 -0.0894767 0.935623 0.341472 3.71335 0.484622 -0.258626 0.835616 24.617 
0.967424 0.218126 -0.128497 -29.5086 -0.169796 0.935539 0.309735 3.67679 0.187775 -0.277827 0.9421 28.125 
0.85773 -0.303692 -0.414813 52.2386 0.471166 0.78717 0.397953 15.3804 0.205673 -0.536782 0.818268 74.3504 
0.856049 -0.508749 0.0914024 78.6288 0.494812 0.755431 -0.429516 18.8958 0.149468 0.412914 0.898422 -46.3485 
0.788943 -0.508749 0.344591 81.1096 0.601069 0.755431 -0.260843 16.7522 -0.127611 0.412914 0.901786 -39.3702 
0.849889 0.152933 -0.504282 -20.0649 -0.197857 0.979555 -0.0363877 -3.36176 0.488407 0.130701 0.862772 -36.9068 
0.836527 -0.506182 -0.209766 64.793 -0.154874 0.148791 -0.976665 105.023 0.525582 0.849495 0.0460735 -128.909 
0.836527 -0.546909 0.0333592 69.5844 -0.154874 -0.29441 -0.943047 148.979 0.525582 0.783718 -0.330983 -123.582 
0.703889 -0.301574 -0.643113 30.6869 0.406138 0.913671 0.0160724 -1.9809 0.582746 -0.272505 0.765603 9.46843 
0.311722 0.269784 -0.911069 2.90538 0.368262 0.849597 0.377582 2.878 0.875907 -0.453213 0.165487 14.6528 
0.317747 0.141274 -0.937592 4.39681 0.0374043 0.9862 0.161275 7.44702 0.947437 -0.0863146 0.308078 8.71164 
0.317747 0.141274 -0.937592 4.39681 0.0374043 0.9862 0.161275 7.44702 0.947437 -0.0863146 0.308078 8.71164 
0.901182 -0.0594244 -0.429349 5.44187 -0.328678 0.552064 -0.766287 33.6938 0.282564 0.831681 0.477979 -102.365 
0.88855 0.303201 -0.344307 -15.1582 -0.394144 0.888585 -0.234664 14.8748 0.234796 0.344217 0.909057 -74.3136 
0.896754 0.386567 -0.215403 -17.1002 -0.37428 0.92224 0.0968905 11.7184 0.236108 -0.00626609 0.971707 -71.2807 
0.896754 0.386567 -0.215403 -17.1002 -0.37428 0.92224 0.0968905 11.7184 0.236108 -0.00626609 0.971707 -71.2807 
0.795615 -0.512166 0.323547 81.1229 0.595608 0.758888 -0.263324 16.5503 -0.11067 0.402212 0.908833 -38.7501 
0.891007 0 -0.45399 -0.69105 -0.0763126 0.985771 -0.149772 -3.28674 0.447531 0.168093 0.878329 -36.9269 
0.891007 0 -0.45399 -1.15142 -0.0763126 0.985771 -0.149772 -4.86439 0.447531 0.168093 0.878329 -35.774 
0.878814 1.30385e-08 -0.477164 -1.12561 -0.046372 0.995267 -0.0854054 -3.59505 0.474905 0.0971826 0.874654 -25.9303 
0.868946 0.318855 -0.378504 -46.6354 -0.0879725 0.852131 0.515881 19.1858 0.487026 -0.414974 0.768506 47.3594 
0.868946 0.240774 -0.43239 -33.9144 -0.0879725 0.93491 0.343808 5.46492 0.487026 -0.260712 0.833568 22.1845 
0.970733 0.212929 -0.111083 -28.5806 -0.16928 0.934734 0.312435 5.4447 0.17036 -0.284487 0.943422 26.4732 
0.85716 -0.302462 -0.416885 52.0396 0.471867 0.785588 0.400242 17.2858 0.206442 -0.539785 0.816097 72.0969 
0.855231 -0.51051 0.0892123 78.8199 0.500167 0.768004 -0.400004 18.8716 0.135691 0.386717 0.912161 -45.2753 
0.788822 -0.51051 0.342256 81.2828 0.597301 0.768004 -0.231087 16.9582 -0.144882 0.386717 0.910747 -38.2242 
0.839645 0.212538 -0.499823 -29.6955 -0.222108 0.974155 0.0411212 -1.85152 0.495645 0.0764875 0.865151 -31.0342 
0.826443 -0.494468 -0.269246 61.3552 -0.16452 0.245255 -0.955397 93.7175 0.538447 0.833877 0.12134 -127.89 
0.826443 -0.562455 -0.0252365 68.8465 -0.16452 -0.198384 -0.966218 137.578 0.538447 0.802676 -0.256488 -125.986 
0.703888 -0.301574 -0.643113 30.6869 0.395335 0.918535 0.00196795 -0.658188 0.590128 -0.25563 0.765769 3.71066 
0.311722 0.269784 -0.911068 2.90538 0.35299 0.857342 0.37465 4.1188 0.882172 -0.438385 0.172022 9.0383 
0.319446 0.1327 -0.938267 4.47064 0.0361728 0.987717 0.15201 8.64186 0.946914 -0.0824986 0.310722 3.32751 
0.319446 0.1327 -0.938267 4.47064 0.0361728 0.987717 0.15201 8.64186 0.946914 -0.0824986 0.310722 3.32751 
0.891809 -0.0446132 -0.450207 3.80019 -0.363454 0.521926 -0.771683 38.4287 0.269402 0.851823 0.449244 -108.553 
0.872832 0.365127 -0.323801 -19.4697 -0.438829 0.877512 -0.193394 18.5033 0.213527 0.310894 0.926149 -77.4633 
0.88442 0.430289 -0.180699 -21.3127 -0.414555 0.902173 0.119283 15.6707 0.214348 -0.0305868 0.976279 -74.4134 
0.88442 0.430289 -0.180699 -21.3127 -0.414555 0.902173 0.119283 15.6707 0.214348 -0.0305868 0.976279 -74.4134 
0.797045 -0.514707 0.315904 81.2951 0.591167 0.771887 -0.233904 16.7311 -0.12345 0.373184 0.919507 -37.4412 
0.891007 0 -0.45399 -0.69105 -0.0913833 0.979532 -0.17935 -0.977699 0.444698 0.201289 0.872769 -44.2603 
0.891007 0 -0.45399 -1.15142 -0.0913833 0.979532 -0.17935 -2.59339 0.444698 0.201289 0.872769 -43.1613 
0.878814 1.86265e-08 -0.477164 -1.12561 -0.0556078 0.993186 -0.102415 -1.85582 0.473913 0.116538 0.872826 -31.4777 
0.867745 0.319815 -0.380444 -46.7803 -0.0865033 0.850965 0.518049 20.8612 0.489424 -0.416625 0.766086 44.831 
0.867745 0.241347 -0.434478 -33.9961 -0.0865033 0.934179 0.346159 7.06931 0.489424 -0.262794 0.831506 19.727 
0.9737 0.207712 -0.0936165 -27.6478 -0.168919 0.933887 0.315151 7.06958 0.152888 -0.291049 0.944413 24.7801 
0.85661 -0.301186 -0.418933 51.8333 0.472528 0.784012 0.402544 19.0404 0.207208 -0.542781 0.813912 69.8178 
0.854508 -0.512115 0.0869108 78.9879 0.504968 0.779778 -0.370072 18.8122 0.121748 0.360117 0.924929 -44.171 
0.788824 -0.512115 0.339844 81.4322 0.592879 0.779778 -0.201097 17.1309 -0.162018 0.360117 0.918731 -37.0545 
0.827864 0.271529 -0.490829 -39.2868 -0.245497 0.962164 0.118204 0.570602 0.504354 0.0226407 0.8632 -25.1875 
0.8165 -0.475946 -0.326806 57.0375 -0.172331 0.339334 -0.924745 82.804 0.551025 0.811374 0.195047 -126.001 
0.8165 -0.57104 -0.0850907 67.2037 -0.172331 -0.10039 -0.97991 126.139 0.551025 0.814761 -0.180376 -127.513 
0.703889 -0.301574 -0.643113 30.6869 0.384398 0.923088 -0.0121371 0.585129 0.59731 -0.238668 0.765675 -2.075 
0.311722 0.269784 -0.911069 2.90539 0.337612 0.864828 0.371605 5.27664 0.888171 -0.423425 0.178504 3.39459 
0.321013 0.124099 -0.938909 4.54603 0.0349686 0.989149 0.142695 9.74976 0.946429 -0.0786393 0.31319 -2.08739 
0.321013 0.124099 -0.938909 4.54603 0.0349686 0.989149 0.142695 9.74976 0.946429 -0.0786393 0.31319 -2.08739 
0.881747 -0.0298536 -0.470777 2.15874 -0.397413 0.490651 -0.775451 43.177 0.254137 0.870845 0.420765 -114.658 
0.855225 0.424899 -0.296735 -23.6628 -0.482059 0.86242 -0.154438 22.3087 0.19029 0.275123 0.942389 -80.4541 
0.870625 0.471059 -0.141826 -25.3709 -0.453677 0.88029 0.138803 19.7784 0.190233 -0.0565016 0.980112 -77.4018 
0.870625 0.471059 -0.141826 -25.3709 -0.453677 0.88029 0.138803 19.7784 0.190233 -0.0565016 0.980112 -77.4018 
0.79855 -0.517062 0.308164 81.4418 0.586358 0.783908 -0.204136 16.889 -0.136021 0.343707 0.929174 -36.1065 
0.891007 0 -0.45399 -0.69105 -0.10635 0.972175 -0.208723 1.33186 0.441358 0.234255 0.866214 -51.5932 
0.891007 0 -0.45399 -1.15142 -0.10635 0.972175 -0.208723 -0.320038 0.441358 0.234255 0.866214 -50.5494 
0.878814 2.6077e-08 -0.477164 -1.12561 -0.0648224 0.99073 -0.119386 -0.211113 0.47274 0.135849 0.870667 -37.0492 
0.866533 0.32082 -0.382354 -46.9317 -0.0850691 0.849779 0.520229 22.3907 0.491817 -0.418269 0.763654 42.2724 
0.866533 0.241969 -0.436544 -34.085 -0.0850691 0.933431 0.348525 8.52737 0.491817 -0.264872 0.829433 17.2398 
0.976326 0.202476 -0.0761017 -26.7105 -0.168713 0.933 0.317878 8.552 0.135365 -0.297513 0.945073 23.0406 
0.856081 -0.299864 -0.420958 51.6198 0.473151 0.782443 0.404859 20.6451 0.207973 -0.54577 0.811716 67.5084 
0.853882 -0.513559 0.0845094 79.1321 0.50921 0.790743 -0.339752 18.72 0.107657 0.333141 0.936711 -43.0444 
0.78895 -0.513559 0.337365 81.5573 0.587807 0.790743 -0.170905 17.2725 -0.179 0.333141 0.92573 -35.8702 
0.814598 0.329525 -0.477329 -48.7776 -0.267851 0.943655 0.194346 3.90063 0.514476 -0.0304611 0.856964 -19.4328 
0.80685 -0.45082 -0.381776 51.8808 -0.178461 0.430054 -0.884989 72.4058 0.563156 0.782186 0.266535 -123.289 
0.80685 -0.572554 -0.145512 64.6657 -0.178461 -0.0014241 -0.983946 114.787 0.563156 0.819865 -0.103328 -128.176 
0.703889 -0.301574 -0.643113 30.6869 0.373331 0.927327 -0.026238 1.74995 0.604288 -0.221626 0.765322 -7.89169 
0.311722 0.269784 -0.911069 2.90539 0.322131 0.872053 0.368448 6.35242 0.893902 -0.408337 0.184933 -2.28153 
0.322447 0.115472 -0.939518 4.62296 0.0337899 0.990495 0.133334 10.7717 0.945984 -0.0747395 0.31548 -7.53637 
0.322447 0.115472 -0.939518 4.62296 0.0337899 0.990495 0.133334 10.7717 0.945984 -0.0747395 0.31548 -7.53637 
0.871002 -0.0151568 -0.491046 0.518765 -0.43043 0.458282 -0.777629 47.9357 0.236824 0.888678 0.39264 -120.675 
0.835774 0.481803 -0.26334 -27.6963 -0.523627 0.843704 -0.118231 26.268 0.165217 0.236707 0.957431 -83.2746 
0.855341 0.508503 -0.0990827 -29.2375 -0.491469 0.856943 0.155263 24.0166 0.16386 -0.0841065 0.982892 -80.2365 
0.855341 0.508503 -0.0990827 -29.2375 -0.491469 0.856943 0.155263 24.0166 0.16386 -0.0841065 0.982892 -80.2365 
0.800127 -0.519224 0.300339 81.5623 0.581189 0.794937 -0.174054 17.0264 -0.148377 0.313819 0.937817 -34.7555 
0.891007 0 -0.453991 -0.69105 -0.121195 0.963709 -0.237858 3.64191 0.437515 0.266955 0.858671 -58.9258 
0.891007 0 -0.453991 -1.15142 -0.121195 0.963709 -0.237858 1.9557 0.437515 0.266955 0.858671 -57.9383 
0.878814 2.6077e-08 -0.477164 -1.12561 -0.0740125 0.987897 -0.136312 1.34001 0.471389 0.155109 0.868178 -42.6486 
0.865311 0.321871 -0.384233 -47.0895 -0.0836698 0.848573 0.52242 23.7754 0.494202 -0.419907 0.761211 39.6787 
0.865311 0.242642 -0.43859 -34.1811 -0.0836698 0.932665 0.350906 9.84026 0.494202 -0.266946 0.827348 14.7178 
0.978609 0.197222 -0.0585435 -25.7689 -0.168664 0.932074 0.320609 9.89282 0.117798 -0.303877 0.945401 21.2495 
0.855573 -0.298497 -0.422959 51.3992 0.473735 0.780879 0.407189 22.1009 0.208735 -0.54875 0.809508 65.1635 
0.853356 -0.514837 0.08202 79.2518 0.512888 0.800886 -0.309075 18.5978 0.0934343 0.305818 0.947494 -41.9044 
0.789196 -0.514837 0.334833 81.6574 0.58209 0.800886 -0.140542 17.3856 -0.195807 0.305818 0.931738 -34.6802 
0.799913 0.386148 -0.459379 -58.1064 -0.289005 0.918745 0.269042 8.12787 0.525942 -0.0824474 0.846515 -13.8352 
0.797623 -0.419368 -0.433506 45.9349 -0.183089 0.516473 -0.836501 62.6403 0.574696 0.746583 0.33517 -119.807 
0.797623 -0.566962 -0.205794 61.2517 -0.183089 0.0975052 -0.978249 103.65 0.574696 0.817953 -0.0260319 -128 
0.703889 -0.301574 -0.643113 30.6869 0.362138 0.931252 -0.0403301 2.83727 0.611062 -0.204508 0.764709 -13.7426 
0.311722 0.269784 -0.911069 2.90539 0.306554 0.879016 0.36518 7.34716 0.899363 -0.393126 0.191305 -7.99329 
0.323748 0.106821 -0.940094 4.70142 0.0326344 0.991754 0.12393 11.7087 0.94558 -0.0708016 0.317592 -13.0227 
0.323748 0.106821 -0.940094 4.70142 0.0326344 0.991754 0.12393 11.7087 0.94558 -0.0708016 0.317592 -13.0227 
0.859583 -0.00053376 -0.510996 -1.11851 -0.462387 0.424869 -0.778257 52.7013 0.217522 0.905255 0.364963 -126.599 
0.814538 0.535153 -0.223919 -31.5305 -0.563346 0.821822 -0.0851478 30.3547 0.138455 0.1955 0.970881 -85.9167 
0.838544 0.542269 -0.0527974 -32.8771 -0.527756 0.83251 0.168527 28.3571 0.135342 -0.113454 0.984282 -82.9113 
0.838544 0.542269 -0.0527974 -32.8771 -0.527756 0.83251 0.168527 28.3571 0.135342 -0.113454 0.984282 -82.9113 
0.801774 -0.521187 0.292441 81.6561 0.575667 0.80496 -0.143691 17.1459 -0.160513 0.283556 0.945426 -33.3979 
0.891007 0 -0.45399 -0.69105 -0.134726 0.954952 -0.264415 5.13121 0.433539 0.29676 0.850868 -64.9104 
0.891007 0 -0.45399 -1.15142 -0.134726 0.954952 -0.264415 3.41515 0.433539 0.29676 0.850868 -63.9758 
0.878814 2.6077e-08 -0.477164 -1.12561 -0.0818999 0.98516 -0.150839 2.02621 0.470083 0.171639 0.865773 -46.9238 
0.86408 0.322967 -0.38608 -47.2535 -0.0809583 0.846201 0.526679 24.4755 0.496801 -0.423836 0.757332 38.3405 
0.86408 0.243365 -0.440612 -34.2844 -0.0809583 0.931148 0.355539 10.4006 0.496801 -0.271543 0.824289 13.4897 
0.978927 0.196367 -0.0560476 -25.5975 -0.167645 0.929506 0.328503 10.6374 0.116604 -0.312185 0.942838 20.648 
0.855086 -0.297086 -0.424933 51.1716 0.474846 0.777822 0.411721 22.9379 0.208206 -0.553835 0.806175 64.0779 
0.85293 -0.515943 0.0794546 79.3465 0.516211 0.810949 -0.275476 17.6961 0.0776965 0.275977 0.958019 -39.4468 
0.789561 -0.515943 0.332258 81.7321 0.575157 0.810949 -0.107499 16.7401 -0.213981 0.275977 0.937042 -32.1777 
0.791377 0.400475 -0.46189 -60.5099 -0.30451 0.91338 0.270204 8.92694 0.530091 -0.0731831 0.844777 -17.2256 
0.790264 -0.417396 -0.448623 45.1562 -0.195841 0.521687 -0.830355 62.138 0.580628 0.744058 0.330527 -121.631 
0.790264 -0.571817 -0.220245 61.1505 -0.195841 0.104885 -0.97501 102.924 0.580628 0.813649 -0.0290984 -129.643 
0.703889 -0.301574 -0.643113 30.6869 0.352495 0.934349 -0.0523366 3.15346 0.616675 -0.189855 0.763981 -18.2778 
0.311722 0.269784 -0.911069 2.90539 0.293336 0.884684 0.362336 7.5832 0.903761 -0.380198 0.196639 -12.4029 
0.324916 0.0981501 -0.940636 4.78138 0.0340637 0.99274 0.115353 11.8701 0.945129 -0.0695218 0.319214 -17.2203 
0.324916 0.0981501 -0.940636 4.78138 0.0340637 0.99274 0.115353 11.8701 0.945129 -0.0695218 0.319214 -17.2203 
0.847498 0.0140045 -0.530614 -2.75184 -0.492633 0.39296 -0.776463 56.4692 0.197636 0.919449 0.339932 -131.221 
0.791589 0.584296 -0.178845 -35.1279 -0.600741 0.797696 -0.0528335 33.6574 0.111794 0.149262 0.982458 -87.1058 
0.820218 0.572041 -0.00333202 -36.2568 -0.562081 0.806993 0.181181 31.8956 0.106332 -0.146735 0.983444 -84.1488 
0.820218 0.572041 -0.00333202 -36.2568 -0.562081 0.806993 0.181181 31.8956 0.106332 -0.146735 0.983444 -84.1488 
0.803489 -0.522947 0.284483 81.7225 0.569332 0.814648 -0.110497 16.5214 -0.173969 0.250748 0.952292 -30.7265 
0.891007 0 -0.45399 -0.69105 -0.147546 0.945715 -0.289575 6.21029 0.429346 0.324998 0.842638 -70.221 
0.891007 0 -0.45399 -1.15142 -0.147546 0.945715 -0.289575 4.46722 0.429346 0.324998 0.842638 -69.3378 
0.878814 2.98023e-08 -0.477164 -1.12561 -0.0891288 0.9824 -0.164152 2.24622 0.468766 0.186789 0.863347 -50.5506 
0.86284 0.324106 -0.387895 -47.4238 -0.0775908 0.843212 0.531953 24.794 0.499486 -0.428893 0.752705 37.6117 
0.86284 0.244137 -0.44261 -34.3948 -0.0775908 0.929221 0.361287 10.546 0.499486 -0.27739 0.820712 12.8914 
0.978342 0.19778 -0.0610698 -25.822 -0.166048 0.926037 0.338943 11.0522 0.123589 -0.321462 0.938823 20.6255 
0.85462 -0.295631 -0.42688 50.9373 0.476199 0.77399 0.41734 23.4259 0.207023 -0.559948 0.802247 63.6026 
0.852606 -0.516876 0.0768259 79.4156 0.518965 0.820346 -0.240225 16.451 0.0611428 0.244687 0.967672 -36.3208 
0.790043 -0.516876 0.329654 81.781 0.567183 0.820346 -0.0730508 15.7622 -0.232672 0.244687 0.941271 -29.015 
0.786526 0.393588 -0.475883 -59.4196 -0.31755 0.918669 0.234967 7.81883 0.529659 -0.0336909 0.847541 -25.0829 
0.783829 -0.432167 -0.445918 47.2276 -0.213106 0.487277 -0.846845 66.0593 0.583265 0.75881 0.289845 -126.218 
0.783829 -0.583907 -0.211339 62.9761 -0.213106 0.0667291 -0.974747 107.269 0.583265 0.809073 -0.0721298 -132.325 
0.703888 -0.301574 -0.643113 30.6869 0.343608 0.936978 -0.0632954 3.05656 0.62167 -0.176426 0.763151 -22.1683 
0.311722 0.269783 -0.911069 2.9054 0.281286 0.889664 0.359688 7.41152 0.907583 -0.368394 0.201442 -16.1749 
0.32595 0.0894595 -0.941145 4.86283 0.0367912 0.993558 0.107184 11.6149 0.94467 -0.0695624 0.320559 -20.7874 
0.32595 0.0894595 -0.941145 4.86283 0.0367912 0.993558 0.107184 11.6149 0.94467 -0.0695624 0.320559 -20.7874 
0.834757 0.0284468 -0.549884 -4.37998 -0.521472 0.361455 -0.772928 59.7455 0.176771 0.931956 0.316561 -135.155 
0.767013 0.628621 -0.128555 -38.453 -0.635999 0.771353 -0.0227941 36.6182 0.0848324 0.0992443 0.99144 -87.4897 
0.800353 0.59753 0.048925 -39.3461 -0.594637 0.78077 0.191845 35.0692 0.0764338 -0.182636 0.980205 -84.6023 
0.800353 0.59753 0.048925 -39.3461 -0.594637 0.78077 0.191845 35.0692 0.0764338 -0.182636 0.980205 -84.6023 
0.805269 -0.524501 0.276477 81.7614 0.56234 0.823428 -0.0757602 15.5782 -0.187923 0.216481 0.95803 -27.3949 
0.891006 0 -0.453991 -0.69105 -0.160235 0.935643 -0.314479 7.2897 0.424773 0.352948 0.833664 -75.5312 
0.891006 0 -0.453991 -1.15143 -0.160235 0.935643 -0.314479 5.52118 0.424773 0.352948 0.833664 -74.7002 
0.878814 5.96046e-08 -0.477164 -1.12562 -0.0963366 0.979407 -0.177427 2.38951 0.467338 0.201894 0.860717 -54.2085 
0.861592 0.325289 -0.389675 -47.6002 -0.0742375 0.840175 0.53721 25.009 0.502144 -0.433927 0.748037 36.8428 
0.861592 0.244959 -0.444584 -34.5122 -0.0742375 0.927243 0.367027 10.5882 0.502144 -0.283222 0.81709 12.2541 
0.977716 0.199267 -0.0660588 -26.058 -0.164403 0.92246 0.34934 11.3736 0.130549 -0.330695 0.934665 20.5589 
0.854176 -0.294132 -0.4288 50.6961 0.477512 0.770127 0.422949 23.8083 0.205828 -0.56603 0.798276 63.0856 
0.852385 -0.517631 0.0741459 79.4587 0.521018 0.828648 -0.204652 15.2525 0.0444937 0.213074 0.976022 -33.1891 
0.790638 -0.517631 0.327031 81.8038 0.558444 0.828648 -0.0385071 14.8319 -0.251061 0.213074 0.944229 -25.8564 
0.781872 0.38597 -0.489595 -58.2101 -0.330472 0.922493 0.199485 6.83496 0.528643 0.00582555 0.848824 -32.9842 
0.777605 -0.446874 -0.442305 49.3155 -0.230336 0.452098 -0.861715 70.013 0.585043 0.771953 0.248622 -130.644 
0.777605 -0.595541 -0.201645 64.7791 -0.230336 0.0285918 -0.972691 111.568 0.585043 0.802815 -0.114942 -134.837 
0.703888 -0.301574 -0.643113 30.6869 0.334651 0.939413 -0.0742411 2.89681 0.626538 -0.162961 0.762164 -26.0911 
0.311722 0.269784 -0.911069 2.90539 0.269187 0.894487 0.356976 7.17456 0.911245 -0.356525 0.206209 -19.9801 
0.326851 0.0807524 -0.94162 4.94573 0.039533 0.994303 0.098993 11.2924 0.944249 -0.0695811 0.321796 -24.389 
0.326851 0.0807524 -0.94162 4.94573 0.039533 0.994303 0.098993 11.2924 0.944249 -0.0695811 0.321796 -24.389 
0.821368 0.0427824 -0.568791 -6.00171 -0.549113 0.32917 -0.768193 63.0295 0.154364 0.943301 0.293862 -139.006 
0.740908 0.667567 -0.0735476 -41.4734 -0.669186 0.743087 0.00346312 39.6517 0.056964 0.0466512 0.997286 -87.7104 
0.778943 0.618484 0.10356 -42.1179 -0.625473 0.754393 0.199187 38.2886 0.0450695 -0.21993 0.974474 -84.9179 
0.778943 0.618484 0.10356 -42.1179 -0.625473 0.754393 0.199187 38.2886 0.0450695 -0.21993 0.974474 -84.9179 
0.807112 -0.525845 0.268436 81.7722 0.554918 0.830903 -0.0408106 14.6948 -0.201584 0.181899 0.962433 -24.0683 
0.891007 0 -0.45399 -0.69105 -0.172783 0.924745 -0.339105 8.36948 0.419826 0.380587 0.823954 -80.8411 
0.891007 0 -0.45399 -1.15142 -0.172783 0.924745 -0.339105 6.57705 0.419826 0.380587 0.823954 -80.063 
0.878814 2.98023e-08 -0.477164 -1.12561 -0.103521 0.976182 -0.19066 2.45712 0.465799 0.216951 0.857883 -57.9003 
0.860336 0.326515 -0.391421 -47.7826 -0.0708984 0.837091 0.542449 25.1215 0.504773 -0.438937 0.743329 36.0303 
0.860336 0.245829 -0.446532 -34.6367 -0.0708984 0.925216 0.372758 10.5283 0.504773 -0.289039 0.813425 11.5746 
0.977049 0.200829 -0.0710124 -26.3052 -0.162708 0.918775 0.359692 11.6027 0.137481 -0.339882 0.930365 20.4448 
0.853754 -0.292592 -0.430691 50.4484 0.478785 0.766233 0.428546 24.0863 0.204621 -0.572081 0.794263 62.5235 
0.852268 -0.518206 0.0714278 79.4755 0.522368 0.835845 -0.168806 14.1035 0.0277736 0.181179 0.983058 -30.0609 
0.791343 -0.518206 0.324404 81.8002 0.548952 0.835845 -0.00391378 13.9516 -0.269123 0.181179 0.945911 -22.7112 
0.777426 0.377634 -0.502992 -56.884 -0.343256 0.924846 0.163815 5.97768 0.527053 0.0453016 0.848624 -40.9223 
0.77161 -0.46147 -0.437793 51.4139 -0.247498 0.416212 -0.874935 73.9927 0.585972 0.783461 0.206941 -134.908 
0.77161 -0.606683 -0.191191 66.5543 -0.247498 -0.00945747 -0.968842 115.815 0.585972 0.794887 -0.15745 -137.18 
0.703888 -0.301574 -0.643113 30.6869 0.325625 0.941655 -0.0851717 2.67516 0.631276 -0.149462 0.76102 -30.0486 
0.311722 0.269783 -0.911069 2.90541 0.257039 0.899151 0.354201 6.87326 0.914746 -0.344593 0.21094 -23.8209 
0.327618 0.0720304 -0.942061 5.03011 0.0422876 0.994973 0.0907824 10.9036 0.943864 -0.0695794 0.322925 -28.0275 
0.327618 0.0720304 -0.942061 5.03011 0.0422876 0.994973 0.0907824 10.9036 0.943864 -0.0695794 0.322925 -28.0275 
0.807343 0.0570005 -0.587322 -7.61582 -0.575474 0.296154 -0.762314 66.3173 0.130486 0.953438 0.2719 -142.771 
0.713384 0.700626 -0.0143754 -44.1595 -0.7002 0.713479 0.0258249 42.724 0.0283502 -0.00835738 0.999563 -87.7765 
0.755993 0.634689 0.160138 -44.5481 -0.654462 0.72826 0.203265 41.5205 0.0123878 -0.258471 0.965939 -85.1054 
0.755993 0.634689 0.160138 -44.5481 -0.654462 0.72826 0.203265 41.5205 0.0123878 -0.258471 0.965939 -85.1054 
0.809012 -0.526976 0.260374 81.7549 0.54708 0.837061 -0.00569757 13.8733 -0.214946 0.147055 0.965491 -20.7567 
0.891007 0 -0.453991 -0.69105 -0.185178 0.913031 -0.363432 9.4496 0.414508 0.40789 0.813517 -86.1506 
0.891007 0 -0.453991 -1.15143 -0.185178 0.913031 -0.363432 7.63484 0.414508 0.40789 0.813517 -85.426 
0.878814 5.21541e-08 -0.477164 -1.12562 -0.110682 0.972726 -0.203847 2.45017 0.46415 0.231957 0.854845 -61.6285 
0.859073 0.327782 -0.393132 -47.971 -0.0675737 0.83396 0.547671 25.1327 0.507373 -0.443924 0.738582 35.1712 
0.859073 0.246747 -0.448452 -34.768 -0.0675737 0.923139 0.378482 10.3676 0.507373 -0.29484 0.809717 10.8497 
0.976342 0.202463 -0.0759287 -26.5635 -0.160965 0.914982 0.369997 11.7407 0.144384 -0.349022 0.925925 20.2797 
0.853353 -0.291009 -0.432552 50.1942 0.480016 0.762308 0.434132 24.2611 0.203402 -0.5781 0.790207 61.9131 
0.852254 -0.518599 0.0686843 79.4659 0.523012 0.841927 -0.132733 13.0063 0.0110083 0.149045 0.988769 -26.9454 
0.792155 -0.518599 0.321783 81.7702 0.538719 0.841927 0.0306827 13.1233 -0.28683 0.149045 0.946316 -19.5886 
0.773197 0.368601 -0.516043 -55.444 -0.355879 0.925723 0.128008 5.24901 0.524897 0.0846733 0.846944 -48.89 
0.76586 -0.475914 -0.432393 53.5167 -0.264554 0.379685 -0.886482 77.9921 0.586062 0.793313 0.16488 -139.007 
0.76586 -0.617297 -0.180005 68.2963 -0.264554 -0.04735 -0.963208 120.004 0.586062 0.785304 -0.199572 -139.357 
0.703889 -0.301574 -0.643113 30.6869 0.316532 0.943703 -0.0960847 2.39265 0.635884 -0.135933 0.759719 -34.0426 
0.311722 0.269783 -0.911069 2.9054 0.244847 0.903656 0.351363 6.50872 0.918085 -0.3326 0.215634 -27.6994 
0.32825 0.0632962 -0.942468 5.11589 0.045053 0.995568 0.0825539 10.4495 0.943516 -0.0695593 0.323943 -31.7049 
0.32825 0.0632962 -0.942468 5.11589 0.045053 0.995568 0.0825539 10.4495 0.943516 -0.0695593 0.323943 -31.7049 
0.792692 0.0710901 -0.605463 -9.22107 -0.600475 0.262457 -0.755345 69.6053 0.10521 0.962322 0.250735 -146.447 
0.684559 0.727352 0.0483581 -46.4852 -0.728957 0.683127 0.0442592 45.8005 -0.000842735 -0.065549 0.997849 -87.7009 
0.731514 0.645966 0.218206 -46.6163 -0.681489 0.702766 0.204188 44.7314 -0.0214495 -0.298072 0.954302 -85.1784 
0.731514 0.645966 0.218206 -46.6163 -0.681489 0.702766 0.204188 44.7314 -0.0214495 -0.298072 0.954302 -85.1784 
0.810969 -0.527894 0.252302 81.7094 0.538836 0.841893 0.029529 13.116 -0.228 0.112002 0.967198 -17.4699 
0.891007 0 -0.45399 -0.69105 -0.19741 0.900511 -0.387439 10.53 0.408824 0.434833 0.802361 -91.4597 
0.891007 0 -0.45399 -1.15142 -0.19741 0.900511 -0.387439 8.69454 0.408824 0.434833 0.802361 -90.7893 
0.878814 3.72529e-08 -0.477164 -1.12561 -0.117816 0.969039 -0.216987 2.36991 0.46239 0.246908 0.851605 -65.3959 
0.857804 0.329092 -0.394805 -48.1652 -0.0642633 0.830782 0.552876 25.0439 0.509944 -0.448887 0.733796 34.2621 
0.857804 0.247713 -0.450345 -34.9063 -0.0642633 0.921012 0.384197 10.1073 0.509944 -0.300625 0.805966 10.0762 
0.975595 0.20417 -0.0808052 -26.8328 -0.159174 0.911081 0.380256 11.7887 0.151257 -0.358113 0.921345 20.0604 
0.852975 -0.289386 -0.434383 49.9336 0.481207 0.758352 0.439707 24.3339 0.20217 -0.584087 0.78611 61.2512 
0.852344 -0.518809 0.065928 79.4297 0.522949 0.846886 -0.0964826 11.9633 -0.00577741 0.116713 0.993149 -23.8516 
0.79307 -0.518809 0.319182 81.7138 0.527758 0.846886 0.0652367 12.3491 -0.304156 0.116713 0.945445 -16.4977 
0.769195 0.358889 -0.528713 -53.8933 -0.368321 0.925123 0.0921222 4.65071 0.522186 0.123876 0.843787 -56.8801 
0.760374 -0.490158 -0.426116 55.6178 -0.281471 0.342581 -0.896333 82.0043 0.585325 0.801488 0.122525 -142.941 
0.760374 -0.627349 -0.168119 70.0001 -0.281471 -0.0850163 -0.955796 124.126 0.585325 0.774084 -0.241225 -141.369 
0.703888 -0.301574 -0.643113 30.6869 0.307373 0.945557 -0.106978 2.05034 0.640361 -0.122375 0.758262 -38.0754 
0.311722 0.269783 -0.911069 2.90541 0.23261 0.908001 0.348463 6.08195 0.921261 -0.320548 0.22029 -31.6178 
0.328748 0.0545516 -0.942841 5.20308 0.047828 0.996088 0.0743091 9.93139 0.943206 -0.0695232 0.324853 -35.4236 
0.328748 0.0545516 -0.942841 5.20308 0.047828 0.996088 0.0743091 9.93139 0.943206 -0.0695232 0.324853 -35.4236 
0.777426 0.0850409 -0.623199 -10.8162 -0.624042 0.228133 -0.747347 72.8893 0.0786172 0.969909 0.230426 -150.032 
0.654563 0.747361 0.114008 -48.4283 -0.755394 0.652626 0.0588162 48.8461 -0.0304476 -0.12462 0.991737 -87.5006 
0.705526 0.652179 0.277299 -48.3055 -0.706446 0.678293 0.202121 47.8881 -0.0562703 -0.338498 0.939283 -85.1541 
0.705526 0.652179 0.277299 -48.3055 -0.706446 0.678293 0.202121 47.8881 -0.0562703 -0.338498 0.939283 -85.1541 
0.812979 -0.528597 0.244234 81.6356 0.530199 0.845392 0.0648199 12.4245 -0.240737 0.0767956 0.967547 -14.2177 
0.891007 0 -0.453991 -0.69105 -0.209467 0.887197 -0.411103 11.6108 0.402779 0.461392 0.790498 -96.7683 
0.891007 0 -0.453991 -1.15143 -0.209467 0.887197 -0.411103 9.75619 0.402779 0.461392 0.790498 -96.1529 
0.878814 6.70552e-08 -0.477164 -1.12562 -0.124922 0.965122 -0.230074 2.21761 0.460522 0.261801 0.848163 -69.2048 
0.856529 0.330442 -0.396442 -48.3652 -0.0609673 0.827556 0.558062 24.8567 0.512486 -0.453826 0.728972 33.3001 
0.856529 0.248726 -0.45221 -35.0513 -0.0609673 0.918835 0.389904 9.74896 0.512486 -0.306393 0.802173 9.25102 
0.974808 0.205949 -0.0856406 -27.1129 -0.157335 0.907073 0.390465 11.7482 0.158098 -0.367154 0.916625 19.7835 
0.85262 -0.287724 -0.436182 49.6668 0.482357 0.754365 0.44527 24.3061 0.200926 -0.590041 0.781972 60.5346 
0.852537 -0.518835 0.0631723 79.3669 0.522179 0.850715 -0.0601029 10.9768 -0.022558 0.0842274 0.996191 -20.7889 
0.794083 -0.518835 0.316611 81.6309 0.516085 0.850715 0.0997012 11.6308 -0.321074 0.0842274 0.943301 -13.4478 
0.765431 0.348519 -0.540971 -52.2351 -0.380559 0.923047 0.0562103 4.1843 0.518932 0.162847 0.83916 -64.8854 
0.755167 -0.504162 -0.418979 57.7111 -0.298212 0.304969 -0.904469 86.0227 0.583774 0.807969 0.0799552 -146.707 
0.755167 -0.636806 -0.155566 71.6606 -0.298212 -0.122389 -0.94662 128.175 0.583774 0.761248 -0.282327 -143.219 
0.703889 -0.301574 -0.643113 30.6869 0.298152 0.947216 -0.117849 1.64936 0.644707 -0.108793 0.756649 -42.1491 
0.311722 0.269783 -0.911069 2.9054 0.220333 0.912185 0.345501 5.59417 0.924274 -0.308439 0.224906 -35.5781 
0.329112 0.0457992 -0.94318 5.29164 0.0506106 0.996532 0.0660499 9.3503 0.942934 -0.0694727 0.325652 -39.1855 
0.329112 0.0457992 -0.94318 5.29163 0.0506106 0.996532 0.0660499 9.3503 0.942934 -0.0694727 0.325652 -39.1855 
0.761556 0.098842 -0.640517 -12.4001 -0.646106 0.193238 -0.738381 76.1649 0.0507891 0.976161 0.211024 -153.522 
0.623533 0.760343 0.181891 -49.9703 -0.779468 0.622561 0.0696264 51.8267 -0.0602983 -0.185193 0.980851 -87.1966 
0.678058 0.653231 0.336936 -49.6029 -0.729241 0.655201 0.197278 50.9585 -0.0918929 -0.379474 0.920628 -85.0537 
0.678058 0.653231 0.336936 -49.6029 -0.729241 0.655201 0.197278 50.9585 -0.0918929 -0.379474 0.920628 -85.0537 
0.815037 -0.529085 0.236184 81.5336 0.521179 0.847554 0.100124 11.8008 -0.253153 0.0414895 0.966536 -11.0101 
0.891007 0 -0.453991 -0.69105 -0.22134 0.873099 -0.434404 12.6918 0.396379 0.487543 0.777937 -102.077 
0.891007 0 -0.453991 -1.15143 -0.22134 0.873099 -0.434404 10.8197 0.396379 0.487543 0.777937 -101.516 
0.878814 8.19564e-08 -0.477164 -1.12562 -0.131998 0.960976 -0.243107 1.99464 0.458543 0.276631 0.84452 -73.058 
0.855249 0.331833 -0.398041 -48.5708 -0.0576858 0.824284 0.563231 24.5723 0.514997 -0.458741 0.72411 32.2821 
0.855249 0.249786 -0.454044 -35.2031 -0.0576858 0.916609 0.395602 9.29398 0.514997 -0.312146 0.798338 8.3711 
0.973982 0.207798 -0.0904325 -27.4037 -0.155448 0.902959 0.400626 11.6207 0.164906 -0.376145 0.911768 19.446 
0.852287 -0.286022 -0.437948 49.3939 0.483466 0.750347 0.450821 24.1793 0.199669 -0.595962 0.777793 59.7604 
0.852832 -0.518677 0.0604297 79.2774 0.520703 0.85341 -0.0236421 10.049 -0.0393087 0.0516286 0.997892 -17.7662 
0.795189 -0.518677 0.314084 81.5217 0.503713 0.85341 0.134031 10.9702 -0.337562 0.0516286 0.939887 -10.4477 
0.761911 0.337515 -0.552788 -50.4732 -0.392574 0.919496 0.0203284 3.85089 0.515148 0.201522 0.833074 -72.8988 
0.750254 -0.51788 -0.410999 59.7905 -0.314744 0.266916 -0.910874 90.0402 0.581425 0.812746 0.0372549 -150.305 
0.750254 -0.645637 -0.14238 73.2728 -0.314744 -0.159399 -0.935696 132.143 0.581425 0.746823 -0.3228 -144.911 
0.703889 -0.301574 -0.643113 30.6869 0.288868 0.948679 -0.128696 1.19096 0.648919 -0.0951876 0.75488 -46.2656 
0.311722 0.269783 -0.911069 2.9054 0.208017 0.916208 0.342478 5.04658 0.927124 -0.296276 0.229483 -39.5825 
0.32934 0.037041 -0.943485 5.38155 0.0533992 0.9969 0.0577783 8.70754 0.9427 -0.0694102 0.326342 -42.9927 
0.32934 0.037041 -0.943485 5.38155 0.0533992 0.9969 0.0577783 8.70754 0.9427 -0.0694102 0.326342 -42.9927 
0.745095 0.112483 -0.657405 -13.9716 -0.666602 0.15783 -0.728513 79.4278 0.0218126 0.981039 0.19258 -156.916 
0.591613 0.766057 0.251297 -51.0969 -0.801157 0.593493 0.0769018 54.7091 -0.0902321 -0.246825 0.96485 -86.8139 
0.649148 0.649066 0.396636 -50.4995 -0.749794 0.633829 0.189923 53.912 -0.128127 -0.420683 0.898114 -84.9015 
0.649148 0.649066 0.396636 -50.4995 -0.749794 0.633829 0.189923 53.912 -0.128127 -0.420683 0.898114 -84.9015 
0.817141 -0.52936 0.228164 81.4036 0.511789 0.848375 0.135392 11.2465 -0.265239 0.00613734 0.964163 -7.85661 
0.891007 0 -0.45399 -0.69105 -0.233017 0.85823 -0.457322 13.7731 0.389628 0.513265 0.764689 -107.384 
0.891007 0 -0.45399 -1.15142 -0.233017 0.85823 -0.457322 11.8853 0.389628 0.513265 0.764689 -106.88 
0.878814 5.96046e-08 -0.477164 -1.12562 -0.139044 0.956602 -0.256083 1.70248 0.456456 0.291396 0.840676 -76.958 
0.853964 0.333263 -0.399601 -48.782 -0.0544188 0.820964 0.56838 24.1925 0.517478 -0.463631 0.71921 31.2048 
0.853964 0.250892 -0.455848 -35.3615 -0.0544188 0.914333 0.40129 8.74391 0.517478 -0.317881 0.794461 7.43319 
0.973119 0.209716 -0.0951791 -27.705 -0.153513 0.898738 0.410735 11.4075 0.171679 -0.385083 0.906773 19.0442 
0.851976 -0.284282 -0.439681 49.1151 0.484534 0.746298 0.45636 23.955 0.198399 -0.601849 0.773573 58.925 
0.853227 -0.518335 0.0577135 79.1615 0.518523 0.854967 0.0128506 9.18172 -0.0560039 0.0189612 0.99825 -14.7928 
