21 409 4.08333 1
0.891007 0 -0.45399 -0.69105 0 1 0 -14.8238 0.45399 0 0.891007 -0.254758 
0.891007 0 -0.45399 -1.15142 0 1 0 -16.1852 0.45399 0 0.891007 1.147 
0.878814 0 -0.477164 -1.12561 0 1 0 -13.7325 0.477164 0 0.878814 1.58275 
0.874768 0.314754 -0.368388 -46.0098 -0.0958455 0.857663 0.505201 8.59448 0.474967 -0.406626 0.780424 59.7222 
0.874768 0.238679 -0.421678 -33.6164 -0.0958455 0.938302 0.332269 -4.77721 0.474967 -0.250243 0.843673 34.1984 
0.950797 0.238679 -0.197527 -33.1671 -0.173382 0.938302 0.299212 -4.83118 0.256756 -0.250243 0.933518 34.4245 
0.860208 -0.308133 -0.40632 52.9599 0.467971 0.793559 0.388931 6.23793 0.202597 -0.524708 0.826823 83.2116 
0.860208 -0.500275 0.0988287 77.6504 0.467971 0.697442 -0.54275 18.589 0.202597 0.513127 0.83406 -50.1515 
0.790677 -0.500275 0.352924 80.195 0.60952 0.697442 -0.376908 15.5491 -0.0575865 0.513127 0.856379 -43.5387 
0.874768 -0.0840494 -0.477196 17.6397 -0.0958455 0.935366 -0.340446 -0.4496 0.474967 0.343549 0.810173 -59.3289 
0.874768 -0.483367 0.0337085 69.2431 -0.0958455 -0.240809 -0.965828 151.546 0.474967 0.841645 -0.256981 -123.697 
0.874768 -0.419671 0.242191 63.594 -0.0958455 -0.639829 -0.762517 191.663 0.474967 0.643813 -0.599926 -105.198 
0.703889 -0.301574 -0.643113 30.6869 0.447934 0.891132 0.0723875 -8.07909 0.551268 -0.339025 0.762342 32.2849 
0.311722 0.269784 -0.911069 2.90538 0.428192 0.816077 0.388161 -2.92863 0.848222 -0.511111 0.13887 36.8851 
0.309639 0.17525 -0.934565 4.11753 0.0426429 0.97932 0.197771 1.78347 0.949897 -0.10109 0.295763 30.0076 
0.309639 0.17525 -0.934565 4.11753 0.0426429 0.97932 0.197771 1.78347 0.949897 -0.10109 0.295763 30.0076 
0.931637 -0.11896 -0.343367 11.986 -0.183958 0.660493 -0.727948 14.9398 0.313388 0.741348 0.593457 -76.8485 
0.932165 0.04876 -0.358736 2.4207 -0.205281 0.887387 -0.412801 2.43584 0.298209 0.45844 0.8372 -60.4309 
0.932165 0.190456 -0.307889 0.49669 -0.205281 0.97857 -0.0161787 -2.16881 0.298209 0.0782847 0.951285 -57.5864 
0.932165 0.190456 -0.307889 0.49669 -0.205281 0.97857 -0.0161787 -2.16881 0.298209 0.0782847 0.951285 -57.5864 
0.790677 -0.500275 0.352924 80.195 0.60952 0.697442 -0.376908 15.5491 -0.0575865 0.513127 0.856379 -43.5387 
0.890905 0 -0.45419 -0.690993 0 1 0 -14.8238 0.45419 0 0.890905 -0.254954 
0.890905 0 -0.45419 -1.15168 0 1 0 -16.1852 0.45419 0 0.890905 1.1467 
0.878707 8.59844e-07 -0.477361 -1.12607 0.00183218 0.999993 0.0033744 -13.7246 0.477358 -0.00383971 0.878701 2.06896 
0.874662 0.314846 -0.368563 -46.0233 -0.0940211 0.856095 0.508194 8.77104 0.475528 -0.409845 0.778396 60.1018 
0.874662 0.238736 -0.421867 -33.6242 -0.0940211 0.937334 0.335506 -4.69852 0.475528 -0.25379 0.842297 34.6323 
0.950509 0.239247 -0.198227 -33.2681 -0.171817 0.936328 0.306217 -4.57373 0.258867 -0.257003 0.931095 35.3961 
0.860163 -0.308014 -0.406506 52.9411 0.468815 0.791354 0.392391 6.53073 0.200828 -0.528096 0.825095 83.6701 
0.860174 -0.500357 0.0987079 77.6571 0.469014 0.700069 -0.53845 18.2562 0.200315 0.509457 0.836856 -49.6446 
0.790681 -0.500357 0.352799 80.2008 0.609222 0.700069 -0.372494 15.2504 -0.0606038 0.509457 0.85836 -43.0159 
0.87521 -0.0766117 -0.477638 16.4801 -0.0971896 0.939398 -0.328764 -1.27614 0.473879 0.334159 0.814725 -58.0421 
0.874914 -0.483592 0.0257783 69.0667 -0.0966051 -0.226443 -0.969222 149.398 0.474545 0.845495 -0.244836 -124.106 
0.874914 -0.423349 0.235162 63.7622 -0.0966051 -0.628405 -0.771865 189.788 0.474545 0.652597 -0.590698 -106.103 
0.703765 -0.301498 -0.643284 30.6796 0.447934 0.891132 0.0723875 -8.07909 0.551426 -0.339092 0.762198 32.2917 
0.311532 0.269898 -0.9111 2.8971 0.428192 0.816077 0.388161 -2.92863 0.848292 -0.51105 0.138666 36.8857 
0.309426 0.175273 -0.934631 4.11079 0.0426429 0.97932 0.197771 1.78347 0.949967 -0.101051 0.295553 30.0084 
0.309426 0.175273 -0.934631 4.11079 0.0426429 0.97932 0.197771 1.78347 0.949967 -0.101051 0.295553 30.0084 
0.931567 -0.119126 -0.343501 12.0033 -0.183958 0.660493 -0.727948 14.9398 0.313597 0.741322 0.593379 -76.8458 
0.932098 0.0486571 -0.358924 2.43426 -0.205281 0.887387 -0.412801 2.43584 0.298418 0.458451 0.83712 -60.4304 
0.932098 0.190438 -0.308102 0.509611 -0.205281 0.97857 -0.0161787 -2.16881 0.298418 0.0783275 0.951216 -57.5863 
0.932098 0.190438 -0.308102 0.509612 -0.205281 0.97857 -0.0161787 -2.16881 0.298418 0.0783275 0.951216 -57.5863 
0.790715 -0.500319 0.352776 80.1962 0.609193 0.699964 -0.372738 15.2593 -0.0604427 0.509639 0.858263 -43.0377 
0.890803 0 -0.45439 -0.690935 0 1 0 -14.8238 0.45439 0 0.890803 -0.255151 
0.890803 0 -0.45439 -1.15194 0 1 0 -16.1852 0.45439 0 0.890803 1.1464 
0.8786 3.44217e-06 -0.477558 -1.12675 0.00366432 0.99997 0.00674874 -13.7149 0.477544 -0.00767937 0.878574 2.55513 
0.874555 0.314939 -0.368737 -46.0369 -0.0921953 0.854515 0.511179 8.94908 0.476082 -0.413059 0.776356 60.4809 
0.874555 0.238795 -0.422055 -33.6321 -0.0921953 0.936353 0.338738 -4.61819 0.476082 -0.257334 0.840907 35.0662 
0.950219 0.239818 -0.198925 -33.3696 -0.170233 0.934304 0.313203 -4.30864 0.260968 -0.263748 0.928619 36.3655 
0.860119 -0.307894 -0.40669 52.9221 0.469651 0.789135 0.395844 6.82541 0.199055 -0.531476 0.823353 84.1275 
0.860141 -0.500437 0.0985861 77.6636 0.470044 0.702678 -0.534136 17.9259 0.198027 0.505772 0.83963 -49.1357 
0.790686 -0.500437 0.352673 80.2063 0.608907 0.702678 -0.36807 14.9542 -0.0636198 0.505772 0.860318 -42.4913 
0.875626 -0.0691655 -0.478013 15.3183 -0.098559 0.943281 -0.317028 -2.08064 0.472828 0.32471 0.819144 -56.7438 
0.875045 -0.483713 0.0178479 68.876 -0.0973706 -0.212024 -0.972401 147.247 0.474147 0.849157 -0.23263 -124.486 
0.875045 -0.426934 0.228087 63.9169 -0.0973706 -0.616839 -0.781043 187.9 0.474147 0.661239 -0.581333 -106.985 
0.703641 -0.301422 -0.643455 30.6724 0.447934 0.891132 0.0723875 -8.07909 0.551584 -0.33916 0.762054 32.2986 
0.311342 0.270013 -0.911131 2.88882 0.428192 0.816077 0.388161 -2.92863 0.848362 -0.51099 0.138461 36.8863 
0.309213 0.175295 -0.934697 4.10406 0.0426429 0.97932 0.197771 1.78347 0.950036 -0.101012 0.295344 30.0093 
0.309213 0.175295 -0.934697 4.10406 0.0426429 0.97932 0.197771 1.78347 0.950036 -0.101012 0.295344 30.0093 
0.931496 -0.119292 -0.343634 12.0205 -0.183958 0.660493 -0.727948 14.9398 0.313806 0.741295 0.593302 -76.8432 
0.932031 0.0485543 -0.359111 2.44782 -0.205281 0.887387 -0.412801 2.43584 0.298628 0.458461 0.837039 -60.4299 
0.932031 0.19042 -0.308316 0.522532 -0.205281 0.97857 -0.0161787 -2.16881 0.298628 0.0783702 0.951147 -57.5863 
0.932031 0.19042 -0.308316 0.522533 -0.205281 0.97857 -0.0161787 -2.16881 0.298628 0.0783702 0.951147 -57.5863 
0.790755 -0.500361 0.352627 80.1971 0.608851 0.702469 -0.36856 14.972 -0.0632972 0.506138 0.860126 -42.5349 
0.890701 0 -0.45459 -0.690878 0 1 0 -14.8238 0.45459 0 0.890701 -0.255347 
0.890701 0 -0.45459 -1.1522 0 1 0 -16.1852 0.45459 0 0.890701 1.1461 
0.878493 7.74814e-06 -0.477755 -1.12766 0.00549642 0.999934 0.010123 -13.7033 0.477724 -0.0115189 0.878435 3.04126 
0.874448 0.315034 -0.36891 -46.0508 -0.090368 0.852922 0.514157 9.12857 0.476628 -0.416266 0.774305 60.8596 
0.874448 0.238855 -0.422243 -33.6403 -0.090368 0.935357 0.341965 -4.53619 0.476628 -0.260874 0.839506 35.4999 
0.949928 0.240392 -0.199622 -33.4715 -0.168631 0.932231 0.32017 -4.03587 0.26306 -0.270476 0.92609 37.3324 
0.860075 -0.307773 -0.406874 52.9029 0.470479 0.786903 0.399291 7.12196 0.197279 -0.534846 0.821596 84.5839 
0.86011 -0.500516 0.0984628 77.6699 0.471061 0.705269 -0.529808 17.5981 0.195735 0.502075 0.842383 -48.625 
0.790693 -0.500516 0.352546 80.2116 0.608576 0.705269 -0.363636 14.6607 -0.066634 0.502075 0.862253 -41.9649 
0.876015 -0.061712 -0.47832 14.1545 -0.0999532 0.947015 -0.30524 -2.86298 0.471813 0.315205 0.823431 -55.4345 
0.875161 -0.48373 0.00991875 68.6712 -0.0981417 -0.197557 -0.975366 145.092 0.473774 0.852629 -0.220368 -124.839 
0.875161 -0.430426 0.220968 64.0583 -0.0981417 -0.605135 -0.79005 186 0.473774 0.669735 -0.571834 -107.844 
0.703517 -0.301346 -0.643626 30.6652 0.447934 0.891132 0.0723875 -8.07909 0.551742 -0.339227 0.761909 32.3054 
0.311151 0.270128 -0.911162 2.88055 0.428192 0.816077 0.388161 -2.92862 0.848432 -0.510929 0.138257 36.8869 
0.309 0.175318 -0.934763 4.09733 0.042643 0.97932 0.197771 1.78348 0.950105 -0.100972 0.295134 30.0102 
0.309 0.175318 -0.934763 4.09733 0.042643 0.97932 0.197771 1.78348 0.950105 -0.100972 0.295134 30.0102 
0.931426 -0.119459 -0.343767 12.0378 -0.183958 0.660493 -0.727948 14.9398 0.314015 0.741268 0.593225 -76.8405 
0.931964 0.0484514 -0.359299 2.46138 -0.205281 0.887387 -0.412801 2.43584 0.298837 0.458472 0.836959 -60.4294 
0.931964 0.190403 -0.308529 0.535456 -0.205281 0.97857 -0.0161788 -2.16881 0.298837 0.078413 0.951077 -57.5862 
0.931964 0.190403 -0.308529 0.535456 -0.205281 0.97857 -0.0161788 -2.16881 0.298837 0.078413 0.951077 -57.5862 
0.790796 -0.500401 0.352478 80.1978 0.608495 0.704958 -0.364373 14.687 -0.0661496 0.502625 0.86197 -42.0305 
0.890599 0 -0.45479 -0.690821 0 1 0 -14.8238 0.45479 0 0.890599 -0.255544 
0.890599 0 -0.45479 -1.15245 0 1 0 -16.1852 0.45479 0 0.890599 1.1458 
0.878386 1.37775e-05 -0.477953 -1.12877 0.00732843 0.999882 0.0134971 -13.6898 0.477896 -0.0153583 0.878282 3.52734 
0.87434 0.315131 -0.369082 -46.0648 -0.0885395 0.851317 0.517127 9.30951 0.477168 -0.419467 0.772242 61.2378 
0.87434 0.238917 -0.42243 -33.6487 -0.0885395 0.934348 0.345187 -4.45256 0.477168 -0.264409 0.838092 35.9335 
0.949635 0.240968 -0.200318 -33.5738 -0.16701 0.930108 0.327118 -3.75555 0.265143 -0.277187 0.923508 38.297 
0.860033 -0.30765 -0.407057 52.8835 0.471299 0.784656 0.40273 7.42033 0.1955 -0.538206 0.819825 85.0393 
0.860079 -0.500593 0.0983385 77.6759 0.472066 0.707841 -0.525466 17.2729 0.193437 0.498364 0.845112 -48.1123 
0.790701 -0.500593 0.352418 80.2167 0.608228 0.707841 -0.359193 14.3698 -0.0696465 0.498364 0.864166 -41.4368 
0.876378 -0.0542515 -0.478559 12.9888 -0.101372 0.950599 -0.293404 -3.62297 0.470836 0.305645 0.827584 -54.1144 
0.875262 -0.483644 0.00199209 68.4521 -0.0989182 -0.183043 -0.978116 142.935 0.473424 0.855911 -0.208052 -125.163 
0.875262 -0.433823 0.213806 64.1863 -0.0989182 -0.593296 -0.798884 184.088 0.473424 0.678084 -0.562203 -108.678 
0.703393 -0.301269 -0.643797 30.6579 0.447934 0.891132 0.0723875 -8.07909 0.551899 -0.339295 0.761765 32.3123 
0.310961 0.270242 -0.911193 2.87226 0.428192 0.816077 0.388161 -2.92863 0.848502 -0.510868 0.138052 36.8875 
0.308787 0.175341 -0.93483 4.09059 0.042643 0.97932 0.197771 1.78347 0.950175 -0.100933 0.294924 30.0111 
0.308787 0.175341 -0.93483 4.09059 0.042643 0.97932 0.197771 1.78347 0.950175 -0.100933 0.294924 30.0111 
0.931355 -0.119625 -0.3439 12.055 -0.183958 0.660493 -0.727948 14.9398 0.314224 0.741241 0.593148 -76.8379 
0.931897 0.0483485 -0.359487 2.47494 -0.205281 0.887387 -0.412801 2.43584 0.299046 0.458483 0.836878 -60.4289 
0.931897 0.190385 -0.308743 0.548379 -0.205281 0.97857 -0.0161787 -2.16881 0.299046 0.0784557 0.951008 -57.5861 
0.931897 0.190385 -0.308743 0.54838 -0.205281 0.97857 -0.0161787 -2.16881 0.299046 0.0784557 0.951008 -57.5861 
0.790838 -0.50044 0.352327 80.1983 0.608123 0.707431 -0.360177 14.4044 -0.0690001 0.4991 0.863793 -41.5245 
0.890497 0 -0.45499 -0.690763 0 1 0 -14.8238 0.45499 0 0.890497 -0.25574 
0.890497 0 -0.45499 -1.15271 0 1 0 -16.1852 0.45499 0 0.890497 1.1455 
0.878278 2.15298e-05 -0.47815 -1.13011 0.00916034 0.999816 0.016871 -13.6745 0.478062 -0.0191974 0.878116 4.01336 
0.874233 0.315228 -0.369253 -46.0789 -0.0867097 0.849699 0.52009 9.49191 0.477701 -0.422662 0.770168 61.6155 
0.874233 0.23898 -0.422617 -33.6572 -0.0867097 0.933325 0.348404 -4.36726 0.477701 -0.267942 0.836665 36.367 
0.949341 0.241548 -0.201013 -33.6765 -0.165371 0.927936 0.334046 -3.46762 0.267215 -0.283882 0.920873 39.2591 
0.859991 -0.307525 -0.407239 52.8639 0.472111 0.782396 0.406162 7.72064 0.193717 -0.541557 0.81804 85.4936 
0.860049 -0.500668 0.098213 77.6817 0.473057 0.710395 -0.52111 16.9503 0.191133 0.494641 0.84782 -47.5977 
0.790711 -0.500668 0.352289 80.2215 0.607863 0.710395 -0.35474 14.0816 -0.0726571 0.494641 0.866055 -40.907 
0.876714 -0.0467849 -0.478731 11.8211 -0.102813 0.954031 -0.281519 -4.36052 0.469896 0.296032 0.831603 -52.7838 
0.87535 -0.483454 -0.00593095 68.2188 -0.0996996 -0.168487 -0.980649 140.776 0.473099 0.859002 -0.195685 -125.459 
0.87535 -0.437125 0.206602 64.3009 -0.0996996 -0.581323 -0.807541 182.165 0.473099 0.686283 -0.552443 -109.488 
0.70327 -0.301193 -0.643968 30.6506 0.447934 0.891132 0.0723875 -8.07909 0.552057 -0.339363 0.76162 32.3191 
0.31077 0.270357 -0.911224 2.86399 0.428192 0.816077 0.388161 -2.92863 0.848571 -0.510808 0.137848 36.8881 
0.308573 0.175363 -0.934896 4.08385 0.042643 0.97932 0.197771 1.78347 0.950244 -0.100894 0.294714 30.0119 
0.308573 0.175363 -0.934896 4.08385 0.042643 0.97932 0.197771 1.78347 0.950244 -0.100894 0.294714 30.0119 
0.931285 -0.119791 -0.344033 12.0723 -0.183958 0.660493 -0.727948 14.9398 0.314433 0.741214 0.593071 -76.8352 
0.93183 0.0482455 -0.359675 2.48851 -0.205281 0.887387 -0.412801 2.43584 0.299255 0.458494 0.836797 -60.4283 
0.93183 0.190368 -0.308956 0.561308 -0.205281 0.97857 -0.0161788 -2.1688 0.299255 0.0784985 0.950939 -57.586 
0.93183 0.190368 -0.308956 0.561308 -0.205281 0.97857 -0.0161788 -2.1688 0.299255 0.0784985 0.950939 -57.586 
0.790882 -0.500478 0.352176 80.1985 0.607736 0.709887 -0.355973 14.1244 -0.0718485 0.495563 0.865595 -41.0168 
0.890395 0 -0.45519 -0.690706 0 1 0 -14.8238 0.45519 0 0.890395 -0.255937 
0.890395 0 -0.45519 -1.15297 0 1 0 -16.1852 0.45519 0 0.890395 1.1452 
0.878171 3.10028e-05 -0.478346 -1.13167 0.0109921 0.999735 0.0202446 -13.6573 0.47822 -0.0230363 0.877938 4.49933 
0.874125 0.315328 -0.369423 -46.0933 -0.0848786 0.848068 0.523045 9.67575 0.478226 -0.425851 0.768082 61.9927 
0.874125 0.239045 -0.422803 -33.666 -0.0848786 0.932288 0.351616 -4.28033 0.478226 -0.27147 0.835227 36.8004 
0.949046 0.24213 -0.201706 -33.7797 -0.163713 0.925715 0.340953 -3.17213 0.269277 -0.290558 0.918186 40.2187 
0.85995 -0.307399 -0.40742 52.8442 0.472914 0.780122 0.409587 8.02277 0.191931 -0.544899 0.81624 85.9468 
0.860021 -0.500742 0.0980863 77.6874 0.474035 0.712931 -0.51674 16.6303 0.188825 0.490904 0.850505 -47.0813 
0.790721 -0.500742 0.35216 80.2261 0.607482 0.712931 -0.350279 13.7961 -0.075666 0.490904 0.867921 -40.3755 
0.877024 -0.039313 -0.478836 10.6517 -0.104278 0.957313 -0.269589 -5.07544 0.468994 0.286368 0.835487 -51.4431 
0.875422 -0.48316 -0.013849 67.9715 -0.100486 -0.153892 -0.982965 138.615 0.472798 0.861901 -0.183271 -125.728 
0.875422 -0.440333 0.199356 64.402 -0.100486 -0.569221 -0.816021 180.232 0.472798 0.694331 -0.542556 -110.274 
0.703146 -0.301117 -0.644138 30.6434 0.447934 0.891132 0.0723875 -8.07909 0.552215 -0.33943 0.761476 32.3259 
0.31058 0.270472 -0.911255 2.85571 0.428192 0.816077 0.388161 -2.92862 0.848641 -0.510747 0.137643 36.8887 
0.30836 0.175386 -0.934962 4.07712 0.0426429 0.97932 0.197771 1.78347 0.950313 -0.100854 0.294504 30.0128 
0.30836 0.175386 -0.934962 4.07712 0.0426429 0.97932 0.197771 1.78347 0.950313 -0.100854 0.294504 30.0128 
0.931214 -0.119958 -0.344166 12.0895 -0.183958 0.660493 -0.727948 14.9398 0.314642 0.741188 0.592994 -76.8325 
0.931762 0.0481427 -0.359863 2.50206 -0.205281 0.887387 -0.412801 2.43584 0.299464 0.458505 0.836717 -60.4278 
0.931762 0.19035 -0.309169 0.574223 -0.205281 0.97857 -0.0161786 -2.16881 0.299464 0.0785411 0.95087 -57.5859 
0.931762 0.19035 -0.309169 0.574223 -0.205281 0.97857 -0.0161786 -2.16881 0.299464 0.0785411 0.95087 -57.5859 
0.790927 -0.500514 0.352024 80.1986 0.607335 0.712326 -0.351761 13.8467 -0.0746949 0.492014 0.867377 -40.5076 
0.890292 0 -0.455389 -0.690649 0 1 0 -14.8238 0.455389 0 0.890292 -0.256133 
0.890292 0 -0.455389 -1.15322 0 1 0 -16.1852 0.455389 0 0.890292 1.1449 
0.878064 4.2201e-05 -0.478543 -1.13344 0.0128237 0.999639 0.023618 -13.6382 0.478371 -0.0268748 0.877746 4.98522 
0.874017 0.315428 -0.369592 -46.1078 -0.0830462 0.846425 0.525992 9.86105 0.478745 -0.429033 0.765985 62.3693 
0.874017 0.239111 -0.422988 -33.6749 -0.0830462 0.931238 0.354823 -4.19171 0.478745 -0.274994 0.833775 37.2337 
0.948749 0.242716 -0.202397 -33.8832 -0.162037 0.923445 0.34784 -2.86909 0.271329 -0.297217 0.915446 41.1757 
0.85991 -0.307272 -0.4076 52.8242 0.473709 0.777835 0.413004 8.32675 0.190141 -0.548231 0.814426 86.399 
0.859993 -0.500815 0.0979586 77.6927 0.475 0.715448 -0.512357 16.3129 0.186512 0.487154 0.853167 -46.5629 
0.790733 -0.500815 0.35203 80.2305 0.607084 0.715448 -0.345809 13.5132 -0.0786729 0.487154 0.869765 -39.8423 
0.877307 -0.0318364 -0.478872 9.4807 -0.105765 0.960441 -0.257616 -5.76761 0.46813 0.276656 0.839235 -50.0925 
0.875481 -0.482763 -0.0217606 67.7099 -0.101276 -0.139261 -0.985063 136.453 0.472521 0.864608 -0.170812 -125.968 
0.875481 -0.443443 0.192071 64.4895 -0.101276 -0.55699 -0.824321 178.288 0.472521 0.702225 -0.532544 -111.035 
0.703022 -0.301041 -0.644309 30.6361 0.447934 0.891132 0.0723875 -8.07909 0.552373 -0.339498 0.761331 32.3328 
0.31039 0.270586 -0.911285 2.84743 0.428192 0.816077 0.388161 -2.92862 0.848711 -0.510687 0.137439 36.8893 
0.308147 0.175409 -0.935028 4.07038 0.0426429 0.97932 0.197771 1.78347 0.950382 -0.100815 0.294295 30.0137 
0.308147 0.175409 -0.935028 4.07038 0.0426429 0.97932 0.197771 1.78347 0.950382 -0.100815 0.294295 30.0137 
0.931144 -0.120124 -0.344299 12.1067 -0.183958 0.660493 -0.727948 14.9398 0.314851 0.741161 0.592916 -76.8298 
0.931695 0.0480398 -0.36005 2.51562 -0.205281 0.887387 -0.412801 2.43584 0.299673 0.458516 0.836636 -60.4273 
0.931695 0.190332 -0.309383 0.587145 -0.205281 0.97857 -0.0161786 -2.16881 0.299673 0.0785838 0.9508 -57.5858 
0.931695 0.190332 -0.309383 0.587146 -0.205281 0.97857 -0.0161786 -2.16881 0.299673 0.0785838 0.9508 -57.5858 
0.790973 -0.500548 0.351872 80.1984 0.606918 0.714749 -0.34754 13.5715 -0.0775391 0.488452 0.869138 -39.9967 
0.89019 0 -0.455589 -0.690591 0 1 0 -14.8238 0.455589 0 0.89019 -0.25633 
0.89019 0 -0.455589 -1.15348 0 1 0 -16.1852 0.455589 0 0.89019 1.14459 
0.877957 5.51194e-05 -0.47874 -1.13543 0.0146551 0.999528 0.026991 -13.6173 0.478516 -0.0307129 0.877542 5.47103 
0.873909 0.31553 -0.36976 -46.1225 -0.0812126 0.84477 0.528932 10.0478 0.479256 -0.432209 0.763877 62.7455 
0.873909 0.23918 -0.423173 -33.6841 -0.0812126 0.930174 0.358024 -4.10147 0.479256 -0.278514 0.832312 37.6668 
0.948451 0.243304 -0.203088 -33.9872 -0.160343 0.921126 0.354706 -2.55856 0.273371 -0.303858 0.912655 42.1301 
0.859871 -0.307143 -0.40778 52.804 0.474496 0.775534 0.416415 8.63257 0.188348 -0.551553 0.812597 86.85 
0.859967 -0.500885 0.0978297 77.6979 0.475951 0.717946 -0.50796 15.998 0.184194 0.483391 0.855807 -46.0427 
0.790747 -0.500885 0.351899 80.2346 0.606669 0.717946 -0.341329 13.2329 -0.0816776 0.483391 0.871586 -39.3074 
0.877564 -0.0243556 -0.478841 8.30814 -0.107273 0.963417 -0.2456 -6.43694 0.467305 0.266896 0.842848 -48.7322 
0.875525 -0.482262 -0.0296648 67.4342 -0.102071 -0.124596 -0.986943 134.29 0.472269 0.867121 -0.158312 -126.18 
0.875525 -0.446458 0.184747 64.5635 -0.102071 -0.544634 -0.832439 176.334 0.472269 0.709964 -0.522411 -111.771 
0.702898 -0.300965 -0.64448 30.6289 0.447934 0.891132 0.0723875 -8.07909 0.552531 -0.339565 0.761187 32.3396 
0.310199 0.270701 -0.911316 2.83915 0.428192 0.816077 0.388161 -2.92862 0.84878 -0.510626 0.137234 36.8899 
0.307934 0.175431 -0.935094 4.06365 0.0426429 0.97932 0.197771 1.78348 0.950452 -0.100776 0.294085 30.0146 
0.307934 0.175431 -0.935094 4.06365 0.0426429 0.97932 0.197771 1.78348 0.950452 -0.100776 0.294085 30.0146 
0.931073 -0.12029 -0.344432 12.124 -0.183958 0.660493 -0.727948 14.9398 0.31506 0.741134 0.592839 -76.8272 
0.931628 0.0479369 -0.360238 2.52918 -0.205281 0.887387 -0.412801 2.43584 0.299882 0.458526 0.836555 -60.4268 
0.931628 0.190315 -0.309596 0.600067 -0.205281 0.97857 -0.0161787 -2.16881 0.299882 0.0786265 0.950731 -57.5858 
0.931628 0.190315 -0.309596 0.600067 -0.205281 0.97857 -0.0161787 -2.16881 0.299882 0.0786265 0.950731 -57.5858 
0.79102 -0.500581 0.351718 80.198 0.606486 0.717155 -0.343312 13.2986 -0.0803807 0.484879 0.870879 -39.4842 
0.890088 0 -0.455789 -0.690534 0 1 0 -14.8238 0.455789 0 0.890088 -0.256526 
0.890088 0 -0.455789 -1.15374 0 1 0 -16.1852 0.455789 0 0.890088 1.14429 
0.877849 6.97616e-05 -0.478937 -1.13764 0.0164863 0.999403 0.0303636 -13.5945 0.478653 -0.0345506 0.877324 5.95676 
0.873801 0.315634 -0.369928 -46.1374 -0.0793778 0.843102 0.531863 10.236 0.479761 -0.435379 0.761758 63.1212 
0.873801 0.239249 -0.423357 -33.6934 -0.0793778 0.929096 0.36122 -4.00952 0.479761 -0.28203 0.830836 38.0998 
0.948151 0.243895 -0.203776 -34.0916 -0.15863 0.918759 0.361551 -2.24051 0.275402 -0.310479 0.909811 43.0818 
0.859833 -0.307012 -0.407959 52.7836 0.475274 0.773219 0.419818 8.94026 0.186552 -0.554866 0.810754 87.3 
0.859941 -0.500954 0.0976997 77.7029 0.47689 0.720426 -0.50355 15.6858 0.18187 0.479616 0.858424 -45.5207 
0.790762 -0.500954 0.351767 80.2386 0.606238 0.720426 -0.336841 12.9554 -0.0846802 0.479616 0.873383 -38.7709 
0.877794 -0.0168717 -0.478741 7.13417 -0.108802 0.966239 -0.233545 -7.08319 0.466519 0.257092 0.846324 -47.3627 
0.875555 -0.481657 -0.0375603 67.1445 -0.102869 -0.109903 -0.988605 132.127 0.47204 0.869441 -0.145774 -126.364 
0.875555 -0.449376 0.177385 64.6239 -0.102869 -0.532156 -0.840374 174.37 0.47204 0.717546 -0.512159 -112.483 
0.702774 -0.300889 -0.644651 30.6216 0.447934 0.891132 0.0723875 -8.07909 0.552688 -0.339633 0.761042 32.3464 
0.310009 0.270816 -0.911347 2.83087 0.428192 0.816077 0.388161 -2.92863 0.84885 -0.510565 0.13703 36.8905 
0.30772 0.175454 -0.93516 4.05691 0.0426429 0.97932 0.197771 1.78347 0.950521 -0.100736 0.293875 30.0154 
0.30772 0.175454 -0.93516 4.05691 0.0426429 0.97932 0.197771 1.78348 0.950521 -0.100736 0.293875 30.0154 
0.931002 -0.120457 -0.344565 12.1412 -0.183958 0.660493 -0.727948 14.9398 0.315269 0.741107 0.592762 -76.8245 
0.931561 0.047834 -0.360426 2.54275 -0.205281 0.887387 -0.412801 2.43585 0.300091 0.458537 0.836474 -60.4263 
0.931561 0.190297 -0.309809 0.612996 -0.205281 0.97857 -0.0161789 -2.1688 0.300091 0.0786695 0.950661 -57.5857 
0.931561 0.190297 -0.309809 0.612997 -0.205281 0.97857 -0.0161789 -2.1688 0.300091 0.0786695 0.950661 -57.5857 
0.791069 -0.500612 0.351564 80.1974 0.60604 0.719544 -0.339076 13.0283 -0.0832202 0.481294 0.8726 -38.9701 
0.889986 0 -0.455989 -0.690476 0 1 0 -14.8238 0.455989 0 0.889986 -0.256723 
0.889986 0 -0.455989 -1.154 0 1 0 -16.1852 0.455989 0 0.889986 1.14399 
0.877742 8.61231e-05 -0.479133 -1.14007 0.0183173 0.999263 0.0337357 -13.5698 0.478783 -0.0383877 0.877094 6.4424 
0.873693 0.315739 -0.370094 -46.1524 -0.0775419 0.841421 0.534787 10.4256 0.480258 -0.438542 0.759627 63.4964 
0.873693 0.239321 -0.42354 -33.7029 -0.0775419 0.928004 0.364411 -3.91597 0.480258 -0.285541 0.829348 38.5326 
0.94785 0.244489 -0.204464 -34.1964 -0.156899 0.916343 0.368373 -1.91499 0.277422 -0.317082 0.906915 44.0308 
0.859796 -0.306881 -0.408137 52.7631 0.476044 0.77089 0.423214 9.2498 0.184753 -0.558168 0.808897 87.7489 
0.859917 -0.501022 0.0975686 77.7076 0.477815 0.722887 -0.499127 15.3762 0.179542 0.475827 0.861018 -44.9969 
0.790778 -0.501022 0.351635 80.2423 0.60579 0.722887 -0.332344 12.6805 -0.0876806 0.475827 0.875157 -38.2327 
0.877997 -0.00938499 -0.478574 5.95888 -0.110351 0.968908 -0.221452 -7.70634 0.465772 0.247245 0.849663 -45.9842 
0.87557 -0.480948 -0.0454458 66.8406 -0.103671 -0.0951831 -0.990047 129.964 0.471835 0.871567 -0.1332 -126.52 
0.87557 -0.452196 0.169988 64.6707 -0.103671 -0.519558 -0.848123 172.398 0.471835 0.724968 -0.501789 -113.17 
0.70265 -0.300812 -0.644822 30.6144 0.447934 0.891132 0.0723875 -8.07909 0.552846 -0.3397 0.760897 32.3533 
0.309818 0.27093 -0.911378 2.8226 0.428192 0.816077 0.388161 -2.92863 0.84892 -0.510504 0.136825 36.8911 
0.307507 0.175476 -0.935226 4.05018 0.0426428 0.97932 0.197771 1.78348 0.95059 -0.100697 0.293665 30.0163 
0.307507 0.175476 -0.935226 4.05018 0.0426428 0.97932 0.197771 1.78348 0.95059 -0.100697 0.293665 30.0163 
0.930932 -0.120623 -0.344698 12.1585 -0.183958 0.660493 -0.727948 14.9398 0.315478 0.74108 0.592684 -76.8218 
0.931493 0.0477311 -0.360613 2.5563 -0.205281 0.887387 -0.412801 2.43584 0.3003 0.458548 0.836393 -60.4257 
0.931493 0.190279 -0.310023 0.625916 -0.205281 0.97857 -0.0161788 -2.1688 0.3003 0.0787122 0.950592 -57.5856 
0.931493 0.190279 -0.310023 0.625918 -0.205281 0.97857 -0.0161788 -2.1688 0.3003 0.0787122 0.950592 -57.5856 
0.791119 -0.500642 0.351409 80.1966 0.605578 0.721916 -0.334831 12.7605 -0.0860572 0.477697 0.874299 -38.4545 
0.889883 0 -0.456188 -0.690418 0 1 0 -14.8238 0.456188 0 0.889883 -0.256919 
0.889883 0 -0.456188 -1.15425 0 1 0 -16.1852 0.456188 0 0.889883 1.14369 
0.877635 0.000104204 -0.47933 -1.14271 0.020148 0.999108 0.0371074 -13.5433 0.478906 -0.0422243 0.87685 6.92794 
0.873584 0.315845 -0.370259 -46.1676 -0.0757048 0.839728 0.537703 10.6167 0.480748 -0.441699 0.757485 63.871 
0.873584 0.239393 -0.423723 -33.7127 -0.0757048 0.926899 0.367596 -3.82071 0.480748 -0.289049 0.827848 38.9653 
0.947547 0.245086 -0.205149 -34.3015 -0.15515 0.913878 0.375174 -1.58202 0.279431 -0.323666 0.903968 44.9769 
0.859759 -0.306747 -0.408314 52.7423 0.476806 0.768548 0.426602 9.56117 0.18295 -0.561461 0.807025 88.1967 
0.859894 -0.501087 0.0974365 77.712 0.478727 0.725329 -0.49469 15.0692 0.17721 0.472027 0.86359 -44.4712 
0.790795 -0.501087 0.351502 80.2457 0.605326 0.725329 -0.327839 12.4084 -0.0906786 0.472027 0.876908 -37.6929 
0.878174 -0.00189643 -0.478338 4.78238 -0.111919 0.971421 -0.209322 -8.30623 0.465064 0.237357 0.852864 -44.597 
0.875572 -0.480136 -0.0533199 66.5227 -0.104477 -0.0804405 -0.991269 127.802 0.471655 0.873498 -0.120594 -126.648 
0.875572 -0.454917 0.162554 64.7039 -0.104477 -0.506843 -0.855684 170.417 0.471655 0.73223 -0.491306 -113.832 
0.702526 -0.300736 -0.644992 30.6071 0.447934 0.891132 0.0723875 -8.07909 0.553004 -0.339768 0.760753 32.3601 
0.309628 0.271045 -0.911408 2.81432 0.428192 0.816077 0.388161 -2.92863 0.848989 -0.510443 0.136621 36.8917 
0.307294 0.175499 -0.935292 4.04344 0.0426429 0.97932 0.197771 1.78347 0.950659 -0.100657 0.293455 30.0172 
0.307294 0.175499 -0.935292 4.04344 0.0426429 0.97932 0.197771 1.78347 0.950659 -0.100657 0.293455 30.0172 
0.930861 -0.120789 -0.344831 12.1757 -0.183958 0.660493 -0.727948 14.9398 0.315687 0.741053 0.592607 -76.8191 
0.931426 0.0476283 -0.360801 2.56986 -0.205281 0.887387 -0.412801 2.43584 0.300509 0.458559 0.836312 -60.4252 
0.931426 0.190262 -0.310236 0.638834 -0.205281 0.97857 -0.0161787 -2.1688 0.300509 0.0787546 0.950522 -57.5855 
0.931426 0.190262 -0.310236 0.638833 -0.205281 0.97857 -0.0161787 -2.1688 0.300509 0.0787546 0.950522 -57.5855 
0.79117 -0.50067 0.351253 80.1955 0.605101 0.724272 -0.330579 12.4951 -0.0888917 0.474089 0.875978 -37.9373 
0.889781 0 -0.456388 -0.690361 0 1 0 -14.8238 0.456388 0 0.889781 -0.257116 
0.889781 0 -0.456388 -1.15451 0 1 0 -16.1852 0.456388 0 0.889781 1.14339 
0.877528 0.000124004 -0.479526 -1.14557 0.0219784 0.998939 0.0404785 -13.5149 0.479022 -0.0460602 0.876593 7.41337 
0.873476 0.315953 -0.370424 -46.1829 -0.0738666 0.838023 0.540611 10.8093 0.481232 -0.444849 0.755331 64.2451 
0.873476 0.239468 -0.423905 -33.7226 -0.0738666 0.92578 0.370777 -3.72382 0.481232 -0.292552 0.826335 39.3978 
0.947244 0.245686 -0.205833 -34.4071 -0.153383 0.911365 0.381952 -1.24159 0.281429 -0.33023 0.900969 45.9202 
0.859723 -0.306613 -0.40849 52.7213 0.477559 0.766193 0.429983 9.87439 0.181144 -0.564745 0.80514 88.6434 
0.859872 -0.501152 0.0973033 77.7163 0.479625 0.727752 -0.490241 14.7649 0.174872 0.468213 0.866138 -43.9437 
0.790814 -0.501152 0.351368 80.2489 0.604845 0.727752 -0.323325 12.1389 -0.0936742 0.468213 0.878636 -37.1514 
0.878323 0.00559327 -0.478034 3.6048 -0.113507 0.973778 -0.197159 -8.88271 0.464397 0.22743 0.855927 -43.2014 
0.87556 -0.47922 -0.0611814 66.1908 -0.105285 -0.0656786 -0.992271 125.641 0.471498 0.875234 -0.10796 -126.747 
0.87556 -0.45754 0.155087 64.7234 -0.105285 -0.494014 -0.863055 168.427 0.471498 0.739328 -0.480711 -114.468 
0.702402 -0.30066 -0.645163 30.5998 0.447934 0.891132 0.0723875 -8.07909 0.553161 -0.339835 0.760608 32.3669 
0.309437 0.271159 -0.911439 2.80604 0.428192 0.816077 0.388161 -2.92863 0.849058 -0.510383 0.136416 36.8923 
0.307081 0.175522 -0.935357 4.03671 0.0426429 0.97932 0.197771 1.78347 0.950728 -0.100618 0.293245 30.018 
0.307081 0.175522 -0.935357 4.03671 0.0426429 0.97932 0.197771 1.78347 0.950728 -0.100618 0.293245 30.018 
0.93079 -0.120955 -0.344964 12.1929 -0.183958 0.660493 -0.727948 14.9398 0.315896 0.741026 0.59253 -76.8164 
0.931359 0.0475253 -0.360989 2.58342 -0.205281 0.887387 -0.412801 2.43584 0.300718 0.458569 0.836231 -60.4247 
0.931359 0.190244 -0.310449 0.651758 -0.205281 0.97857 -0.0161787 -2.16881 0.300718 0.0787975 0.950452 -57.5854 
0.931359 0.190244 -0.310449 0.651759 -0.205281 0.97857 -0.0161787 -2.16881 0.300718 0.0787975 0.950452 -57.5854 
0.791223 -0.500696 0.351097 80.1942 0.60461 0.72661 -0.32632 12.2322 -0.0917236 0.470469 0.877637 -37.4185 
0.889678 0 -0.456588 -0.690303 0 1 0 -14.8238 0.456588 0 0.889678 -0.257312 
0.889678 0 -0.456588 -1.15477 0 1 0 -16.1852 0.456588 0 0.889678 1.14309 
0.87742 0.000145532 -0.479722 -1.14865 0.0238084 0.998754 0.043849 -13.4847 0.479131 -0.0498955 0.876324 7.89869 
0.873367 0.316062 -0.370587 -46.1985 -0.0720273 0.836306 0.543512 11.0033 0.481708 -0.447993 0.753167 64.6186 
0.873367 0.239544 -0.424086 -33.7327 -0.0720273 0.924647 0.373951 -3.62526 0.481708 -0.296051 0.82481 39.8301 
0.946939 0.246288 -0.206515 -34.5131 -0.151598 0.908804 0.388707 -0.893784 0.283416 -0.336774 0.897919 46.8606 
0.859689 -0.306477 -0.408666 52.7002 0.478304 0.763824 0.433357 10.1894 0.179335 -0.568018 0.80324 89.089 
0.85985 -0.501214 0.0971691 77.7203 0.480511 0.730157 -0.485778 14.4632 0.17253 0.464387 0.868664 -43.4145 
0.790834 -0.501214 0.351234 80.2519 0.604348 0.730157 -0.318803 11.8722 -0.0966674 0.464387 0.880341 -36.6084 
0.878446 0.0130834 -0.477662 2.42624 -0.115112 0.97598 -0.184964 -9.43571 0.463769 0.217466 0.858852 -41.7978 
0.875533 -0.478201 -0.0690291 65.845 -0.106096 -0.0509003 -0.993052 123.482 0.471365 0.876774 -0.0953001 -126.818 
0.875533 -0.460065 0.147587 64.7292 -0.106096 -0.481074 -0.870236 166.43 0.471365 0.746262 -0.470008 -115.079 
0.702277 -0.300584 -0.645334 30.5926 0.447934 0.891132 0.0723875 -8.07909 0.553319 -0.339903 0.760463 32.3737 
0.309247 0.271274 -0.91147 2.79776 0.428192 0.816077 0.388161 -2.92862 0.849128 -0.510322 0.136212 36.8929 
0.306867 0.175544 -0.935423 4.02997 0.042643 0.97932 0.197771 1.78348 0.950797 -0.100579 0.293035 30.0189 
0.306867 0.175544 -0.935423 4.02997 0.042643 0.97932 0.197771 1.78348 0.950797 -0.100579 0.293035 30.0189 
0.930719 -0.121122 -0.345097 12.2102 -0.183958 0.660493 -0.727948 14.9398 0.316105 0.740998 0.592452 -76.8137 
0.931291 0.0474224 -0.361177 2.59698 -0.205281 0.887387 -0.412801 2.43584 0.300927 0.45858 0.83615 -60.4241 
0.931291 0.190226 -0.310663 0.66468 -0.205281 0.97857 -0.0161787 -2.16881 0.300927 0.07884 0.950383 -57.5853 
0.931291 0.190226 -0.310663 0.66468 -0.205281 0.97857 -0.0161787 -2.16881 0.300927 0.07884 0.950383 -57.5853 
0.791277 -0.500721 0.35094 80.1926 0.604103 0.728932 -0.322053 11.9718 -0.0945529 0.466837 0.879274 -36.8982 
0.889576 0 -0.456787 -0.690245 0 1 0 -14.8238 0.456787 0 0.889576 -0.257509 
0.889576 0 -0.456787 -1.15502 0 1 0 -16.1852 0.456787 0 0.889576 1.14279 
0.877313 0.000168774 -0.479919 -1.15195 0.0256382 0.998555 0.0472189 -13.4525 0.479233 -0.05373 0.876041 8.38389 
0.873258 0.316173 -0.37075 -46.2142 -0.0701869 0.834576 0.546404 11.1987 0.482177 -0.451129 0.750991 64.9916 
0.873258 0.239621 -0.424267 -33.7431 -0.0701869 0.923501 0.37712 -3.52505 0.482177 -0.299545 0.823273 40.2623 
0.946633 0.246894 -0.207196 -34.6195 -0.149795 0.906195 0.395438 -0.538605 0.285391 -0.343298 0.894818 47.798 
0.859655 -0.306339 -0.40884 52.6788 0.47904 0.761442 0.436722 10.5063 0.177523 -0.571281 0.801326 89.5334 
0.85983 -0.501275 0.0970336 77.7241 0.481383 0.732542 -0.481303 14.1642 0.170184 0.460549 0.871167 -42.8834 
0.790856 -0.501275 0.351099 80.2546 0.603833 0.732542 -0.314272 11.6082 -0.0996577 0.460549 0.882022 -36.0637 
0.878542 0.0205733 -0.477222 1.24682 -0.116735 0.978026 -0.172739 -9.96516 0.463182 0.207467 0.861638 -40.3864 
0.875493 -0.477079 -0.0768616 65.4852 -0.106909 -0.0361098 -0.993613 121.325 0.471256 0.878118 -0.0826177 -126.861 
0.875493 -0.46249 0.140055 64.7213 -0.106909 -0.468027 -0.877224 164.425 0.471256 0.75303 -0.459198 -115.665 
0.702153 -0.300507 -0.645504 30.5853 0.447934 0.891132 0.0723875 -8.07909 0.553476 -0.33997 0.760318 32.3806 
0.309056 0.271388 -0.9115 2.78948 0.428192 0.816077 0.388161 -2.92863 0.849197 -0.510261 0.136007 36.8934 
0.306654 0.175567 -0.935489 4.02323 0.0426429 0.97932 0.197771 1.78347 0.950865 -0.100539 0.292825 30.0198 
0.306654 0.175567 -0.935489 4.02323 0.0426429 0.97932 0.197771 1.78347 0.950865 -0.100539 0.292825 30.0198 
0.930648 -0.121288 -0.34523 12.2274 -0.183958 0.660493 -0.727948 14.9398 0.316314 0.740971 0.592375 -76.811 
0.931223 0.0473195 -0.361364 2.61054 -0.205281 0.887387 -0.4128 2.43584 0.301136 0.45859 0.836069 -60.4236 
0.931223 0.190209 -0.310876 0.677602 -0.205281 0.97857 -0.0161787 -2.1688 0.301136 0.0788827 0.950313 -57.5851 
0.931223 0.190209 -0.310876 0.677602 -0.205281 0.97857 -0.0161787 -2.1688 0.301136 0.0788827 0.950313 -57.5851 
0.791332 -0.500745 0.350782 80.1909 0.603581 0.731236 -0.317778 11.7139 -0.0973792 0.463194 0.880891 -36.3764 
0.889473 0 -0.456987 -0.690187 0 1 0 -14.8238 0.456987 0 0.889473 -0.257705 
0.889473 0 -0.456987 -1.15528 0 1 0 -16.1852 0.456987 0 0.889473 1.14249 
0.877206 0.000193728 -0.480114 -1.15547 0.0274675 0.998342 0.0505881 -13.4185 0.479328 -0.0575637 0.875746 8.86896 
0.873149 0.316285 -0.370911 -46.23 -0.0683455 0.832834 0.549288 11.3956 0.482639 -0.45426 0.748804 65.3641 
0.873149 0.239701 -0.424446 -33.7536 -0.0683455 0.922341 0.380283 -3.42316 0.482639 -0.303035 0.821724 40.6943 
0.946325 0.247502 -0.207875 -34.7263 -0.147974 0.903539 0.402146 -0.176056 0.287355 -0.3498 0.891665 48.7324 
0.859621 -0.3062 -0.409014 52.6573 0.479768 0.759046 0.44008 10.825 0.175708 -0.574534 0.799398 89.9767 
0.859811 -0.501334 0.0968974 77.7277 0.482241 0.734908 -0.476815 13.8678 0.167833 0.456699 0.873646 -42.3506 
0.790879 -0.501334 0.350963 80.2571 0.603303 0.734908 -0.309734 11.347 -0.102646 0.456699 0.88368 -35.5175 
0.878611 0.0280624 -0.476713 0.0666199 -0.118374 0.979914 -0.160486 -10.4709 0.462635 0.197435 0.864285 -38.9675 
0.875439 -0.475853 -0.0846779 65.1114 -0.107724 -0.0213093 -0.993952 119.17 0.471171 0.879266 -0.0699158 -126.876 
0.875439 -0.464814 0.132492 64.6997 -0.107724 -0.454873 -0.884017 162.413 0.471171 0.75963 -0.448285 -116.225 
0.702029 -0.300431 -0.645675 30.578 0.447934 0.891132 0.0723875 -8.07909 0.553634 -0.340038 0.760173 32.3874 
0.308865 0.271503 -0.911531 2.7812 0.428192 0.816077 0.388161 -2.92863 0.849266 -0.5102 0.135803 36.894 
0.30644 0.175589 -0.935555 4.01649 0.0426429 0.97932 0.197771 1.78347 0.950934 -0.1005 0.292616 30.0206 
0.30644 0.175589 -0.935555 4.0165 0.0426429 0.97932 0.197771 1.78347 0.950934 -0.1005 0.292616 30.0206 
0.930577 -0.121454 -0.345363 12.2446 -0.183958 0.660493 -0.727948 14.9398 0.316522 0.740944 0.592297 -76.8083 
0.931156 0.0472166 -0.361552 2.62409 -0.205281 0.887387 -0.412801 2.43584 0.301345 0.458601 0.835988 -60.423 
0.931156 0.190191 -0.311089 0.690521 -0.205281 0.97857 -0.0161787 -2.16881 0.301345 0.0789254 0.950243 -57.585 
0.931156 0.190191 -0.311089 0.690522 -0.205281 0.97857 -0.0161787 -2.16881 0.301345 0.0789254 0.950243 -57.585 
0.791388 -0.500766 0.350624 80.1889 0.603045 0.733523 -0.313496 11.4586 -0.100203 0.459539 0.882487 -35.8531 
0.889371 0 -0.457187 -0.69013 0 1 0 -14.8238 0.457187 0 0.889371 -0.257901 
0.889371 0 -0.457187 -1.15553 0 1 0 -16.1852 0.457187 0 0.889371 1.14219 
0.877099 0.000220403 -0.48031 -1.1592 0.0292964 0.998113 0.0539565 -13.3827 0.479416 -0.0613966 0.875437 9.35389 
0.87304 0.316398 -0.371071 -46.2461 -0.0665031 0.831079 0.552164 11.5939 0.483093 -0.457383 0.746607 65.736 
0.87304 0.239781 -0.424625 -33.7643 -0.0665031 0.921168 0.383441 -3.31966 0.483093 -0.306521 0.820162 41.1261 
0.946016 0.248113 -0.208552 -34.8335 -0.146136 0.900835 0.408829 0.193817 0.289307 -0.356282 0.888462 49.6637 
0.859589 -0.30606 -0.409186 52.6355 0.480488 0.756637 0.443431 11.1455 0.173889 -0.577778 0.797456 90.4189 
0.859793 -0.501391 0.0967603 77.731 0.483087 0.737256 -0.472315 13.5742 0.165477 0.452837 0.876103 -41.8161 
0.790903 -0.501391 0.350827 80.2594 0.602756 0.737256 -0.305187 11.0885 -0.105631 0.452837 0.885314 -34.9697 
0.878653 0.0355498 -0.476137 -1.11423 -0.120029 0.981645 -0.148207 -10.9528 0.462129 0.187373 0.866792 -37.5415 
0.875371 -0.474524 -0.0924764 64.7239 -0.108541 -0.00650282 -0.994071 117.019 0.47111 0.880218 -0.0571978 -126.863 
0.875371 -0.467039 0.124901 64.6643 -0.108541 -0.441617 -0.890614 160.394 0.47111 0.766061 -0.437272 -116.759 
0.701905 -0.300355 -0.645846 30.5708 0.447934 0.891132 0.0723875 -8.07909 0.553792 -0.340105 0.760029 32.3942 
0.308675 0.271617 -0.911561 2.77293 0.428192 0.816077 0.388161 -2.92863 0.849336 -0.510139 0.135598 36.8946 
0.306227 0.175612 -0.93562 4.00976 0.0426429 0.97932 0.197771 1.78347 0.951003 -0.10046 0.292406 30.0215 
0.306227 0.175612 -0.93562 4.00976 0.0426429 0.97932 0.197771 1.78347 0.951003 -0.10046 0.292406 30.0215 
0.930506 -0.12162 -0.345496 12.2619 -0.183958 0.660493 -0.727948 14.9398 0.316731 0.740916 0.59222 -76.8056 
0.931088 0.0471137 -0.361739 2.63765 -0.205281 0.887387 -0.412801 2.43584 0.301554 0.458612 0.835907 -60.4225 
0.931088 0.190173 -0.311302 0.703442 -0.205281 0.97857 -0.0161787 -2.16881 0.301554 0.078968 0.950173 -57.5849 
0.931088 0.190173 -0.311302 0.703443 -0.205281 0.97857 -0.0161787 -2.16881 0.301554 0.078968 0.950173 -57.5849 
0.791446 -0.500786 0.350466 80.1867 0.602494 0.735794 -0.309207 11.2057 -0.103024 0.455874 0.884062 -35.3283 
0.889268 0 -0.457386 -0.690072 0 1 0 -14.8238 0.457386 0 0.889268 -0.258098 
0.889268 0 -0.457386 -1.15579 0 1 0 -16.1852 0.457386 0 0.889268 1.14189 
0.876991 0.000248799 -0.480506 -1.16315 0.0311249 0.99787 0.0573241 -13.345 0.479497 -0.0652285 0.875116 9.83869 
0.87293 0.316513 -0.371231 -46.2623 -0.0646597 0.829313 0.555031 11.7936 0.483541 -0.4605 0.744398 66.1074 
0.87293 0.239864 -0.424804 -33.7752 -0.0646597 0.919981 0.386593 -3.21443 0.483541 -0.310001 0.818588 41.5577 
0.945706 0.248726 -0.209227 -34.9411 -0.144279 0.898083 0.415488 0.57103 0.291246 -0.362743 0.885208 50.5918 
0.859558 -0.305918 -0.409358 52.6136 0.481199 0.754215 0.446773 11.4678 0.172068 -0.58101 0.795499 90.8599 
0.859776 -0.501447 0.0966219 77.7341 0.483919 0.739584 -0.467802 13.2832 0.163118 0.448962 0.878536 -41.2798 
0.790928 -0.501447 0.35069 80.2614 0.602192 0.739584 -0.300633 10.8327 -0.108613 0.448962 0.886925 -34.4203 
0.878667 0.0430347 -0.475491 -2.2956 -0.1217 0.983219 -0.135904 -11.4108 0.461664 0.177281 0.869159 -36.1086 
0.875289 -0.473093 -0.100256 64.3224 -0.10936 0.00830641 -0.993968 114.871 0.471072 0.880973 -0.0444668 -126.822 
0.875289 -0.469162 0.117281 64.6151 -0.10936 -0.428261 -0.897013 158.369 0.471072 0.772321 -0.42616 -117.267 
0.70178 -0.300278 -0.646016 30.5635 0.447934 0.891132 0.0723875 -8.07909 0.553949 -0.340172 0.759884 32.401 
0.308484 0.271732 -0.911592 2.76465 0.428192 0.816077 0.388161 -2.92862 0.849405 -0.510078 0.135394 36.8952 
0.306014 0.175634 -0.935686 4.00302 0.0426431 0.97932 0.197771 1.78348 0.951071 -0.100421 0.292196 30.0223 
0.306014 0.175634 -0.935686 4.00302 0.0426431 0.97932 0.197771 1.78348 0.951071 -0.100421 0.292196 30.0223 
0.930435 -0.121787 -0.345629 12.2791 -0.183958 0.660493 -0.727948 14.9398 0.31694 0.740889 0.592142 -76.8029 
