21 67 0.666667 1
0.891007 0 -0.45399 -0.69105 0 1 0 -14.8238 0.45399 0 0.891007 -0.254758 
0.891007 0 -0.45399 -1.15142 0 1 0 -16.1852 0.45399 0 0.891007 1.147 
0.878814 0 -0.477164 -1.12561 0 1 0 -13.7325 0.477164 0 0.878814 1.58275 
0.874768 0.314754 -0.368388 -46.0098 -0.0958455 0.857663 0.505201 8.59448 0.474967 -0.406626 0.780424 59.7222 
0.874768 0.238679 -0.421678 -33.6164 -0.0958455 0.938302 0.332269 -4.77721 0.474967 -0.250243 0.843673 34.1984 
0.950797 0.238679 -0.197527 -33.1671 -0.173382 0.938302 0.299212 -4.83118 0.256756 -0.250243 0.933518 34.4245 
0.860208 -0.308133 -0.40632 52.9599 0.467971 0.793559 0.388931 6.23793 0.202597 -0.524708 0.826823 83.2116 
0.860208 -0.500275 0.0988287 77.6504 0.467971 0.697442 -0.54275 18.589 0.202597 0.513127 0.83406 -50.1515 
0.790677 -0.500275 0.352924 80.195 0.60952 0.697442 -0.376908 15.5491 -0.0575865 0.513127 0.856379 -43.5387 
0.874768 -0.0840494 -0.477196 17.6397 -0.0958455 0.935366 -0.340446 -0.4496 0.474967 0.343549 0.810173 -59.3289 
0.874768 -0.483367 0.0337085 69.2431 -0.0958455 -0.240809 -0.965828 151.546 0.474967 0.841645 -0.256981 -123.697 
0.874768 -0.419671 0.242191 63.594 -0.0958455 -0.639829 -0.762517 191.663 0.474967 0.643813 -0.599926 -105.198 
0.703889 -0.301574 -0.643113 30.6869 0.447934 0.891132 0.0723875 -8.07909 0.551268 -0.339025 0.762342 32.2849 
0.311722 0.269784 -0.911069 2.90538 0.428192 0.816077 0.388161 -2.92863 0.848222 -0.511111 0.13887 36.8851 
0.309639 0.17525 -0.934565 4.11753 0.0426429 0.97932 0.197771 1.78347 0.949897 -0.10109 0.295763 30.0076 
0.309639 0.17525 -0.934565 4.11753 0.0426429 0.97932 0.197771 1.78347 0.949897 -0.10109 0.295763 30.0076 
0.931637 -0.11896 -0.343367 11.986 -0.183958 0.660493 -0.727948 14.9398 0.313388 0.741348 0.593457 -76.8485 
0.932165 0.04876 -0.358736 2.4207 -0.205281 0.887387 -0.412801 2.43584 0.298209 0.45844 0.8372 -60.4309 
0.932165 0.190456 -0.307889 0.49669 -0.205281 0.97857 -0.0161787 -2.16881 0.298209 0.0782847 0.951285 -57.5864 
0.932165 0.190456 -0.307889 0.49669 -0.205281 0.97857 -0.0161787 -2.16881 0.298209 0.0782847 0.951285 -57.5864 
0.790677 -0.500275 0.352924 80.195 0.60952 0.697442 -0.376908 15.5491 -0.0575865 0.513127 0.856379 -43.5387 
0.891007 0 -0.45399 -0.69105 0 1 0 -14.5194 0.45399 0 0.891007 -0.47335 
0.891007 0.000380334 -0.45399 -1.19641 0 1 0.000837758 -15.8786 0.45399 -0.000746448 0.891006 1.0167 
0.878718 0.00307881 -0.477331 -1.51191 0.00128415 0.99996 0.00881379 -13.4011 0.477339 -0.00835781 0.87868 2.4145 
0.874378 0.314644 -0.369408 -45.9403 -0.0945635 0.857175 0.50627 8.96227 0.475942 -0.407739 0.779248 59.5078 
0.874378 0.238376 -0.422658 -33.5154 -0.0945635 0.938027 0.333412 -4.44417 0.475942 -0.25156 0.842732 34.0177 
0.950655 0.238376 -0.198572 -33.0663 -0.172414 0.938027 0.300631 -4.49754 0.257929 -0.25156 0.93284 34.2443 
0.867348 -0.326544 -0.3756 55.585 0.452319 0.832026 0.321155 1.19368 0.207638 -0.448444 0.869358 70.4444 
0.867787 -0.481881 0.121392 75.5356 0.449326 0.656538 -0.605857 23.8153 0.212253 0.5803 0.786258 -61.8604 
0.805605 -0.481146 0.345687 77.7286 0.592123 0.673346 -0.442713 19.0564 -0.0197576 0.561341 0.827349 -54.0033 
0.871458 -0.0493397 -0.487983 12.2086 -0.109727 0.950097 -0.292019 -3.08012 0.478039 0.308027 0.822556 -54.1429 
0.87667 -0.480858 -0.0149981 68.0976 -0.116772 -0.182441 -0.976258 143.109 0.466705 0.857608 -0.216091 -125.435 
0.87667 -0.438767 0.197314 64.5982 -0.116772 -0.59194 -0.797478 184.186 0.466705 0.676085 -0.570172 -108.584 
0.705574 -0.306694 -0.638831 31.1989 0.444182 0.893825 0.0614759 -8.04743 0.552148 -0.327133 0.766887 30.8826 
0.315247 0.263893 -0.911581 3.4273 0.419688 0.822757 0.383318 -3.04833 0.851165 -0.50342 0.148619 35.7043 
0.315115 0.171221 -0.93348 4.58216 0.03301 0.981018 0.191084 1.74548 0.948479 -0.0910277 0.303482 28.8736 
0.315115 0.171221 -0.93348 4.58216 0.03301 0.981018 0.191084 1.74547 0.948479 -0.0910277 0.303482 28.8736 
0.931637 -0.115117 -0.344675 11.5962 -0.183958 0.668583 -0.720525 14.4606 0.313388 0.734673 0.6017 -76.368 
0.932059 0.0528068 -0.358438 2.02133 -0.205439 0.891931 -0.402807 2.1618 0.298431 0.449077 0.842181 -59.8017 
0.933045 0.185626 -0.308171 0.206466 -0.199315 0.979846 -0.0132545 -2.26497 0.2995 0.07379 0.951239 -56.9469 
0.933045 0.185626 -0.308171 0.206464 -0.199315 0.979846 -0.0132545 -2.26497 0.2995 0.07379 0.951239 -56.9469 
0.798962 -0.462786 0.384042 76.4286 0.599969 0.657113 -0.456332 20.289 -0.0411756 0.595005 0.802666 -56.7765 
0.891007 0 -0.453991 -0.69105 0 1 0 -14.2151 0.453991 0 0.891007 -0.691943 
0.891007 0.000760668 -0.45399 -1.2414 0 0.999999 0.00167552 -15.5719 0.453991 -0.0014929 0.891005 0.886405 
0.878627 0.00615892 -0.477469 -1.89831 0.00257018 0.999841 0.0176266 -13.0596 0.477502 -0.0167144 0.878472 3.24591 
0.873992 0.314524 -0.370423 -45.8696 -0.093272 0.856686 0.507336 9.32877 0.476906 -0.408857 0.778072 59.2944 
0.873992 0.238065 -0.423631 -33.4133 -0.093272 0.93775 0.334552 -4.11235 0.476906 -0.252882 0.84179 33.8378 
0.950516 0.238065 -0.19961 -32.9643 -0.171437 0.93775 0.302049 -4.16507 0.259092 -0.252882 0.93216 34.0649 
0.874659 -0.342175 -0.343348 57.7587 0.43636 0.864258 0.250297 -2.84303 0.211096 -0.368748 0.905242 57.2055 
0.875828 -0.461174 0.142281 73.0224 0.429669 0.610816 -0.665047 29.8838 0.219795 0.643601 0.733122 -73.0898 
0.821371 -0.459832 0.337497 74.8694 0.570213 0.647048 -0.506148 23.228 0.0143665 0.608181 0.793669 -64.1958 
0.86761 -0.0141663 -0.497044 6.68268 -0.123391 0.962195 -0.242808 -5.29648 0.481692 0.271993 0.833062 -48.8526 
0.877249 -0.475756 -0.0639594 66.5635 -0.138789 -0.123823 -0.982551 134.681 0.459535 0.870818 -0.174653 -126.767 
0.877249 -0.455645 0.151072 65.2473 -0.138789 -0.542013 -0.82883 176.54 0.459535 0.706123 -0.538719 -111.612 
0.707277 -0.311752 -0.634483 31.7048 0.440426 0.896366 0.050529 -8.00055 0.552977 -0.315181 0.771283 29.4743 
0.318818 0.258024 -0.912019 3.94499 0.411165 0.829328 0.378362 -3.15527 0.85399 -0.495619 0.158314 34.5158 
0.320616 0.167247 -0.932327 5.04256 0.0234134 0.982588 0.184314 1.7195 0.94692 -0.080923 0.311118 27.733 
0.320616 0.167247 -0.932327 5.04256 0.0234134 0.982588 0.184314 1.7195 0.94692 -0.080923 0.311118 27.733 
0.931637 -0.11126 -0.345939 11.2051 -0.183957 0.67659 -0.713012 13.9902 0.313388 0.727906 0.609869 -75.8787 
0.931953 0.05685 -0.358095 1.6217 -0.205595 0.896364 -0.392763 1.89801 0.298655 0.439659 0.847057 -59.1658 
0.933919 0.180784 -0.308404 -0.0840607 -0.193329 0.981079 -0.0103443 -2.35077 0.300699 0.069284 0.951199 -56.3033 
0.933919 0.180784 -0.308404 -0.0840616 -0.193329 0.981079 -0.0103443 -2.35077 0.300699 0.069284 0.951199 -56.3033 
0.80736 -0.422162 0.412248 72.186 0.589453 0.608702 -0.531063 26.1694 -0.0267416 0.67176 0.740286 -69.461 
0.891007 0 -0.453991 -0.69105 0 1 0 -13.9107 0.453991 0 0.891007 -0.910536 
0.891007 0.001141 -0.453989 -1.28639 0 0.999997 0.00251327 -15.2652 0.453991 -0.00223934 0.891004 0.756107 
0.87854 0.00924008 -0.47758 -2.28478 0.00385796 0.999643 0.0264378 -12.7082 0.477654 -0.0250691 0.878191 4.0769 
0.87361 0.314394 -0.371433 -45.7974 -0.0919711 0.856196 0.508399 9.69402 0.477857 -0.409981 0.776896 59.0818 
0.87361 0.237745 -0.424598 -33.3099 -0.0919711 0.937472 0.335689 -3.78168 0.477857 -0.25421 0.840851 33.6588 
0.950379 0.237745 -0.20064 -32.8611 -0.17045 0.937472 0.303467 -3.83377 0.260243 -0.25421 0.931478 33.8864 
0.882083 -0.354897 -0.309802 59.4632 0.420218 0.890012 0.176904 -5.83954 0.212945 -0.286228 0.934199 43.593 
0.884246 -0.438278 0.161312 70.1263 0.409192 0.560584 -0.719935 36.7549 0.225103 0.702608 0.675034 -83.7632 
0.837782 -0.436339 0.328223 71.624 0.544206 0.618539 -0.566788 28.0499 0.0442926 0.653466 0.755659 -74.0546 
0.863233 0.0213787 -0.504353 1.07664 -0.136796 0.971626 -0.192949 -7.09178 0.485918 0.235553 0.841664 -43.4746 
0.876437 -0.468073 -0.11299 64.643 -0.161768 -0.065207 -0.984672 126.301 0.45353 0.881281 -0.132869 -127.694 
0.876437 -0.470232 0.103635 65.5354 -0.161768 -0.49026 -0.856433 168.759 0.45353 0.733844 -0.50575 -114.275 
0.708999 -0.316748 -0.630072 32.2046 0.436668 0.898753 0.0395487 -7.93839 0.553752 -0.303172 0.775529 28.0602 
0.322436 0.252179 -0.912382 4.45835 0.402622 0.83579 0.373296 -3.24937 0.856697 -0.487709 0.167956 33.3196 
0.326141 0.163326 -0.931105 5.49863 0.0138545 0.98403 0.177463 1.70561 0.94522 -0.0707778 0.318669 26.5861 
0.326141 0.163326 -0.931105 5.49864 0.0138545 0.98403 0.177463 1.70561 0.94522 -0.0707778 0.318669 26.5861 
0.931637 -0.107389 -0.34716 10.8127 -0.183958 0.684512 -0.70541 13.5285 0.313388 0.721049 0.617961 -75.3806 
0.931847 0.0608889 -0.357707 1.22188 -0.205748 0.900684 -0.382671 1.64456 0.29888 0.430188 0.851827 -58.5232 
0.934785 0.17593 -0.308587 -0.37483 -0.187325 0.98227 -0.00744802 -2.42617 0.301805 0.0647683 0.951167 -55.6558 
0.934785 0.17593 -0.308587 -0.37483 -0.187325 0.98227 -0.00744802 -2.42617 0.301805 0.0647683 0.951167 -55.6558 
0.815789 -0.378656 0.437159 67.4923 0.578173 0.552654 -0.600241 33.1422 -0.0143124 0.742424 0.669778 -81.4674 
0.891007 0 -0.45399 -0.69105 0 1 0 -13.6064 0.45399 0 0.891007 -1.12913 
0.891007 0.00152133 -0.453988 -1.33138 0 0.999994 0.00335103 -14.9584 0.45399 -0.00298579 0.891002 0.625807 
0.878457 0.012322 -0.477663 -2.67128 0.0051474 0.999365 0.0352466 -12.3467 0.477794 -0.0334213 0.877836 4.90739 
0.873232 0.314255 -0.372438 -45.7238 -0.090661 0.855705 0.509459 10.058 0.478797 -0.411111 0.77572 58.8701 
0.873232 0.237417 -0.425558 -33.2053 -0.090661 0.937193 0.336823 -3.45219 0.478797 -0.255543 0.839911 33.4807 
0.950245 0.237417 -0.201663 -32.7567 -0.169453 0.937193 0.304885 -3.50365 0.261382 -0.255543 0.930794 33.7088 
0.889564 -0.364603 -0.275211 60.6842 0.404022 0.909096 0.101538 -7.77127 0.213172 -0.201516 0.956006 29.7083 
0.89295 -0.413334 0.178312 66.8656 0.388099 0.506182 -0.770168 44.3828 0.228078 0.756924 0.61241 -93.8074 
0.854621 -0.410677 0.317752 68.0009 0.514568 0.587823 -0.624246 33.504 0.0695821 0.696999 0.713688 -83.5181 
0.858336 0.0572025 -0.50989 -4.59488 -0.149899 0.978367 -0.142578 -8.46054 0.490703 0.198812 0.848342 -38.0259 
0.874175 -0.457827 -0.161903 62.3398 -0.18557 -0.00684449 -0.982607 118.006 0.448756 0.889015 -0.0909425 -128.221 
0.874175 -0.482466 0.0551807 65.4578 -0.18557 -0.436899 -0.880161 160.878 0.448756 0.759174 -0.471457 -116.566 
0.710738 -0.321682 -0.625597 32.6981 0.432907 0.900987 0.0285369 -7.86095 0.554475 -0.291108 0.779624 26.6405 
0.3261 0.246358 -0.91267 4.96732 0.394063 0.842141 0.36812 -3.33058 0.859287 -0.479693 0.177541 32.116 
0.331689 0.159461 -0.929814 5.95032 0.00433537 0.985343 0.170531 1.70385 0.943379 -0.0605942 0.326136 25.433 
0.331689 0.159461 -0.929814 5.95032 0.00433537 0.985343 0.170531 1.70385 0.943379 -0.0605942 0.326136 25.433 
0.931637 -0.103504 -0.348338 10.4192 -0.183957 0.692348 -0.69772 13.0756 0.313388 0.714101 0.625977 -74.8737 
0.931741 0.0649235 -0.357273 0.821876 -0.205898 0.904891 -0.37253 1.4015 0.299107 0.420663 0.856491 -57.874 
0.935644 0.171064 -0.308719 -0.665849 -0.181304 0.983416 -0.00456479 -2.49112 0.302818 0.0602431 0.951142 -55.0044 
0.935644 0.171064 -0.308719 -0.665849 -0.181304 0.983416 -0.00456479 -2.49112 0.302818 0.0602431 0.951142 -55.0044 
0.824172 -0.332565 0.458411 62.3777 0.566326 0.489523 -0.663055 41.1471 -0.00389427 0.806082 0.591791 -92.6759 
0.891007 0 -0.45399 -0.69105 0 1 0 -13.302 0.45399 0 0.891007 -1.34772 
0.891007 0.00190167 -0.453987 -1.37637 0 0.999991 0.00418878 -14.6515 0.45399 -0.00373223 0.890999 0.495505 
0.878379 0.0154045 -0.477717 -3.05777 0.00643837 0.999008 0.0440523 -11.9751 0.477922 -0.0417703 0.877408 5.7373 
0.872858 0.314107 -0.373437 -45.6489 -0.0893418 0.855214 0.510517 10.4207 0.479725 -0.412245 0.774543 58.6593 
0.872858 0.237081 -0.426511 -33.0996 -0.0893418 0.936912 0.337955 -3.12386 0.479725 -0.256881 0.838973 33.3035 
0.950113 0.237081 -0.202678 -32.6512 -0.168447 0.936912 0.306302 -3.17467 0.26251 -0.256881 0.930108 33.5321 
0.897041 -0.371209 -0.239834 61.411 0.387901 0.921368 0.0247798 -8.62175 0.211777 -0.11526 0.970498 15.6547 
0.901845 -0.386497 0.193123 63.2612 0.366602 0.447975 -0.815427 52.7169 0.228645 0.806188 0.545695 -103.154 
0.871656 -0.382868 0.305987 64.0114 0.48181 0.554913 -0.678182 39.567 0.0898577 0.738569 0.668163 -92.5254 
0.852929 0.0932113 -0.513637 -10.3169 -0.162662 0.982399 -0.0918331 -9.39824 0.496037 0.161877 0.853079 -32.5234 
0.870409 -0.445053 -0.210512 59.6595 -0.21005 0.0510182 -0.976359 109.832 0.445271 0.89405 -0.0490765 -128.353 
0.870409 -0.492293 0.00589153 65.0116 -0.21005 -0.382153 -0.89991 152.931 0.445271 0.782053 -0.436035 -118.484 
0.712495 -0.326551 -0.62106 33.1853 0.429145 0.903066 0.0174955 -7.76815 0.555145 -0.27899 0.783568 25.2154 
0.329808 0.240563 -0.912883 5.47177 0.385488 0.848381 0.362835 -3.39881 0.861757 -0.471571 0.187069 30.9051 
0.337259 0.155652 -0.928455 6.39751 -0.00514261 0.986527 0.163519 1.71428 0.941398 -0.0503737 0.333516 24.2739 
0.337259 0.155652 -0.928455 6.39751 -0.00514261 0.986527 0.163519 1.71428 0.941398 -0.0503737 0.333516 24.2739 
0.931637 -0.0996067 -0.349472 10.0245 -0.183958 0.700099 -0.689943 12.6318 0.313388 0.707065 0.633914 -74.3582 
0.931635 0.0689529 -0.356795 0.421774 -0.206046 0.908984 -0.362343 1.1689 0.299336 0.411088 0.861049 -57.2184 
0.936496 0.166186 -0.308801 -0.957041 -0.175267 0.98452 -0.00169513 -2.54562 0.303739 0.0557101 0.951125 -54.3492 
0.936496 0.166186 -0.308801 -0.957039 -0.175267 0.98452 -0.00169513 -2.54562 0.303739 0.0557101 0.951125 -54.3492 
0.832434 -0.28423 0.475675 56.8781 0.554105 0.419956 -0.718752 50.1124 0.00452838 0.861888 0.507079 -102.974 
0.891007 0 -0.45399 -0.69105 0 1 0 -12.9977 0.45399 0 0.891007 -1.56631 
0.891007 0.002282 -0.453985 -1.42135 0 0.999987 0.00502653 -14.3445 0.45399 -0.00447867 0.890995 0.365201 
0.878305 0.0184872 -0.477744 -3.44423 0.00773078 0.998572 0.0528543 -11.5936 0.478039 -0.0501155 0.876908 6.56654 
0.872489 0.313949 -0.374431 -45.5727 -0.0880135 0.854721 0.511571 10.7822 0.480642 -0.413385 0.773367 58.4494 
0.872489 0.236736 -0.427456 -32.9928 -0.0880135 0.93663 0.339083 -2.79671 0.480642 -0.258224 0.838036 33.1271 
0.949984 0.236736 -0.203685 -32.5445 -0.167431 0.93663 0.307719 -2.84682 0.263625 -0.258224 0.92942 33.3562 
0.904459 -0.374653 -0.203935 61.6368 0.371981 0.926738 -0.0527832 -8.38295 0.20877 -0.0281198 0.97756 1.53693 
0.910831 -0.357933 0.2056 59.3364 0.344922 0.386357 -0.855428 61.7011 0.226751 0.850066 0.475364 -111.739 
0.888635 -0.352938 0.292854 59.669 0.446479 0.519838 -0.728302 46.211 0.104809 0.777948 0.619526 -101.017 
0.847026 0.129311 -0.515584 -16.0744 -0.175045 0.983712 -0.0408536 -9.90173 0.501903 0.124855 0.855865 -26.9842 
0.865095 -0.429792 -0.258629 56.6091 -0.235055 0.108138 -0.965948 101.816 0.443125 0.896429 -0.00747497 -128.096 
0.865095 -0.49967 -0.0440453 64.1953 -0.235055 -0.32625 -0.915593 144.953 0.443125 0.802428 -0.399687 -120.025 
0.714269 -0.331356 -0.61646 33.666 0.425381 0.904992 0.00642653 -7.65997 0.555762 -0.266821 0.78736 23.7852 
0.333562 0.234794 -0.913022 5.97162 0.376899 0.854507 0.357442 -3.45401 0.864109 -0.463346 0.196538 29.687 
0.342851 0.151899 -0.927027 6.84014 -0.0145778 0.987582 0.15643 1.73696 0.939277 -0.0401182 0.340808 23.1088 
0.342851 0.151899 -0.927027 6.84014 -0.0145778 0.987582 0.15643 1.73696 0.939277 -0.0401182 0.340808 23.1088 
0.931637 -0.095697 -0.350563 9.62871 -0.183957 0.707762 -0.68208 12.197 0.313388 0.69994 0.641773 -73.8341 
0.931528 0.0729767 -0.356271 0.0216184 -0.206191 0.912964 -0.352112 0.946838 0.299567 0.401462 0.865499 -56.5564 
0.93734 0.161297 -0.308833 -1.24837 -0.169215 0.985578 0.00116181 -2.58959 0.304567 0.0511703 0.951116 -53.6905 
0.93734 0.161297 -0.308833 -1.24837 -0.169215 0.985578 0.00116181 -2.58959 0.304567 0.0511703 0.951116 -53.6905 
0.840505 -0.234037 0.488649 51.0345 0.541692 0.344694 -0.766652 59.9552 0.0109905 0.909072 0.416494 -112.257 
0.891007 0 -0.453991 -0.69105 0 1 0 -12.6934 0.453991 0 0.891007 -1.78491 
0.891007 0.00266233 -0.453983 -1.46634 0 0.999983 0.00586428 -14.0374 0.453991 -0.00522511 0.890991 0.234896 
0.878235 0.02157 -0.477743 -3.83062 0.0090245 0.998057 0.0616518 -11.202 0.478145 -0.0584561 0.876334 7.39503 
0.872124 0.313782 -0.37542 -45.4951 -0.0866763 0.854228 0.512622 11.1425 0.481546 -0.41453 0.772191 58.2405 
0.872124 0.236383 -0.428395 -32.8847 -0.0866763 0.936346 0.340209 -2.47067 0.481546 -0.259573 0.837099 32.9517 
0.949857 0.236383 -0.204684 -32.4366 -0.166406 0.936346 0.309135 -2.52016 0.264729 -0.259573 0.92873 33.1813 
0.911756 -0.374898 -0.167785 61.3581 0.356389 0.925171 -0.130556 -7.05505 0.204175 0.0592383 0.97714 -12.54 
0.919806 -0.327822 0.215615 55.1171 0.323281 0.321741 -0.889928 71.2748 0.222366 0.888266 0.401917 -119.504 
0.905292 -0.320927 0.278301 54.9896 0.409152 0.482647 -0.774369 53.4034 0.114194 0.814898 0.568244 -108.934 
0.840637 0.165406 -0.515723 -21.8521 -0.18701 0.982305 0.010221 -9.96895 0.508287 0.0878531 0.856695 -21.4257 
0.858194 -0.412099 -0.306067 53.1972 -0.260428 0.164279 -0.951414 93.9919 0.442358 0.896207 0.0336609 -127.462 
0.858194 -0.504564 -0.0944391 63.0089 -0.260428 -0.26942 -0.927141 136.979 0.442358 0.820261 -0.362617 -121.189 
0.716059 -0.336096 -0.6118 34.1403 0.421617 0.906762 -0.0046681 -7.53636 0.556326 -0.254603 0.790999 22.35 
0.337359 0.229052 -0.913085 6.4668 0.368297 0.86052 0.351941 -3.4961 0.866341 -0.455017 0.205945 28.4621 
0.348463 0.148203 -0.925532 7.27814 -0.0239682 0.988507 0.149264 1.77193 0.937016 -0.0298295 0.34801 21.938 
0.348463 0.148203 -0.925532 7.27814 -0.0239682 0.988507 0.149264 1.77193 0.937016 -0.0298295 0.34801 21.938 
0.931637 -0.0917753 -0.35161 9.23192 -0.183957 0.715336 -0.674132 11.7714 0.313388 0.692728 0.649551 -73.3016 
0.931422 0.0769944 -0.355703 -0.378545 -0.206333 0.916829 -0.341836 0.735374 0.299799 0.391787 0.869841 -55.8882 
0.938176 0.156397 -0.308815 -1.53982 -0.16315 0.986593 0.00400591 -2.62305 0.305301 0.0466248 0.951114 -53.0282 
0.938176 0.156397 -0.308815 -1.53982 -0.16315 0.986593 0.00400591 -2.62305 0.305301 0.0466248 0.951114 -53.0282 
0.848316 -0.182411 0.497077 44.8924 0.529262 0.264561 -0.806157 70.5828 0.0155442 0.946961 0.320974 -120.429 
0.891007 0 -0.45399 -0.69105 0 1 0 -12.389 0.45399 0 0.891007 -2.0035 
0.891007 0.00304265 -0.45398 -1.51132 0 0.999978 0.00670202 -13.7302 0.45399 -0.00597154 0.890987 0.104588 
0.878169 0.0246525 -0.477714 -4.21692 0.0103194 0.997462 0.0704442 -10.8004 0.478238 -0.0667917 0.875687 8.22269 
0.871764 0.313605 -0.376404 -45.4161 -0.0853304 0.853734 0.51367 11.5015 0.482438 -0.41568 0.771014 58.0325 
0.871764 0.236022 -0.429327 -32.7756 -0.0853304 0.936061 0.341333 -2.14577 0.482438 -0.260927 0.836164 32.7772 
0.949732 0.236022 -0.205675 -32.3276 -0.165372 0.936061 0.31055 -2.1946 0.265821 -0.260927 0.928039 33.0072 
0.918877 -0.37193 -0.131658 60.5757 0.341248 0.916684 -0.207942 -4.64682 0.198028 0.146145 0.96924 -26.4711 
0.928665 -0.296354 0.223059 50.631 0.301906 0.254562 -0.918723 81.3734 0.215485 0.920528 0.325874 -126.396 
0.921356 -0.286884 0.262299 49.9917 0.370425 0.443407 -0.816196 61.1065 0.117848 0.849169 0.514804 -116.22 
0.83378 0.201402 -0.514051 -27.6349 -0.198519 0.978181 0.0612513 -9.59908 0.515171 0.0509788 0.85557 -15.865 
0.849675 -0.392038 -0.352644 49.434 -0.286007 0.219211 -0.932817 86.3944 0.443003 0.89345 0.0741323 -126.459 
0.849675 -0.50695 -0.145096 61.4541 -0.286007 -0.211895 -0.934506 129.044 0.443003 0.835525 -0.325033 -121.978 
0.717866 -0.340769 -0.607079 34.6079 0.417854 0.908377 -0.0157865 -7.3973 0.556836 -0.242338 0.794485 20.9101 
0.3412 0.223339 -0.913073 6.95721 0.359684 0.866417 0.346335 -3.52502 0.868453 -0.446587 0.21529 27.2304 
0.354094 0.144566 -0.923968 7.71142 -0.0333125 0.989303 0.142022 1.81925 0.934616 -0.0195094 0.355122 20.7617 
0.354094 0.144566 -0.923968 7.71142 -0.0333125 0.989303 0.142022 1.81925 0.934616 -0.0195094 0.355122 20.7617 
0.931637 -0.0878421 -0.352614 8.83413 -0.183957 0.722821 -0.6661 11.3551 0.313388 0.685429 0.657248 -72.7607 
0.931316 0.0810055 -0.35509 -0.778676 -0.206472 0.920579 -0.331518 0.53458 0.300034 0.382064 0.874075 -55.2138 
0.939004 0.151486 -0.308746 -1.83134 -0.157072 0.987563 0.00683767 -2.64591 0.305942 0.0420746 0.95112 -52.3625 
0.939004 0.151486 -0.308746 -1.83134 -0.157072 0.987563 0.00683767 -2.6459 0.305942 0.0420746 0.95112 -52.3625 
0.855807 -0.129807 0.500744 38.5019 0.516973 0.180452 -0.836765 81.8932 0.0182573 0.974981 0.221539 -127.408 
0.891007 0 -0.45399 -0.69105 0 1 0 -12.0847 0.45399 0 0.891007 -2.22209 
0.891007 0.00342298 -0.453978 -1.5563 0 0.999972 0.00753975 -13.423 0.45399 -0.00671797 0.890981 -0.025722 
0.878109 0.0277345 -0.477657 -4.60308 0.0116155 0.996789 0.0792307 -10.3888 0.47832 -0.0751213 0.874967 9.04944 
0.871408 0.313419 -0.377382 -45.3359 -0.0839757 0.853239 0.514715 11.8593 0.483318 -0.416836 0.769838 57.8254 
0.871408 0.235653 -0.430251 -32.6653 -0.0839757 0.935774 0.342453 -1.82204 0.483318 -0.262286 0.83523 32.6036 
0.94961 0.235653 -0.206658 -32.2175 -0.164328 0.935774 0.311965 -1.87019 0.266901 -0.262286 0.927346 32.8341 
0.925763 -0.365759 -0.0958263 59.2938 0.326679 0.901346 -0.284351 -1.17514 0.190376 0.231937 0.953919 -40.1528 
0.937303 -0.263729 0.227838 45.9081 0.281024 0.185272 -0.941647 91.9284 0.206128 0.946637 0.24777 -132.368 
0.936544 -0.250874 0.244843 44.6963 0.330913 0.402208 -0.853654 69.2781 0.115682 0.880506 0.459703 -122.823 
0.824538 0.196105 -0.530735 -26.8459 -0.214997 0.976249 0.0267069 -9.19121 0.523367 0.0920857 0.847117 -22.5418 
0.843294 -0.397374 -0.361869 50.2964 -0.310333 0.1897 -0.931508 90.179 0.438804 0.897835 0.0366544 -128.686 
0.843294 -0.515791 -0.151048 62.6733 -0.310333 -0.237845 -0.920393 132.516 0.438804 0.823037 -0.36064 -122.53 
0.719689 -0.345375 -0.602299 35.0689 0.414091 0.909837 -0.0269266 -7.24277 0.557294 -0.230028 0.797817 19.4657 
0.345083 0.217656 -0.912986 7.44277 0.351062 0.872199 0.340624 -3.54074 0.870444 -0.438058 0.22457 25.9921 
0.359744 0.140987 -0.922338 8.13992 -0.0426089 0.989969 0.134706 1.87894 0.932078 -0.00915973 0.362143 19.58 
0.359744 0.140987 -0.922338 8.13992 -0.0426089 0.989969 0.134706 1.87894 0.932078 -0.00915973 0.362143 19.58 
0.931637 -0.083898 -0.353573 8.4354 -0.183957 0.730217 -0.657984 10.948 0.313388 0.678045 0.664863 -72.2115 
0.93121 0.0850095 -0.354432 -1.17871 -0.206608 0.924213 -0.321158 0.34449 0.300269 0.372294 0.8782 -54.5334 
0.939824 0.146565 -0.308627 -2.12288 -0.150983 0.988489 0.00965708 -2.65819 0.30649 0.0375213 0.951134 -51.6936 
0.939824 0.146565 -0.308627 -2.12288 -0.150983 0.988489 0.00965708 -2.65819 0.30649 0.0375213 0.951134 -51.6936 
0.862919 -0.0767133 0.499486 31.9169 0.504978 0.0933256 -0.858072 93.7764 0.0192106 0.992676 0.119271 -133.122 
0.891007 0 -0.45399 -0.69105 0 1 0 -11.7803 0.45399 0 0.891007 -2.44069 
0.891007 0.0038033 -0.453975 -1.60128 0 0.999965 0.00837749 -13.1157 0.45399 -0.0074644 0.890975 -0.156034 
0.878052 0.0308158 -0.477572 -4.98907 0.0129125 0.996036 0.0880106 -9.96722 0.478391 -0.0834446 0.874173 9.87518 
0.871056 0.313224 -0.378354 -45.2543 -0.0826126 0.852742 0.515758 12.2159 0.484186 -0.417997 0.768663 57.6193 
0.871056 0.235276 -0.431169 -32.5539 -0.0826126 0.935486 0.343571 -1.4994 0.484186 -0.263649 0.834298 32.431 
0.949491 0.235276 -0.207634 -32.1063 -0.163276 0.935486 0.313379 -1.54688 0.267969 -0.263649 0.926651 32.6619 
0.932361 -0.356421 -0.0605652 57.5208 0.312797 0.879282 -0.359196 3.33488 0.181279 0.315956 0.931295 -53.4831 
0.945613 -0.230156 0.229878 40.9801 0.260859 0.114336 -0.958582 102.868 0.19434 0.966414 0.168156 -137.379 
0.950572 -0.212974 0.225952 39.1267 0.291233 0.359168 -0.886669 77.8713 0.107683 0.908648 0.403441 -128.692 
0.814527 0.168232 -0.555197 -22.4655 -0.234742 0.970759 -0.050236 -8.04933 0.530511 0.171247 0.830201 -35.1982 
0.839515 -0.414935 -0.350775 53.4928 -0.332879 0.117457 -0.935626 99.8804 0.429425 0.902237 -0.0395162 -132.075 
0.839515 -0.526711 -0.133378 65.2333 -0.332879 -0.304582 -0.892425 141.773 0.429425 0.793603 -0.431032 -122.554 
0.721528 -0.349913 -0.59746 35.5231 0.41033 0.911142 -0.0380866 -7.07273 0.557697 -0.217675 0.800994 18.0169 
0.349008 0.212003 -0.912824 7.9234 0.342432 0.877864 0.334808 -3.54317 0.872315 -0.42943 0.233785 24.7474 
0.365411 0.137467 -0.92064 8.56355 -0.0518558 0.990506 0.127317 1.95106 0.929401 0.00121751 0.36907 18.3931 
0.365411 0.137467 -0.92064 8.56355 -0.0518558 0.990506 0.127317 1.95106 0.929401 0.00121751 0.36907 18.3931 
0.931637 -0.0799433 -0.354488 8.03579 -0.183958 0.737521 -0.649787 10.5505 0.313388 0.670576 0.672395 -71.6542 
0.931103 0.0890059 -0.353729 -1.5786 -0.206742 0.927732 -0.310759 0.165195 0.300507 0.362479 0.882216 -53.8471 
0.940635 0.141634 -0.308457 -2.41443 -0.144884 0.98937 0.0124648 -2.65985 0.306943 0.0329657 0.951157 -51.0215 
0.940635 0.141634 -0.308457 -2.41443 -0.144884 0.98937 0.0124648 -2.65985 0.306943 0.0329657 0.951157 -51.0215 
0.8696 -0.0236403 0.49319 25.1947 0.493409 0.00418916 -0.869787 106.116 0.018496 0.999712 0.0153071 -137.511 
0.891007 0 -0.453991 -0.69105 0 1 0 -11.476 0.453991 0 0.891007 -2.65928 
0.891007 0.00418362 -0.453971 -1.64626 0 0.999958 0.00921521 -12.8083 0.453991 -0.00821081 0.890969 -0.286348 
0.878 0.033896 -0.477459 -5.37487 0.0142103 0.995204 0.0967834 -9.53567 0.47845 -0.0917606 0.873307 10.6998 
0.870709 0.313019 -0.379321 -45.1715 -0.0812409 0.852245 0.516797 12.5712 0.485042 -0.419163 0.767487 57.4141 
0.870709 0.23489 -0.432079 -32.4414 -0.0812409 0.935196 0.344686 -1.17792 0.485042 -0.265018 0.833366 32.2593 
0.949375 0.23489 -0.208601 -31.994 -0.162215 0.935196 0.314793 -1.22472 0.269024 -0.265018 0.925954 32.4907 
0.938615 -0.343973 -0.0261449 55.2686 0.299711 0.850664 -0.431908 8.85013 0.170805 0.397559 0.901539 -66.3629 
0.953491 -0.195849 0.229123 35.8803 0.241632 0.0422321 -0.969449 114.117 0.180189 0.979724 0.0875913 -141.395 
0.963159 -0.173277 0.205669 33.3088 0.252 0.314431 -0.915221 86.8347 0.0939177 0.933332 0.346512 -133.78 
0.80491 0.138168 -0.577086 -17.7461 -0.255099 0.958632 -0.126288 -5.87987 0.535764 0.248865 0.80686 -47.6143 
0.836967 -0.430836 -0.337442 56.5507 -0.353813 0.0443993 -0.934262 109.91 0.417495 0.901338 -0.115275 -134.755 
0.836967 -0.535157 -0.114424 67.5713 -0.353813 -0.369648 -0.859172 151.112 0.417495 0.759584 -0.498729 -121.931 
0.723383 -0.354382 -0.592563 35.9705 0.406571 0.91229 -0.0492645 -6.88717 0.558048 -0.205282 0.804016 16.564 
0.352974 0.206381 -0.912588 8.39898 0.333795 0.88341 0.328889 -3.53229 0.874065 -0.420706 0.242932 23.4965 
0.371094 0.134006 -0.918875 8.98224 -0.0610518 0.990912 0.119856 2.03565 0.926586 0.0116211 0.375903 17.2012 
0.371094 0.134006 -0.918875 8.98224 -0.0610518 0.990912 0.119856 2.03565 0.926586 0.0116211 0.375903 17.2012 
0.931637 -0.0759788 -0.355359 7.63534 -0.183957 0.744733 -0.641508 10.1624 0.313388 0.663024 0.679844 -71.0887 
0.930997 0.0929942 -0.352982 -1.9783 -0.206873 0.931134 -0.300321 -0.00325012 0.300746 0.35262 0.886122 -53.155 
0.941438 0.136692 -0.308237 -2.70593 -0.138777 0.990206 0.0152609 -2.65084 0.307304 0.0284089 0.951187 -50.3464 
0.941438 0.136692 -0.308237 -2.70593 -0.138777 0.990206 0.0152609 -2.65084 0.307304 0.0284089 0.951187 -50.3464 
0.875805 0.0288846 0.481799 18.3951 0.482392 -0.0859141 -0.871732 118.789 0.0162137 0.995884 -0.0891778 -140.531 
0.891007 0 -0.45399 -0.69105 0 1 0 -11.1716 0.45399 0 0.891007 -2.87787 
0.891007 0.00456394 -0.453968 -1.69124 0 0.999949 0.0100529 -12.5008 0.45399 -0.00895723 0.890961 -0.416665 
0.877952 0.0369749 -0.477318 -5.76044 0.015509 0.994293 0.105548 -9.09412 0.478497 -0.100069 0.872369 11.5233 
0.870366 0.312806 -0.380282 -45.0873 -0.079861 0.851746 0.517833 12.9254 0.485885 -0.420335 0.766312 57.2099 
0.870366 0.234497 -0.432982 -32.3279 -0.079861 0.934904 0.345798 -0.857513 0.485885 -0.266393 0.832436 32.0885 
0.949261 0.234497 -0.20956 -31.8806 -0.161145 0.934904 0.316206 -0.903641 0.270068 -0.266393 0.925256 32.3203 
0.944477 -0.3285 0.00716987 52.5529 0.287527 0.815717 -0.50193 15.3299 0.159036 0.476122 0.864879 -78.6965 
0.960834 -0.16103 0.225538 30.6433 0.223557 -0.0305565 -0.974212 125.6 0.163769 0.986476 0.00663981 -144.39 
0.974026 -0.131889 0.184063 27.2705 0.21382 0.268166 -0.939344 96.1126 0.0745301 0.954302 0.289401 -138.046 
0.795764 0.106152 -0.596231 -12.7243 -0.275918 0.939949 -0.200908 -2.69524 0.539101 0.324387 0.777267 -59.7038 
0.835681 -0.444893 -0.322035 59.4392 -0.372865 -0.0290671 -0.92743 120.217 0.403247 0.895112 -0.190176 -136.7 
0.835681 -0.541038 -0.0944145 69.6652 -0.372865 -0.432684 -0.820826 160.486 0.403247 0.721153 -0.563321 -120.657 
0.725252 -0.358781 -0.58761 36.4109 0.402815 0.913283 -0.0604583 -6.68605 0.558345 -0.192851 0.806883 15.1073 
0.356981 0.200792 -0.912276 8.86947 0.325152 0.888837 0.322868 -3.50801 0.875694 -0.411887 0.25201 22.2396 
0.376793 0.130606 -0.917044 9.39592 -0.070195 0.991189 0.112325 2.13275 0.923634 0.0220486 0.382641 16.0043 
0.376793 0.130606 -0.917044 9.39592 -0.070195 0.991189 0.112325 2.13275 0.923634 0.0220486 0.382641 16.0043 
0.931637 -0.0720047 -0.356185 7.23409 -0.183957 0.751852 -0.63315 9.78391 0.313388 0.655388 0.687207 -70.5153 
0.930891 0.096974 -0.35219 -2.37777 -0.207001 0.93442 -0.289845 -0.160793 0.300986 0.342718 0.889917 -52.4572 
0.942232 0.131742 -0.307965 -2.99736 -0.132662 0.990997 0.0180458 -2.63116 0.30757 0.023852 0.951226 -49.6683 
0.942232 0.131742 -0.307965 -2.99736 -0.132662 0.990997 0.0180458 -2.63116 0.30757 0.023852 0.951226 -49.6683 
0.881492 0.0803235 0.465317 11.58 0.472034 -0.175919 -0.86385 131.67 0.0124706 0.981122 -0.192986 -142.153 
0.891007 0 -0.45399 -0.69105 0 1 0 -10.8673 0.45399 0 0.891007 -3.09646 
0.891007 0.00494425 -0.453964 -1.73622 0 0.999941 0.0108906 -12.1932 0.45399 -0.00970364 0.890954 -0.546984 
0.877909 0.0400523 -0.47715 -6.14574 0.0168083 0.993304 0.114304 -8.6426 0.478533 -0.108369 0.871357 12.3456 
0.870028 0.312583 -0.381238 -45.0019 -0.0784728 0.851246 0.518866 13.2784 0.486716 -0.421511 0.765138 57.0068 
0.870028 0.234096 -0.433877 -32.2132 -0.0784728 0.934611 0.346907 -0.538208 0.486716 -0.267772 0.831508 31.9187 
0.949149 0.234096 -0.21051 -31.7661 -0.160066 0.934611 0.317618 -0.583664 0.271099 -0.267772 0.924556 32.151 
0.949896 -0.310108 0.0391205 49.3929 0.27634 0.774715 -0.568729 22.726 0.14606 0.551044 0.821594 -90.3923 
0.96754 -0.125926 0.219108 25.3051 0.206842 -0.103541 -0.97288 137.238 0.145197 0.986622 -0.0741332 -146.344 
0.982903 -0.0889366 0.161221 21.0423 0.177279 0.220576 -0.959124 105.646 0.0497396 0.971307 0.232571 -141.453 
0.787158 0.0724336 -0.612483 -7.43922 -0.297043 0.914837 -0.273566 1.48477 0.540507 0.397273 0.741637 -71.3836 
0.835672 -0.456937 -0.304731 62.1284 -0.389786 -0.102528 -0.91518 130.745 0.386936 0.88357 -0.263788 -137.892 
0.835672 -0.544278 -0.0735825 71.4944 -0.389786 -0.49334 -0.777613 169.844 0.386936 0.678511 -0.624423 -118.732 
0.727137 -0.36311 -0.5826 36.8444 0.399063 0.914119 -0.071666 -6.46936 0.558589 -0.180383 0.809593 13.6469 
0.361027 0.195237 -0.911889 9.33478 0.316507 0.894145 0.316746 -3.4703 0.877202 -0.402973 0.261017 20.9768 
0.382506 0.127267 -0.915146 9.80451 -0.0792838 0.991336 0.104724 2.24239 0.920545 0.0324987 0.389282 14.8028 
0.382506 0.127267 -0.915146 9.80451 -0.0792838 0.991336 0.104724 2.24239 0.920545 0.0324987 0.389282 14.8028 
0.931637 -0.0680217 -0.356967 6.83211 -0.183957 0.758877 -0.624712 9.41515 0.313388 0.647672 0.694485 -69.9341 
0.930785 0.100945 -0.351354 -2.77693 -0.207126 0.937588 -0.279333 -0.307369 0.301228 0.332774 0.893601 -51.7538 
0.943017 0.126782 -0.307644 -3.28866 -0.126541 0.991743 0.0208195 -2.60077 0.307743 0.0192965 0.951274 -48.9875 
0.943017 0.126782 -0.307644 -3.28866 -0.126541 0.991743 0.0208195 -2.60077 0.307743 0.0192965 0.951274 -48.9875 
0.886624 0.130134 0.443805 4.81292 0.462432 -0.264752 -0.846205 144.63 0.00737814 0.955495 -0.294914 -142.36 
0.891007 0 -0.45399 -0.69105 0 1 0 -10.5629 0.45399 0 0.891007 -3.31506 
0.891007 0.00532456 -0.453959 -1.7812 0 0.999931 0.0117284 -11.8856 0.45399 -0.01045 0.890945 -0.677305 
0.87787 0.0431279 -0.476953 -6.53075 0.0181081 0.992235 0.123051 -8.18115 0.478556 -0.11666 0.870273 13.1665 
0.869695 0.312351 -0.382188 -44.9152 -0.0770766 0.850745 0.519896 13.6302 0.487535 -0.422693 0.763964 56.8046 
0.869695 0.233687 -0.434765 -32.0975 -0.0770766 0.934315 0.348014 -0.220016 0.487535 -0.269156 0.830581 31.7499 
0.94904 0.233687 -0.211453 -31.6505 -0.158979 0.934315 0.31903 -0.264786 0.272117 -0.269156 0.923855 31.9826 
0.954828 -0.288926 0.0694582 45.8114 0.266242 0.727976 -0.631796 30.9833 0.131978 0.621749 0.772017 -101.363 
0.973514 -0.0907633 0.209837 19.9023 0.19168 -0.17623 -0.965506 148.95 0.124612 0.980156 -0.154165 -147.244 
0.989533 -0.0445591 0.137256 14.6564 0.142937 0.17189 -0.974691 115.371 0.0198383 0.984108 0.17646 -143.968 
0.779161 0.0372794 -0.625715 -1.93213 -0.318316 0.883469 -0.343741 6.63332 0.539985 0.467005 0.700231 -82.5729 
0.836932 -0.466807 -0.285719 64.589 -0.404351 -0.175563 -0.897596 141.438 0.368843 0.866758 -0.335688 -138.316 
0.836932 -0.544815 -0.0521679 73.039 -0.404351 -0.551275 -0.729792 179.138 0.368843 0.63188 -0.681676 -116.161 
0.729036 -0.367368 -0.577536 37.2708 0.395314 0.914799 -0.0828857 -6.2371 0.558778 -0.167882 0.812147 12.1831 
0.365113 0.189715 -0.911428 9.79481 0.307859 0.899331 0.310524 -3.41913 0.878587 -0.393968 0.269952 19.7083 
0.388232 0.12399 -0.913183 10.2079 -0.0883167 0.991353 0.0970565 2.36461 0.91732 0.0429689 0.395825 13.5967 
0.388232 0.12399 -0.913183 10.2079 -0.0883167 0.991353 0.0970565 2.36461 0.91732 0.0429689 0.395825 13.5967 
0.931637 -0.0640302 -0.357705 6.42945 -0.183957 0.765808 -0.616196 9.05613 0.313388 0.639874 0.701676 -69.345 
0.930679 0.104906 -0.350474 -3.17576 -0.207248 0.940639 -0.268787 -0.442921 0.301472 0.322789 0.897174 -51.045 
0.943793 0.121814 -0.307271 -3.57981 -0.120415 0.992444 0.0235824 -2.55966 0.307822 0.0147431 0.95133 -48.304 
0.943793 0.121814 -0.307271 -3.57981 -0.120415 0.992444 0.0235824 -2.55966 0.307822 0.0147431 0.95133 -48.304 
0.89117 0.177778 0.417385 -1.8423 0.453668 -0.351351 -0.818986 157.54 0.00105068 0.91921 -0.393766 -141.155 
0.891007 0 -0.45399 -0.69105 0 1 0 -10.2586 0.45399 0 0.891007 -3.53365 
0.891007 0.00570487 -0.453955 -1.82617 0 0.999921 0.012566 -11.5778 0.45399 -0.0111964 0.890936 -0.80763 
0.877836 0.0462015 -0.476729 -6.91543 0.0194084 0.991088 0.131788 -7.70975 0.478569 -0.124941 0.869115 13.986 
0.869366 0.31211 -0.383132 -44.8273 -0.0756724 0.850243 0.520923 13.9808 0.48834 -0.42388 0.76279 56.6034 
0.869366 0.233271 -0.435646 -31.9808 -0.0756724 0.934018 0.349118 0.0971069 0.48834 -0.270545 0.829656 31.582 
0.948934 0.233271 -0.212387 -31.5339 -0.157884 0.934018 0.320441 0.0530396 0.273123 -0.270545 0.923152 31.8151 
0.959232 -0.265106 0.0979453 41.8346 0.257311 0.675863 -0.690652 40.0401 0.116898 0.687697 0.716524 -111.529 
0.978665 -0.0557735 0.197749 14.4724 0.178257 -0.248137 -0.952183 160.658 0.102175 0.967118 -0.232901 -147.084 
0.993674 0.0010863 0.112296 8.14712 0.11132 0.122367 -0.986222 125.222 -0.0148128 0.992485 0.121472 -145.566 
0.771835 0.000965506 -0.635823 3.75413 -0.339579 0.84606 -0.410935 12.7166 0.537548 0.533086 0.653347 -93.195 
0.839439 -0.474356 -0.265196 66.7926 -0.416364 -0.247747 -0.874793 152.236 0.349262 0.844753 -0.405473 -137.964 
0.839439 -0.542603 -0.0304125 74.2807 -0.416364 -0.606157 -0.677653 188.316 0.349262 0.581511 -0.734752 -112.95 
0.730949 -0.371554 -0.572417 37.6901 0.391571 0.915322 -0.0941155 -5.98922 0.558915 -0.155348 0.814544 10.716 
0.369237 0.18423 -0.910892 10.2495 0.299212 0.904396 0.304203 -3.35443 0.87985 -0.384872 0.278813 18.4343 
0.393971 0.120774 -0.911153 10.6062 -0.0972921 0.991239 0.0893219 2.49943 0.913959 0.0534579 0.40227 12.3863 
0.393971 0.120774 -0.911153 10.6062 -0.0972921 0.991239 0.0893219 2.49943 0.913959 0.0534579 0.40227 12.3863 
0.931637 -0.0600306 -0.358398 6.02615 -0.183957 0.772643 -0.607604 8.70698 0.313388 0.631996 0.70878 -68.7482 
0.930573 0.108857 -0.349549 -3.5742 -0.207367 0.943572 -0.258207 -0.567417 0.301717 0.312765 0.900636 -50.3308 
0.94456 0.116837 -0.306848 -3.87078 -0.114286 0.993099 0.0263349 -2.50782 0.307807 0.0101933 0.951394 -47.6179 
0.94456 0.116837 -0.306848 -3.87078 -0.114286 0.993099 0.0263349 -2.50782 0.307807 0.0101933 0.951394 -47.6179 
0.895103 0.222728 0.386242 -8.32176 0.445814 -0.434673 -0.782502 170.27 -0.00639656 0.872612 -0.488373 -138.552 
0.891007 0 -0.45399 -0.69105 0 1 0 -9.95425 0.45399 0 0.891007 -3.75224 
0.891007 0.00608517 -0.45395 -1.87115 0 0.99991 0.0134037 -11.27 0.45399 -0.0119428 0.890926 -0.937956 
0.877806 0.0492727 -0.476476 -7.29975 0.0207089 0.989862 0.140514 -7.22842 0.478569 -0.133211 0.867886 14.804 
0.869042 0.31186 -0.38407 -44.7381 -0.0742603 0.849739 0.521947 14.3302 0.489134 -0.425072 0.761618 56.4032 
0.869042 0.232846 -0.436519 -31.8629 -0.0742603 0.933719 0.350219 0.413132 0.489134 -0.271939 0.828732 31.4151 
0.948831 0.232846 -0.213313 -31.4162 -0.15678 0.933719 0.321851 0.369736 0.274116 -0.271939 0.922447 31.6486 
0.963069 -0.238818 0.124357 37.4915 0.249622 0.61878 -0.744849 49.8287 0.100934 0.748383 0.655542 -120.814 
0.982905 -0.0211861 0.182888 9.05326 0.16674 -0.318778 -0.933048 172.279 0.0780682 0.947593 -0.309796 -145.868 
0.995104 0.0478263 0.0864908 1.55031 0.0829143 0.0722935 -0.993931 135.13 -0.0537887 0.996236 0.067974 -146.228 
0.765237 -0.0362228 -0.642729 9.57531 -0.360673 0.802873 -0.474668 19.6942 0.533224 0.595048 0.601324 -103.177 
0.843149 -0.47945 -0.243367 68.7122 -0.425657 -0.318656 -0.84692 163.078 0.328506 0.81767 -0.472756 -136.831 
0.843149 -0.537612 -0.00855914 75.2025 -0.425657 -0.657672 -0.621517 197.327 0.328506 0.527675 -0.783353 -109.111 
0.732876 -0.375668 -0.567244 38.1021 0.387833 0.915689 -0.105353 -5.72576 0.558997 -0.142785 0.816783 9.24592 
0.373398 0.17878 -0.910281 10.6987 0.290564 0.909338 0.297785 -3.27617 0.880991 -0.375688 0.287598 17.155 
0.399721 0.117622 -0.909059 10.9991 -0.106209 0.990996 0.0815226 2.64689 0.910463 0.0639637 0.408614 11.1717 
0.399721 0.117622 -0.909059 10.9991 -0.106209 0.990996 0.0815226 2.64689 0.910463 0.0639637 0.408614 11.1717 
0.931637 -0.0560236 -0.359046 5.62226 -0.183957 0.779381 -0.598936 8.36777 0.313388 0.62404 0.715795 -68.1439 
0.930467 0.112797 -0.34858 -3.9722 -0.207483 0.946386 -0.247595 -0.680763 0.301964 0.302704 0.903985 -49.6115 
0.945317 0.111852 -0.306373 -4.16151 -0.108154 0.993709 0.0290772 -2.44519 0.307698 0.00564817 0.951467 -46.9294 
0.945317 0.111852 -0.306373 -4.16151 -0.108154 0.993709 0.0290772 -2.44519 0.307698 0.00564817 0.951467 -46.9294 
0.898399 0.264475 0.350617 -14.5625 0.43893 -0.513716 -0.737182 182.695 -0.0148485 0.816179 -0.577608 -134.583 
0.891007 0 -0.453991 -0.69105 0 1 0 -9.64991 0.453991 0 0.891007 -3.97084 
0.891007 0.00646547 -0.453945 -1.91612 0 0.999899 0.0142414 -10.9621 0.453991 -0.0126892 0.890916 -1.06829 
0.87778 0.0523414 -0.476196 -7.68367 0.0220097 0.988558 0.149229 -6.73717 0.478558 -0.141471 0.866584 15.6205 
0.868722 0.311601 -0.385003 -44.6477 -0.0728405 0.849234 0.522968 14.6785 0.489915 -0.42627 0.760446 56.2041 
0.868722 0.232414 -0.437385 -31.7441 -0.0728405 0.933418 0.351318 0.728088 0.489915 -0.273338 0.82781 31.2492 
0.94873 0.232414 -0.21423 -31.2976 -0.155668 0.933418 0.32326 0.68541 0.275097 -0.273338 0.921742 31.4831 
0.966305 -0.210255 0.148482 32.8145 0.243235 0.557168 -0.793978 60.2755 0.0842083 0.803341 0.589536 -129.149 
0.986158 0.0127704 0.165318 3.68274 0.157283 -0.387679 -0.908278 183.736 0.0524911 0.921706 -0.384321 -143.604 
0.993622 0.0954722 0.0600019 -5.09665 0.0581577 0.0219841 -0.998066 145.023 -0.0966067 0.995189 0.0162915 -145.941 
0.759419 -0.0739932 -0.64638 15.4861 -0.381439 0.75421 -0.534483 27.519 0.527054 0.652451 0.544538 -112.451 
0.848003 -0.481971 -0.220442 70.3224 -0.432093 -0.38787 -0.814157 173.9 0.306898 0.785659 -0.537172 -134.919 
