21 67 0.666667 1
0.891007 0 -0.45399 -0.69105 0 1 0 -14.8238 0.45399 0 0.891007 -0.254758 
0.891007 0 -0.45399 -1.15142 0 1 0 -16.1852 0.45399 0 0.891007 1.147 
0.878814 0 -0.477164 -1.12561 0 1 0 -13.7325 0.477164 0 0.878814 1.58275 
0.874768 0.314754 -0.368388 -46.0098 -0.0958455 0.857663 0.505201 8.59448 0.474967 -0.406626 0.780424 59.7222 
0.874768 0.238679 -0.421678 -33.6164 -0.0958455 0.938302 0.332269 -4.77721 0.474967 -0.250243 0.843673 34.1984 
0.950797 0.238679 -0.197527 -33.1671 -0.173382 0.938302 0.299212 -4.83118 0.256756 -0.250243 0.933518 34.4245 
0.860208 -0.308133 -0.40632 52.9599 0.467971 0.793559 0.388931 6.23793 0.202597 -0.524708 0.826823 83.2116 
0.860208 -0.500275 0.0988287 77.6504 0.467971 0.697442 -0.54275 18.589 0.202597 0.513127 0.83406 -50.1515 
0.790677 -0.500275 0.352924 80.195 0.60952 0.697442 -0.376908 15.5491 -0.0575865 0.513127 0.856379 -43.5387 
0.874768 -0.0840494 -0.477196 17.6397 -0.0958455 0.935366 -0.340446 -0.4496 0.474967 0.343549 0.810173 -59.3289 
0.874768 -0.483367 0.0337085 69.2431 -0.0958455 -0.240809 -0.965828 151.546 0.474967 0.841645 -0.256981 -123.697 
0.874768 -0.419671 0.242191 63.594 -0.0958455 -0.639829 -0.762517 191.663 0.474967 0.643813 -0.599926 -105.198 
0.703889 -0.301574 -0.643113 30.6869 0.447934 0.891132 0.0723875 -8.07909 0.551268 -0.339025 0.762342 32.2849 
0.311722 0.269784 -0.911069 2.90538 0.428192 0.816077 0.388161 -2.92863 0.848222 -0.511111 0.13887 36.8851 
0.309639 0.17525 -0.934565 4.11753 0.0426429 0.97932 0.197771 1.78347 0.949897 -0.10109 0.295763 30.0076 
0.309639 0.17525 -0.934565 4.11753 0.0426429 0.97932 0.197771 1.78347 0.949897 -0.10109 0.295763 30.0076 
0.931637 -0.11896 -0.343367 11.986 -0.183958 0.660493 -0.727948 14.9398 0.313388 0.741348 0.593457 -76.8485 
0.932165 0.04876 -0.358736 2.4207 -0.205281 0.887387 -0.412801 2.43584 0.298209 0.45844 0.8372 -60.4309 
0.932165 0.190456 -0.307889 0.49669 -0.205281 0.97857 -0.0161787 -2.16881 0.298209 0.0782847 0.951285 -57.5864 
0.932165 0.190456 -0.307889 0.49669 -0.205281 0.97857 -0.0161787 -2.16881 0.298209 0.0782847 0.951285 -57.5864 
0.790677 -0.500275 0.352924 80.195 0.60952 0.697442 -0.376908 15.5491 -0.0575865 0.513127 0.856379 -43.5387 
0.891007 0 -0.45399 -0.69105 0 1 0 -17.0756 0.45399 0 0.891007 -0.254758 
0.891007 0 -0.45399 -1.15142 0 1 0 -18.437 0.45399 0 0.891007 1.147 
0.878814 0 -0.477164 -1.12561 0 1 0 -16.043 0.477164 0 0.878814 1.58275 
0.874768 0.324415 -0.35991 -47.3688 -0.0958455 0.84396 0.527774 8.21558 0.474967 -0.427184 0.769363 62.6116 
0.874768 0.249781 -0.415198 -35.2131 -0.0958455 0.929158 0.357042 -5.89978 0.474967 -0.272534 0.836739 37.3756 
0.94923 0.249781 -0.19124 -34.7639 -0.179375 0.929158 0.323249 -5.95419 0.258433 -0.272534 0.926789 37.6018 
0.86849 -0.293911 -0.399175 50.6972 0.456536 0.787987 0.413099 4.78825 0.193131 -0.541011 0.81854 85.6441 
0.86849 -0.489044 0.0809959 75.7721 0.456536 0.725453 -0.515065 12.8239 0.193131 0.484307 0.853315 -46.1105 
0.807224 -0.487202 0.333203 77.9189 0.587895 0.713977 -0.380285 11.0894 -0.0526237 0.502863 0.862762 -41.7547 
0.874768 -0.0713618 -0.479257 15.8417 -0.0958455 0.944068 -0.315515 -4.38969 0.474967 0.321937 0.819001 -56.3496 
0.874768 -0.484442 0.00981917 69.2236 -0.0958455 -0.192864 -0.976533 142.535 0.474967 0.853299 -0.215143 -125.017 
0.874768 -0.431109 0.221191 64.6089 -0.0958455 -0.601429 -0.793156 183.534 0.474967 0.672628 -0.567431 -108.245 
0.690886 -0.368604 -0.621939 37.6095 0.491636 0.870271 0.0303559 -8.82642 0.530066 -0.32674 0.782477 31.3372 
0.310398 0.256197 -0.915432 6.60743 0.446543 0.81084 0.378336 -4.16515 0.839197 -0.526215 0.13728 37.2819 
0.313992 0.165061 -0.934967 7.67999 0.0627712 0.979008 0.193916 0.419872 0.947348 -0.119577 0.29704 30.3349 
0.313992 0.165061 -0.934967 7.67999 0.0627712 0.979008 0.193916 0.419873 0.947348 -0.119577 0.29704 30.3349 
0.93198 -0.133248 -0.337131 13.4436 -0.188582 0.616042 -0.764807 16.9674 0.309596 0.776362 0.549011 -80.5524 
0.933109 0.0559581 -0.355214 2.65768 -0.204126 0.895663 -0.395121 1.6479 0.296041 0.441199 0.847173 -61.0294 
0.933109 0.190675 -0.304878 0.809997 -0.204126 0.978864 -0.0125511 -2.74488 0.296041 0.0739452 0.952309 -58.2345 
0.933109 0.190675 -0.304878 0.809997 -0.204126 0.978864 -0.0125511 -2.74488 0.296041 0.0739452 0.952309 -58.2345 
0.80806 -0.47908 0.342812 77.2002 0.587067 0.703181 -0.401109 11.9848 -0.0488958 0.525374 0.849465 -44.0444 
0.891007 0 -0.453991 -0.69105 0 1 0 -19.3275 0.453991 0 0.891007 -0.254758 
0.891007 0 -0.453991 -1.15143 0 1 0 -20.6889 0.453991 0 0.891007 1.147 
0.878814 0 -0.477164 -1.12561 0 1 0 -18.3534 0.477164 0 0.878814 1.58275 
0.874768 0.333848 -0.351178 -48.694 -0.0958455 0.829663 0.549975 7.9208 0.474967 -0.447442 0.757761 65.4557 
0.874768 0.260706 -0.408427 -36.7846 -0.0958455 0.91936 0.381563 -6.92833 0.474967 -0.294633 0.829215 40.5252 
0.947591 0.260706 -0.184669 -36.3355 -0.185307 0.91936 0.347042 -6.98314 0.260253 -0.294633 0.919489 40.7516 
0.876511 -0.279751 -0.391749 48.4473 0.444821 0.781784 0.436977 3.43507 0.184018 -0.557273 0.809681 88.0657 
0.876511 -0.477141 0.0637572 73.8121 0.444821 0.752174 -0.486177 7.23991 0.184018 0.4545 0.871531 -41.9484 
0.822846 -0.474357 0.312905 75.6642 0.566329 0.729935 -0.382709 6.73019 -0.0468589 0.492118 0.869267 -39.9075 
0.874768 -0.058624 -0.480982 14.0329 -0.0958455 0.952105 -0.290362 -8.2368 0.474967 0.300099 0.827252 -53.3318 
0.874768 -0.484336 -0.0140941 69.0473 -0.0958455 -0.144449 -0.984859 133.47 0.474967 0.862875 -0.172781 -126.059 
0.874768 -0.441497 0.199651 65.4784 -0.0958455 -0.561564 -0.821863 175.251 0.474967 0.699804 -0.533554 -111.054 
0.674446 -0.433737 -0.59749 44.3881 0.534435 0.845148 -0.0102502 -9.13236 0.509413 -0.312406 0.801811 30.1757 
0.307617 0.242754 -0.920023 10.2317 0.464779 0.805373 0.367906 -5.20247 0.830272 -0.540782 0.134919 37.5562 
0.316982 0.154395 -0.93578 11.1716 0.0829589 0.978365 0.189522 -0.746196 0.944797 -0.137706 0.297315 30.5449 
0.316982 0.154395 -0.93578 11.1716 0.0829589 0.978365 0.189522 -0.746196 0.944797 -0.137706 0.297315 30.5449 
0.932414 -0.147148 -0.330077 14.866 -0.19298 0.569499 -0.799018 19.2161 0.305552 0.808714 0.502613 -83.9989 
0.934092 0.0628771 -0.351454 2.89567 -0.202788 0.903614 -0.377306 0.974922 0.293854 0.423709 0.856808 -61.5016 
0.934092 0.190694 -0.301843 1.12547 -0.202788 0.979182 -0.00893959 -3.20815 0.293854 0.0695603 0.953316 -58.7613 
0.934092 0.190694 -0.301843 1.12547 -0.202788 0.979182 -0.00893959 -3.20815 0.293854 0.0695603 0.953316 -58.7613 
0.824429 -0.45898 0.33114 74.3036 0.564592 0.707698 -0.424735 8.58111 -0.0394023 0.537123 0.842583 -44.486 
0.891007 0 -0.453991 -0.69105 0 1 0 -21.5793 0.453991 0 0.891007 -0.254758 
0.891007 0 -0.453991 -1.15143 0 1 0 -22.9407 0.453991 0 0.891007 1.147 
0.878814 0 -0.477164 -1.12561 0 1 0 -20.6639 0.477164 0 0.878814 1.58276 
0.874768 0.343046 -0.342199 -49.9846 -0.0958455 0.814783 0.571789 7.7086 0.474967 -0.467384 0.745626 68.2527 
0.874768 0.271448 -0.401368 -38.3298 -0.0958455 0.908915 0.405815 -7.86383 0.474967 -0.316525 0.821108 43.6452 
0.945884 0.271448 -0.17782 -37.8808 -0.191174 0.908915 0.370574 -7.91905 0.262215 -0.316525 0.911622 43.8717 
0.884268 -0.265664 -0.384047 46.2116 0.432841 0.774948 0.460546 2.17816 0.175266 -0.573478 0.800253 90.4739 
0.884268 -0.464594 0.0471388 71.7744 0.432841 0.777551 -0.456138 1.84367 0.175266 0.423752 0.88866 -37.6714 
0.837538 -0.461759 0.292077 73.4336 0.54489 0.745326 -0.384165 2.47067 -0.0403011 0.480903 0.875847 -37.9999 
0.874768 -0.0458449 -0.482368 12.2147 -0.0958455 0.959472 -0.265004 -11.9899 0.474967 0.27805 0.834922 -50.2776 
0.874768 -0.483051 -0.0379731 68.7144 -0.0958455 -0.0956822 -0.990787 124.367 0.474967 0.870349 -0.129998 -126.82 
0.874768 -0.45081 0.177626 66.1999 -0.0958455 -0.520331 -0.848569 166.828 0.474967 0.725277 -0.498377 -113.62 
0.654654 -0.496641 -0.569891 50.988 0.576109 0.815889 -0.049223 -9.00691 0.489414 -0.296096 0.820244 28.8065 
0.303392 0.229498 -0.924816 13.761 0.482808 0.799724 0.356844 -6.04804 0.821492 -0.554772 0.131827 37.7086 
0.3186 0.143307 -0.936994 14.5754 0.103106 0.977401 0.184545 -1.72153 0.942265 -0.155406 0.296624 30.6382 
0.3186 0.143307 -0.936994 14.5754 0.103106 0.977401 0.184545 -1.72153 0.942265 -0.155406 0.296624 30.6382 
0.932937 -0.160612 -0.322229 16.2484 -0.197137 0.521024 -0.830464 21.6706 0.301272 0.838294 0.454421 -87.1762 
0.935109 0.0695054 -0.347478 3.13311 -0.201266 0.911237 -0.359359 0.410252 0.291657 0.405975 0.866095 -61.8426 
0.935109 0.19051 -0.298794 1.44137 -0.201266 0.979522 -0.00534162 -3.56535 0.291657 0.0651319 0.954303 -59.162 
0.935109 0.19051 -0.298794 1.44137 -0.201266 0.979522 -0.00534162 -3.56535 0.291657 0.0651319 0.954303 -59.162 
0.839763 -0.440064 0.318027 71.5158 0.542171 0.71106 -0.44771 5.33192 -0.0291145 0.548396 0.835712 -44.867 
0.891007 0 -0.45399 -0.69105 0 1 0 -23.8312 0.45399 0 0.891007 -0.254758 
0.891007 0 -0.45399 -1.15142 0 1 0 -25.1926 0.45399 0 0.891007 1.147 
0.878814 0 -0.477164 -1.12561 0 1 0 -22.9744 0.477164 0 0.878814 1.58275 
0.874768 0.352002 -0.332978 -51.2395 -0.0958455 0.799329 0.5932 7.57739 0.474967 -0.486998 0.732966 71.0004 
0.874768 0.282 -0.394026 -39.8476 -0.0958455 0.897831 0.429782 -8.70737 0.474967 -0.338194 0.812423 46.7333 
0.944108 0.282 -0.170696 -39.3987 -0.196972 0.897831 0.393829 -8.76297 0.264316 -0.338194 0.903195 46.96 
0.891759 -0.251659 -0.376075 43.9915 0.420614 0.767483 0.483792 1.01711 0.166881 -0.589608 0.790261 92.866 
0.891759 -0.451435 0.0311665 69.663 0.420614 0.801533 -0.425004 -3.35848 0.166881 0.39211 0.904655 -33.2861 
0.851296 -0.44942 0.270769 71.23 0.523649 0.760161 -0.38464 -1.69001 -0.0329628 0.46923 0.88246 -36.0342 
0.874768 -0.0330335 -0.483414 10.3884 -0.0958455 0.966164 -0.23946 -15.6482 0.474967 0.255805 0.842003 -47.1892 
0.874768 -0.480589 -0.0617596 68.2255 -0.0958455 -0.0466823 -0.994301 115.241 0.474967 0.875702 -0.0868985 -127.298 
0.874768 -0.459024 0.155167 66.7715 -0.0958455 -0.477831 -0.873207 158.279 0.474967 0.748982 -0.461987 -115.935 
0.63161 -0.556994 -0.539283 57.3754 0.616448 0.782645 -0.0863632 -8.46218 0.470171 -0.277892 0.837684 27.2364 
0.297746 0.216468 -0.929779 17.1789 0.500536 0.793944 0.345132 -6.71043 0.812903 -0.568149 0.128043 37.7404 
0.31885 0.13185 -0.938589 17.8753 0.123113 0.976126 0.178946 -2.51402 0.939775 -0.17261 0.295005 30.616 
0.31885 0.13185 -0.938589 17.8753 0.123113 0.976126 0.178946 -2.51402 0.939775 -0.17261 0.295005 30.616 
0.933548 -0.173595 -0.313613 17.5861 -0.201039 0.470783 -0.859038 24.3149 0.296768 0.865002 0.404599 -90.0737 
0.936156 0.0758328 -0.343308 3.36849 -0.199561 0.918532 -0.341283 -0.0530434 0.289459 0.388005 0.875023 -62.0483 
0.936156 0.190125 -0.295742 1.75595 -0.199561 0.979884 -0.00175545 -3.82348 0.289459 0.060662 0.955266 -59.4326 
0.936156 0.190125 -0.295742 1.75595 -0.199561 0.979884 -0.00175545 -3.82348 0.289459 0.060662 0.955266 -59.4326 
0.854048 -0.422412 0.303594 68.8462 0.51988 0.713339 -0.469969 2.23068 -0.0180449 0.559209 0.82883 -45.1901 
0.891007 0 -0.45399 -0.69105 0 1 0 -26.0831 0.45399 0 0.891007 -0.254758 
0.891007 0 -0.45399 -1.15142 0 1 0 -27.4445 0.45399 0 0.891007 1.147 
0.878814 0 -0.477164 -1.12561 0 1 0 -25.2849 0.477164 0 0.878814 1.58275 
0.874768 0.360711 -0.323524 -52.4579 -0.0958455 0.783313 0.614194 7.52562 0.474967 -0.50627 0.71979 73.697 
0.874768 0.292352 -0.386407 -41.3369 -0.0958455 0.886115 0.453447 -9.46004 0.474967 -0.359626 0.803166 49.7873 
0.942264 0.292352 -0.163303 -40.8882 -0.202697 0.886115 0.41679 -9.51604 0.266555 -0.359626 0.894213 50.0141 
0.898984 -0.237745 -0.367839 41.7885 0.408153 0.759387 0.506697 -0.0485077 0.158867 -0.605647 0.779713 95.2394 
0.898984 -0.437694 0.0158645 67.4823 0.408153 0.824071 -0.392833 -8.36047 0.158867 0.359625 0.919473 -28.7993 
0.86412 -0.437357 0.249029 69.0558 0.502671 0.774447 -0.384127 -5.75271 -0.0248595 0.457112 0.889062 -34.013 
0.874768 -0.020199 -0.48412 8.55517 -0.0958455 0.972176 -0.213748 -19.2108 0.474967 0.233381 0.848493 -44.0688 
0.874768 -0.476957 -0.0853955 67.5815 -0.0958455 0.00243111 -0.995393 106.108 0.474967 0.878923 -0.0435876 -127.492 
0.874768 -0.466121 0.132331 67.1916 -0.0958455 -0.434167 -0.895719 149.619 0.474967 0.770864 -0.424471 -117.993 
0.605432 -0.614488 -0.505823 63.5177 0.655244 0.745586 -0.121481 -7.5125 0.451783 -0.257889 0.854041 25.4736 
0.290706 0.203702 -0.934877 20.4697 0.517874 0.788087 0.332754 -7.19932 0.804548 -0.580882 0.12361 37.6535 
0.317739 0.120081 -0.940544 21.0557 0.142877 0.974558 0.172691 -3.13266 0.937352 -0.189252 0.292498 30.4803 
0.317739 0.120081 -0.940544 21.0557 0.142877 0.974558 0.172691 -3.13266 0.937352 -0.189252 0.292498 30.4803 
0.934244 -0.186052 -0.304259 18.8746 -0.204673 0.418945 -0.884643 27.1322 0.292058 0.888746 0.353317 -92.6812 
0.93723 0.0818514 -0.338968 3.60019 -0.197675 0.925497 -0.32308 -0.422207 0.287269 0.369806 0.883584 -62.1149 
0.93723 0.189541 -0.2927 2.0674 -0.197675 0.980266 0.00182262 -3.98982 0.287269 0.0561513 0.956203 -59.569 
0.93723 0.189541 -0.2927 2.0674 -0.197675 0.980266 0.00182262 -3.98982 0.287269 0.0561513 0.956203 -59.569 
0.867272 -0.406093 0.287971 66.3035 0.497795 0.714611 -0.491458 -0.729439 -0.00620931 0.569578 0.821914 -45.458 
0.891007 0 -0.45399 -0.69105 0 1 0 -28.3349 0.45399 0 0.891007 -0.254758 
0.891007 0 -0.45399 -1.15142 0 1 0 -29.6963 0.45399 0 0.891007 1.147 
0.878814 0 -0.477164 -1.12561 0 1 0 -27.5954 0.477164 0 0.878814 1.58275 
0.874768 0.369166 -0.313842 -53.639 -0.0958455 0.766745 0.634756 7.55157 0.474967 -0.525184 0.706107 76.3404 
0.874768 0.302499 -0.378516 -42.7967 -0.0958455 0.873775 0.476792 -10.123 0.474967 -0.380804 0.793344 52.8051 
0.940355 0.302499 -0.155647 -42.3481 -0.208345 0.873775 0.439442 -10.1794 0.268931 -0.380804 0.884683 53.032 
0.90594 -0.223932 -0.359343 39.604 0.395477 0.750664 0.529245 -1.01917 0.151231 -0.621576 0.768617 97.5915 
0.90594 -0.423404 0.00125568 65.2365 0.395477 0.845118 -0.359686 -13.1566 0.151231 0.32635 0.933073 -24.2183 
0.87601 -0.425581 0.226908 66.9136 0.482027 0.788194 -0.382623 -9.71835 -0.0160106 0.444557 0.895607 -31.9386 
0.874768 -0.00735027 -0.484485 6.71635 -0.0958455 0.977503 -0.187885 -22.6767 0.474967 0.210791 0.854385 -40.9187 
0.874768 -0.472163 -0.108823 66.7836 -0.0958455 0.0515386 -0.994061 96.9848 0.474967 0.880003 -0.000170335 -127.4 
0.874768 -0.472082 0.109173 67.4586 -0.0958455 -0.389445 -0.916049 140.861 0.474967 0.790867 -0.385921 -119.79 
0.576255 -0.668828 -0.469681 69.3834 0.692298 0.704901 -0.154397 -6.17424 0.434343 -0.236187 0.86923 23.527 
0.28231 0.19123 -0.94007 23.6185 0.534732 0.78221 0.319702 -7.52541 0.796469 -0.59294 0.118569 37.4505 
0.315283 0.10805 -0.942826 24.1017 0.162297 0.972722 0.165748 -3.58746 0.935017 -0.205276 0.289147 30.2333 
0.315283 0.10805 -0.942826 24.1017 0.162297 0.972722 0.165748 -3.58746 0.935017 -0.205276 0.289147 30.2333 
0.935022 -0.197941 -0.294198 20.1094 -0.208026 0.365689 -0.907192 30.1054 0.287155 0.909446 0.30075 -94.9901 
0.938326 0.0875546 -0.334481 3.82662 -0.195611 0.932127 -0.304754 -0.704666 0.285096 0.351387 0.891766 -62.039 
0.938326 0.188758 -0.289679 2.37392 -0.195611 0.980667 0.00539389 -4.07186 0.285096 0.0516029 0.957109 -59.5681 
0.938326 0.188758 -0.289679 2.37392 -0.195611 0.980667 0.00539389 -4.07186 0.285096 0.0516029 0.957109 -59.5681 
0.879426 -0.391168 0.271287 63.8953 0.475992 0.714951 -0.51213 -3.55554 0.00637192 0.579511 0.814939 -45.6727 
0.891007 0 -0.453991 -0.69105 0 1 0 -30.5868 0.453991 0 0.891007 -0.254758 
0.891007 0 -0.453991 -1.15143 0 1 0 -31.9482 0.453991 0 0.891007 1.147 
0.878814 0 -0.477164 -1.12561 0 1 0 -29.9058 0.477164 0 0.878814 1.58275 
0.874768 0.377361 -0.303939 -54.782 -0.0958455 0.749638 0.654872 7.65352 0.474967 -0.54373 0.691928 78.9289 
0.874768 0.312433 -0.370359 -44.226 -0.0958455 0.86082 0.499802 -10.6976 0.474967 -0.401714 0.782964 55.7844 
0.938382 0.312433 -0.147732 -43.7775 -0.213912 0.86082 0.461769 -10.7544 0.271443 -0.401714 0.874611 56.0115 
0.912627 -0.210228 -0.350595 37.4393 0.3826 0.741317 0.551421 -1.89562 0.143978 -0.637379 0.756979 99.9196 
0.912627 -0.408598 -0.0126387 62.9302 0.3826 0.86463 -0.325625 -17.7415 0.143978 0.292339 0.945414 -19.5503 
0.886971 -0.414103 0.204454 64.8055 0.461781 0.801411 -0.380129 -13.588 -0.00643881 0.431576 0.902053 -29.8132 
0.874768 0.00550376 -0.48451 4.87322 -0.0958455 0.982143 -0.16189 -26.0455 0.474967 0.188054 0.859675 -37.741 
0.874768 -0.466219 -0.131986 65.8334 -0.0958455 0.100521 -0.990308 87.8857 0.474967 0.87894 0.0432473 -127.023 
0.874768 -0.476894 0.0857482 67.5718 -0.0958455 -0.343775 -0.934148 132.021 0.474967 0.808944 -0.346432 -121.319 
0.544226 -0.719736 -0.431043 74.9425 0.727422 0.660798 -0.184942 -4.46576 0.417941 -0.2129 0.883175 21.4066 
0.2726 0.179077 -0.945315 26.6114 0.551024 0.776372 0.305971 -7.70031 0.788709 -0.604299 0.112963 37.1344 
0.311508 0.0958085 -0.945401 26.9996 0.181273 0.970642 0.158095 -3.88934 0.932793 -0.220623 0.284995 29.8783 
0.311508 0.0958085 -0.945401 26.9996 0.181273 0.970642 0.158095 -3.88934 0.932793 -0.220623 0.284995 29.8783 
0.935881 -0.209221 -0.283466 21.2864 -0.211087 0.311195 -0.926607 33.2166 0.282079 0.92703 0.247077 -96.9923 
0.93944 0.0929378 -0.329871 4.04611 -0.19337 0.938422 -0.286308 -0.908085 0.28295 0.332756 0.899563 -61.8177 
0.93944 0.187781 -0.28669 2.67367 -0.19337 0.981085 0.00896168 -4.07735 0.28295 0.0470182 0.957982 -59.4268 
0.93944 0.187781 -0.28669 2.67367 -0.19337 0.981085 0.00896168 -4.07735 0.28295 0.0470182 0.957982 -59.4268 
0.890507 -0.377686 0.253676 61.6282 0.454545 0.714435 -0.53195 -6.25507 0.0196747 0.589013 0.807884 -45.8357 
0.891007 0 -0.45399 -0.69105 0 1 0 -32.8387 0.45399 0 0.891007 -0.254758 
0.891007 0 -0.45399 -1.15142 0 1 0 -34.2001 0.45399 0 0.891007 1.147 
0.878814 0 -0.477164 -1.12561 0 1 0 -32.2163 0.477164 0 0.878814 1.58275 
0.874768 0.38529 -0.293823 -55.8859 -0.0958455 0.732003 0.674526 7.8297 0.474967 -0.561892 0.677261 81.4606 
0.874768 0.322147 -0.361941 -45.6237 -0.0958455 0.84726 0.52246 -11.185 0.474967 -0.422341 0.772032 58.7232 
0.936345 0.322147 -0.139564 -45.1753 -0.219393 0.84726 0.483754 -11.2421 0.274087 -0.422341 0.864005 58.9505 
0.919044 -0.196643 -0.341599 35.2958 0.369539 0.731349 0.57321 -2.6785 0.13711 -0.653039 0.744809 102.221 
0.919044 -0.39331 -0.0257987 60.5678 0.369539 0.882567 -0.290715 -22.1103 0.13711 0.257646 0.956462 -14.803 
0.897008 -0.402934 0.181715 62.7335 0.441998 0.814108 -0.376651 -17.3628 0.00382991 0.418177 0.908358 -27.6387 
0.874768 0.0183539 -0.484193 3.02709 -0.0958455 0.986092 -0.13578 -29.3162 0.474967 0.165184 0.864361 -34.538 
0.874768 -0.459139 -0.154828 64.733 -0.0958455 0.149258 -0.984142 78.827 0.474967 0.875736 0.0865597 -126.362 
0.874768 -0.480543 0.0621148 67.5306 -0.0958455 -0.297267 -0.949971 123.114 0.474967 0.825052 -0.306098 -122.577 
0.509511 -0.766952 -0.390105 80.1667 0.760436 0.613503 -0.21296 -2.40726 0.402661 -0.188144 0.895804 19.1232 
0.261625 0.167263 -0.950566 29.4355 0.566668 0.770634 0.291567 -7.73655 0.781307 -0.614936 0.106834 36.7088 
0.306445 0.0834044 -0.948227 29.7364 0.199705 0.968351 0.149714 -4.05013 0.930704 -0.235245 0.28009 29.4185 
0.306445 0.0834044 -0.948227 29.7364 0.199705 0.968351 0.149714 -4.05013 0.930704 -0.235245 0.28009 29.4185 
0.936817 -0.219854 -0.272098 22.4016 -0.213846 0.255649 -0.942822 36.4475 0.276845 0.941439 0.192481 -98.6812 
0.940567 0.0979986 -0.325163 4.25701 -0.190957 0.944378 -0.267744 -1.04031 0.280838 0.313923 0.906964 -61.4487 
0.940567 0.186611 -0.283744 2.96478 -0.190957 0.981519 0.0125278 -4.01418 0.280838 0.0423996 0.958818 -59.1429 
0.940567 0.186611 -0.283744 2.96478 -0.190957 0.981519 0.0125278 -4.01418 0.280838 0.0423996 0.958818 -59.1429 
0.900511 -0.365686 0.235273 59.5077 0.433527 0.713141 -0.550893 -8.83534 0.0336712 0.598083 0.800727 -45.9482 
0.891007 0 -0.45399 -0.69105 0 1 0 -34.9365 0.45399 0 0.891007 -0.254758 
0.891007 0 -0.45399 -1.15142 0 1 0 -36.2979 0.45399 0 0.891007 1.147 
0.878814 0 -0.477164 -1.12561 0 1 0 -34.3728 0.477164 0 0.878814 1.58275 
0.874768 0.392949 -0.283499 -56.9501 -0.0958455 0.713853 0.693706 8.23229 0.474967 -0.57966 0.662118 83.9336 
0.874768 0.331635 -0.353268 -46.9889 -0.0958455 0.833103 0.544751 -11.4326 0.474967 -0.442672 0.760558 61.6193 
0.934247 0.331635 -0.131149 -46.5407 -0.224786 0.833103 0.505382 -11.4901 0.276863 -0.442672 0.852871 61.8468 
0.92519 -0.183187 -0.332364 33.175 0.356312 0.720763 0.594594 -3.21465 0.130633 -0.668538 0.732115 104.494 
0.92519 -0.377576 -0.0382061 58.1542 0.356312 0.898891 -0.255022 -26.1044 0.130633 0.222331 0.96618 -9.98418 
0.90613 -0.392083 0.15874 60.6998 0.422741 0.826292 -0.372198 -20.8896 0.0147667 0.404366 0.914478 -25.4173 
0.874768 0.0311912 -0.483536 1.17925 -0.0958455 0.989347 -0.109575 -32.3344 0.474967 0.142198 0.868439 -31.3119 
0.874768 -0.450941 -0.177292 63.4847 -0.0958455 0.197632 -0.975579 69.9781 0.474967 0.870399 0.129661 -125.417 
0.874768 -0.483023 0.0383301 67.3345 -0.0958455 -0.250036 -0.963481 114.309 0.474967 0.839149 -0.265019 -123.561 
0.472287 -0.810236 -0.347079 85.0292 0.79117 0.563258 -0.238309 0.133163 0.388581 -0.162048 0.907053 16.6886 
0.249442 0.155803 -0.955774 32.0791 0.581582 0.765056 0.276498 -7.49334 0.7743 -0.624832 0.100225 36.1781 
0.300135 0.0708829 -0.95126 32.3003 0.217495 0.965882 0.140595 -3.92834 0.928771 -0.249092 0.274478 28.8582 
0.300135 0.0708829 -0.95126 32.3003 0.217495 0.965882 0.140595 -3.92834 0.928771 -0.249092 0.274478 28.8582 
0.937828 -0.229804 -0.260134 23.4511 -0.216293 0.19924 -0.955783 39.9335 0.271471 0.952625 0.137148 -100.051 
0.941702 0.102736 -0.320379 4.45763 -0.188376 0.94999 -0.249065 -0.955284 0.278769 0.294897 0.91396 -60.93 
0.941702 0.185255 -0.280852 3.24542 -0.188376 0.981965 0.0160949 -3.73636 0.278769 0.0377491 0.959616 -58.7143 
0.941702 0.185255 -0.280852 3.24542 -0.188376 0.981965 0.0160949 -3.73636 0.278769 0.0377491 0.959616 -58.7143 
0.909443 -0.355199 0.216212 57.5386 0.413011 0.711144 -0.568942 -11.1497 0.0483303 0.606718 0.793446 -46.011 
0.891007 0 -0.45399 -0.69105 0 1 0 -36.9573 0.45399 0 0.891007 -0.254758 
0.891007 0 -0.45399 -1.15142 0 1 0 -38.3187 0.45399 0 0.891007 1.147 
0.878814 0 -0.477164 -1.12561 0 1 0 -36.4522 0.477164 0 0.878814 1.58275 
0.874768 0.40033 -0.272976 -57.9738 -0.0958455 0.695201 0.712397 8.78241 0.474967 -0.597019 0.646509 86.3463 
0.874768 0.340889 -0.344347 -48.3205 -0.0958455 0.81836 0.566658 -11.5188 0.474967 -0.46269 0.748548 64.4708 
0.932089 0.340889 -0.122493 -47.8725 -0.230085 0.81836 0.526638 -11.5767 0.279768 -0.46269 0.841218 64.6985 
0.931066 -0.169868 -0.322894 31.0781 0.342933 0.709565 0.61556 -3.58198 0.12455 -0.683859 0.718905 106.734 
0.931066 -0.36143 -0.0498438 55.694 0.342933 0.913566 -0.218616 -29.7965 0.12455 0.186453 0.974537 -5.10185 
0.914348 -0.381557 0.135577 58.706 0.404071 0.837972 -0.366783 -24.2464 0.0263392 0.39015 0.920374 -23.1507 
0.874768 0.0440063 -0.482539 -0.668964 -0.0958455 0.991905 -0.0832938 -35.1765 0.474967 0.119112 0.871905 -28.0652 
0.874768 -0.441644 -0.199325 62.0912 -0.0958455 0.245524 -0.964641 61.2775 0.474967 0.862942 0.172447 -124.19 
0.874768 -0.484326 0.0144523 66.984 -0.0958455 -0.202195 -0.974644 105.545 0.474967 0.851202 -0.223295 -124.268 
0.432744 -0.849364 -0.302182 89.5052 0.819468 0.510319 -0.260858 3.05484 0.375772 -0.134744 0.916864 14.1151 
0.236114 0.144703 -0.960891 34.5315 0.595692 0.7597 0.260781 -7.06161 0.767725 -0.633969 0.0931773 35.5467 
0.292625 0.0582848 -0.954449 34.6805 0.23455 0.963273 0.130735 -3.61431 0.927015 -0.262122 0.268207 28.2018 
0.292625 0.0582848 -0.954449 34.6805 0.23455 0.963273 0.130735 -3.61431 0.927015 -0.262122 0.268207 28.2018 
0.938909 -0.239036 -0.247613 24.4313 -0.218419 0.14216 -0.965445 43.5786 0.265977 0.960548 0.0812655 -101.097 
0.942842 0.107152 -0.315544 4.64629 -0.18563 0.955256 -0.230276 -0.738201 0.276751 0.275689 0.920546 -60.2603 
0.942842 0.183716 -0.278025 3.51374 -0.18563 0.982423 0.019665 -3.32916 0.276751 0.0330688 0.960372 -58.1398 
0.942842 0.183716 -0.278025 3.51374 -0.18563 0.982423 0.019665 -3.32916 0.276751 0.0330688 0.960372 -58.1398 
0.917307 -0.346245 0.196628 55.7244 0.393066 0.708517 -0.586091 -13.2825 0.0636167 0.614913 0.786025 -46.0245 
0.891007 0 -0.453991 -0.69105 0 1 0 -38.9781 0.453991 0 0.891007 -0.254758 
0.891007 0 -0.453991 -1.15142 0 1 0 -40.3395 0.453991 0 0.891007 1.147 
0.878814 0 -0.477164 -1.12561 0 1 0 -38.5316 0.477164 0 0.878814 1.58275 
0.874768 0.40743 -0.262261 -58.9562 -0.0958455 0.676059 0.730587 9.40108 0.474967 -0.613958 0.630446 88.6968 
0.874768 0.349903 -0.335184 -49.6178 -0.0958455 0.803041 0.588166 -11.5222 0.474967 -0.482383 0.736011 67.2756 
0.929872 0.349903 -0.113602 -49.1699 -0.235289 0.803041 0.547508 -11.5805 0.282801 -0.482383 0.829054 67.5035 
0.936671 -0.156696 -0.313197 29.0065 0.329421 0.697759 0.636093 -3.85854 0.118863 -0.698984 0.70519 108.941 
0.936671 -0.344909 -0.0606968 53.1921 0.329421 0.926561 -0.181565 -33.26 0.118863 0.150072 0.981504 -0.164213 
0.921674 -0.371363 0.112272 56.7539 0.386047 0.849154 -0.360423 -27.5116 0.038512 0.375536 0.926007 -20.8407 
0.874768 0.0567906 -0.481202 -2.51629 -0.0958455 0.993765 -0.0569533 -37.9192 0.474967 0.0959421 0.874758 -24.8001 
0.874768 -0.431272 -0.220872 60.5556 -0.0958455 0.292818 -0.951352 52.6635 0.474967 0.853383 0.214812 -122.683 
0.874768 -0.484449 -0.00946079 66.4794 -0.0958455 -0.153862 -0.983433 96.7588 0.474967 0.861183 -0.181026 -124.695 
0.391084 -0.884137 -0.255646 93.5717 0.845185 0.454958 -0.280492 6.25545 0.364301 -0.106372 0.925186 11.416 
0.221707 0.133965 -0.965867 36.7835 0.608924 0.754626 0.24444 -6.53291 0.761615 -0.642334 0.085732 34.8199 
0.283972 0.0456466 -0.957746 36.8674 0.250777 0.960561 0.120136 -3.1989 0.925457 -0.274296 0.261325 27.4542 
0.283972 0.0456466 -0.957746 36.8674 0.250777 0.960561 0.120136 -3.1989 0.925457 -0.274296 0.261325 27.4542 
0.940057 -0.247519 -0.23458 25.339 -0.220218 0.0846049 -0.971775 47.2864 0.26038 0.965182 0.0250252 -101.815 
0.943981 0.111248 -0.310683 4.82128 -0.182725 0.960172 -0.21138 -0.474316 0.274793 0.256308 0.926712 -59.4386 
0.943981 0.182001 -0.275273 3.76787 -0.182725 0.982889 0.0232406 -2.87789 0.274793 0.0283607 0.961085 -57.4182 
0.943981 0.182001 -0.275273 3.76787 -0.182725 0.982889 0.0232406 -2.87789 0.274793 0.0283607 0.961085 -57.4182 
0.924113 -0.338834 0.176656 54.0679 0.37376 0.705331 -0.602339 -15.3178 0.0794922 0.622656 0.778448 -45.9887 
0.891007 0 -0.45399 -0.69105 0 1 0 -40.9989 0.45399 0 0.891007 -0.254758 
0.891007 0 -0.45399 -1.15142 0 1 0 -42.3603 0.45399 0 0.891007 1.147 
0.878814 0 -0.477164 -1.12561 0 1 0 -40.611 0.477164 0 0.878814 1.58275 
0.874768 0.414244 -0.251361 -59.8967 -0.0958455 0.656442 0.748263 10.0863 0.474967 -0.630465 0.613938 90.9836 
0.874768 0.358671 -0.325784 -50.8797 -0.0958455 0.787156 0.60926 -11.4443 0.474967 -0.501737 0.722957 70.0317 
0.927598 0.358671 -0.104481 -50.4319 -0.240392 0.787156 0.567976 -11.5029 0.28596 -0.501737 0.816387 70.2599 
0.942007 -0.143679 -0.30328 26.9615 0.31579 0.685351 0.656179 -4.04541 0.113574 -0.713898 0.690978 111.11 
0.942007 -0.32805 -0.0707514 50.6534 0.31579 0.937847 -0.143942 -36.4915 0.113574 0.113252 0.987054 4.8204 
0.928124 -0.361507 0.0888717 54.8449 0.368726 0.859845 -0.35314 -30.6859 0.0512469 0.360527 0.93134 -18.489 
0.874768 0.0695349 -0.479526 -4.36142 -0.0958455 0.994927 -0.0305728 -40.562 0.474967 0.0727046 0.876995 -21.5188 
0.874768 -0.41985 -0.241881 58.8813 -0.0958455 0.339399 -0.935747 44.1512 0.474967 0.841745 0.256655 -120.901 
0.874768 -0.483392 -0.033351 65.8217 -0.0958455 -0.105155 -0.989827 87.9671 0.474967 0.869065 -0.138317 -124.842 
0.34752 -0.914378 -0.207708 97.2079 0.86819 0.397457 -0.297111 9.70829 0.354226 -0.0770777 0.931978 8.60498 
0.206297 0.123583 -0.970654 38.8269 0.621211 0.749893 0.227504 -5.92222 0.756002 -0.649914 0.0779299 34.003 
0.274238 0.0330006 -0.961095 38.8526 0.266088 0.957788 0.108813 -2.69652 0.924116 -0.285577 0.253881 26.6207 
0.274238 0.0330006 -0.961095 38.8526 0.266088 0.957788 0.108813 -2.69652 0.924116 -0.285577 0.253881 26.6207 
0.941268 -0.255225 -0.221077 26.171 -0.221683 0.0267697 -0.974751 51.0373 0.254699 0.966511 -0.0313816 -102.204 
0.945116 0.11503 -0.305817 4.98092 -0.179667 0.964733 -0.192379 -0.171947 0.272903 0.236765 0.932452 -58.4647 
0.945116 0.180115 -0.272607 4.00599 -0.179667 0.983362 0.0268239 -2.39094 0.272903 0.0236267 0.961751 -56.5492 
0.945116 0.180115 -0.272607 4.00599 -0.179667 0.983362 0.0268239 -2.39094 0.272903 0.0236267 0.961751 -56.5492 
0.929873 -0.332967 0.156427 52.5708 0.355157 0.701652 -0.617695 -17.2625 0.0959148 0.629935 0.770703 -45.9033 
0.891007 0 -0.45399 -0.69105 0 1 0 -43.0196 0.45399 0 0.891007 -0.254758 
0.891007 0 -0.45399 -1.15142 0 1 0 -44.381 0.45399 0 0.891007 1.147 
0.878814 0 -0.477164 -1.12561 0 1 0 -42.6904 0.477164 0 0.878814 1.58275 
0.874768 0.420765 -0.240284 -60.7947 -0.0958455 0.636362 0.765413 10.8361 0.474967 -0.646529 0.596998 93.205 
0.874768 0.367186 -0.316156 -52.1053 -0.0958455 0.770718 0.629926 -11.2867 0.474967 -0.520737 0.709393 72.7372 
0.925269 0.367186 -0.0951388 -51.6577 -0.245391 0.770718 0.588028 -11.3457 0.289241 -0.520737 0.803226 72.9655 
0.947073 -0.130826 -0.29315 24.9443 0.302059 0.672348 0.675802 -4.14382 0.108686 -0.728583 0.67628 113.24 
0.947073 -0.31089 -0.0799959 48.0828 0.302059 0.947398 -0.105819 -39.4881 0.108686 0.0760551 0.991162 9.84342 
0.933714 -0.351992 0.0654205 52.9803 0.352162 0.87005 -0.344957 -33.7704 0.0645033 0.34513 0.936336 -16.0972 
0.874768 0.0822303 -0.477513 -6.20305 -0.0958455 0.995387 -0.00417066 -43.1045 0.474967 0.049416 0.878615 -18.2237 
0.874768 -0.407405 -0.262301 57.072 -0.0958455 0.385154 -0.917862 35.7553 0.474967 0.828057 0.297872 -118.847 
0.874768 -0.481158 -0.05716 65.0121 -0.0958455 -0.0561903 -0.993809 79.1851 0.474967 0.874831 -0.0952706 -124.707 
0.302276 -0.939932 -0.158613 100.395 0.888364 0.33811 -0.31063 13.3854 0.345599 -0.04701 0.937204 5.69647 
0.189962 0.113546 -0.975204 40.655 0.63249 0.745555 0.210011 -5.24486 0.750914 -0.6567 0.0698103 33.1018 
0.263495 0.0203747 -0.964446 40.6291 0.280401 0.954991 0.0967829 -2.12191 0.923009 -0.295934 0.245922 25.7069 
0.263495 0.0203747 -0.964446 40.6291 0.280401 0.954991 0.0967829 -2.12191 0.923009 -0.295934 0.245922 25.7069 
0.942538 -0.262127 -0.207152 26.9245 -0.222809 -0.0311487 -0.974364 54.8119 0.248955 0.964531 -0.0877632 -102.261 
0.946242 0.118505 -0.30097 5.12355 -0.176461 0.968936 -0.173278 0.160564 0.271087 0.217072 0.937759 -57.3385 
0.946242 0.178066 -0.270035 4.22633 -0.176461 0.983837 0.0304162 -1.87673 0.271087 0.0188696 0.96237 -55.5329 
0.946242 0.178066 -0.270035 4.22633 -0.176461 0.983837 0.0304162 -1.87673 0.271087 0.0188696 0.96237 -55.5329 
0.934603 -0.328636 0.136072 51.2338 0.33732 0.697544 -0.632177 -19.1229 0.11284 0.636734 0.762782 -45.7678 
0.891007 0 -0.45399 -0.69105 0 1 0 -45.0404 0.45399 0 0.891007 -0.254758 
0.891007 0 -0.45399 -1.15142 0 1 0 -46.4018 0.45399 0 0.891007 1.147 
0.878814 0 -0.477164 -1.12561 0 1 0 -44.7698 0.477164 0 0.878814 1.58275 
0.874768 0.426991 -0.229039 -61.6494 -0.0958455 0.615835 0.782023 11.6484 0.474967 -0.662137 0.579638 95.3595 
0.874768 0.375443 -0.306304 -53.2939 -0.0958455 0.753738 0.650148 -11.0511 0.474967 -0.539371 0.695331 75.3901 
0.922886 0.375443 -0.0855802 -52.8465 -0.250284 0.753738 0.607649 -11.1104 0.292643 -0.539371 0.789581 75.6186 
0.951871 -0.118145 -0.282813 22.9562 0.288243 0.658756 0.69495 -4.155 0.1042 -0.743022 0.661106 115.329 
0.951871 -0.293468 -0.0884198 45.4854 0.288243 0.955191 -0.0672708 -42.2473 0.1042 0.0385467 0.993809 14.8962 
0.938462 -0.342823 0.0419628 51.1616 0.336404 0.879773 -0.335902 -36.766 0.0782375 0.329348 0.940962 -13.6668 
0.874768 0.0948677 -0.475163 -8.03989 -0.0958455 0.995148 0.0222341 -45.5467 0.474967 0.0260926 0.879616 -14.9173 
0.874768 -0.393967 -0.282082 55.1317 -0.0958455 0.42997 -0.897741 27.4907 0.474967 0.812352 0.338364 -116.525 
0.874768 -0.477752 -0.0808296 64.0522 -0.0958455 -0.00708976 -0.995371 70.4286 0.474967 0.878466 -0.0519923 -124.289 
0.255582 -0.960667 -0.108612 103.118 0.905605 0.277222 -0.320979 17.2576 0.338463 -0.0163231 0.940838 2.70535 
0.172785 0.103836 -0.979471 42.2624 0.642703 0.741665 0.192002 -4.51645 0.746377 -0.662685 0.0614126 32.1225 
0.251818 0.00779127 -0.967743 42.191 0.293637 0.952213 0.0840743 -1.49019 0.922152 -0.305337 0.237497 24.7189 
0.251818 0.00779127 -0.967743 42.191 0.293637 0.952213 0.0840743 -1.49019 0.922152 -0.305337 0.237497 24.7189 
0.943862 -0.268201 -0.192851 27.597 -0.223593 -0.0889522 -0.970615 58.5901 0.243166 0.959247 -0.143927 -101.988 
0.947355 0.12168 -0.296164 5.24748 -0.173115 0.972774 -0.154082 0.514771 0.269353 0.19724 0.942627 -56.0608 
0.947355 0.175862 -0.267567 4.42708 -0.173115 0.984314 0.0340197 -1.34378 0.269353 0.0140909 0.962938 -54.3698 
0.947355 0.175862 -0.267567 4.42708 -0.173115 0.984314 0.0340197 -1.34378 0.269353 0.0140909 0.962938 -54.3698 
0.938321 -0.325826 0.115718 50.057 0.320306 0.693064 -0.645806 -20.9053 0.130221 0.643039 0.754681 -45.5816 
0.891007 0 -0.45399 -0.69105 0 1 0 -47.0612 0.45399 0 0.891007 -0.254758 
0.891007 0 -0.45399 -1.15142 0 1 0 -48.4226 0.45399 0 0.891007 1.147 
0.878814 0 -0.477164 -1.12561 0 1 0 -46.8493 0.477164 0 0.878814 1.58275 
0.874768 0.432916 -0.217632 -62.4604 -0.0958455 0.594875 0.798084 12.521 0.474967 -0.677279 0.561871 97.4454 
0.874768 0.383436 -0.296238 -54.4445 -0.0958455 0.736227 0.669913 -10.7392 0.474967 -0.557626 0.680779 77.9885 
0.92045 0.383436 -0.0758124 -53.9973 -0.255065 0.736227 0.626827 -10.7988 0.296163 -0.557626 0.775462 78.2173 
0.956402 -0.105646 -0.272277 20.9985 0.274358 0.644584 0.713609 -4.08038 0.100116 -0.757199 0.645467 117.373 
0.956402 -0.27582 -0.0960146 42.8662 0.274358 0.961209 -0.0283718 -44.767 0.100116 0.000792503 0.994975 19.97 
0.94239 -0.334003 0.0185409 49.3897 0.321502 0.88902 -0.326005 -39.6736 0.0924036 0.313185 0.945186 -11.1993 
0.874768 0.107439 -0.47248 -9.87065 -0.0958455 0.994208 0.0486236 -47.8883 0.474967 0.00275075 0.879999 -11.6017 
0.874768 -0.37957 -0.301176 53.065 -0.0958455 0.473739 -0.875434 19.3714 0.474967 0.794669 0.378032 -113.94 
0.874768 -0.473182 -0.104302 62.944 -0.0958455 0.0420285 -0.994509 61.7129 0.474967 0.879962 -0.00858721 -123.591 
0.207677 -0.976479 -0.0579609 105.361 0.919825 0.215103 -0.328106 21.2947 0.332856 0.014826 0.942861 -0.353094 
0.154854 0.0944307 -0.983414 43.645 0.651799 0.738273 0.173527 -3.75273 0.742414 -0.66786 0.0527742 31.0715 
0.239293 -0.00473112 -0.970936 43.5338 0.305725 0.94949 0.0707212 -0.816618 0.921559 -0.313762 0.228653 23.6626 
0.239293 -0.00473112 -0.970936 43.5338 0.305725 0.94949 0.0707212 -0.816618 0.921559 -0.313762 0.228653 23.6626 
0.945237 -0.273428 -0.178224 28.1861 -0.224032 -0.146444 -0.963516 62.3525 0.237352 0.950679 -0.199681 -101.383 
0.94845 0.124567 -0.291421 5.35111 -0.169634 0.976245 -0.134794 0.882328 0.267707 0.17728 0.94705 -54.6325 
0.94845 0.173511 -0.265211 4.60654 -0.169634 0.984788 0.0376363 -0.800502 0.267707 0.00929272 0.963455 -53.061 
0.94845 0.173511 -0.265211 4.60654 -0.169634 0.984788 0.0376363 -0.800502 0.267707 0.00929272 0.963455 -53.061 
0.941049 -0.324512 0.095488 49.0394 0.304171 0.688266 -0.658612 -22.6153 0.148006 0.648831 0.746399 -45.3438 
0.891007 0 -0.45399 -0.69105 0 1 0 -49.082 0.45399 0 0.891007 -0.254758 
0.891007 0 -0.45399 -1.15142 0 1 0 -50.4434 0.45399 0 0.891007 1.147 
0.878814 0 -0.477164 -1.12561 0 1 0 -48.9287 0.477164 0 0.878814 1.58275 
0.874768 0.438537 -0.206072 -63.2269 -0.0958455 0.573496 0.813582 13.4517 0.474967 -0.691945 0.543708 99.4613 
0.874768 0.391159 -0.285962 -55.5564 -0.0958455 0.718198 0.689206 -10.3527 0.474967 -0.575488 0.665747 80.5306 
0.917965 0.391159 -0.0658424 -55.1093 -0.259733 0.718198 0.645547 -10.4126 0.2998 -0.575488 0.760877 80.7596 
0.960666 -0.0933356 -0.261549 19.0723 0.260423 0.62984 0.731766 -3.92141 0.0964345 -0.771096 0.629373 119.37 
0.960666 -0.257987 -0.102773 40.2302 0.260423 0.965434 0.010801 -47.0457 0.0964345 -0.0371408 0.994646 25.0559 
0.945518 -0.325533 -0.00480388 47.6658 0.307499 0.897792 -0.3153 -42.4939 0.106953 0.296645 0.94898 -8.69611 
0.874768 0.119934 -0.469464 -11.694 -0.0958455 0.992568 0.0749786 -50.1291 0.474967 -0.020593 0.879762 -8.27938 
0.874768 -0.364248 -0.319536 50.8763 -0.0958455 0.516354 -0.850995 11.4116 0.474967 0.775049 0.416779 -111.099 
0.874768 -0.46746 -0.127521 61.6899 -0.0958455 0.0910442 -0.991224 53.0535 0.474967 0.879314 0.0348387 -122.612 
0.158806 -0.987286 -0.00691912 107.113 0.93095 0.152071 -0.331974 25.4659 0.328805 0.0462781 0.943263 -3.46322 
0.13626 0.0853018 -0.986994 44.8001 0.659731 0.73542 0.154639 -2.96952 0.739046 -0.672221 0.0439324 29.9552 
0.226008 -0.0171789 -0.973974 44.6543 0.316597 0.94686 0.0567649 -0.116611 0.921242 -0.321187 0.219437 22.5447 
0.226008 -0.0171789 -0.973974 44.6543 0.316597 0.94686 0.0567649 -0.116612 0.921242 -0.321187 0.219437 22.5447 
0.946657 -0.277788 -0.16332 28.6898 -0.224124 -0.203429 -0.953092 66.0791 0.231534 0.938856 -0.254837 -100.45 
0.949524 0.127176 -0.286759 5.43283 -0.166028 0.979343 -0.11542 1.25482 0.266157 0.157204 0.951024 -53.0555 
0.949524 0.171021 -0.262977 4.76302 -0.166028 0.985257 0.0412671 -0.2554 0.266157 0.00447719 0.963919 -51.608 
0.949524 0.171021 -0.262977 4.76302 -0.166028 0.985257 0.0412671 -0.255399 0.266157 0.00447719 0.963919 -51.608 
0.942812 -0.324661 0.0755012 48.1793 0.288966 0.683197 -0.670627 -24.258 0.166145 0.654092 0.737942 -45.0535 
0.891007 0 -0.453991 -0.69105 0 1 0 -49.036 0.453991 0 0.891007 -0.254758 
0.891007 0 -0.453991 -1.15143 0 1 0 -50.3974 0.453991 0 0.891007 1.147 
0.878814 0 -0.477164 -1.12561 0 1 0 -48.9413 0.477164 0 0.878814 1.58275 
0.874768 0.443849 -0.194367 -63.9485 -0.0958455 0.551713 0.828509 16.5053 0.474967 -0.706124 0.525162 101.406 
0.874768 0.398607 -0.275486 -56.6288 -0.0958455 0.699663 0.708015 -7.82664 0.474967 -0.592945 0.650248 83.0145 
0.91543 0.398607 -0.0556772 -56.1818 -0.264283 0.699663 0.663797 -7.88689 0.303549 -0.592945 0.745838 83.2439 
0.964667 -0.0812228 -0.250638 17.1789 0.246452 0.614532 0.749408 -1.6128 0.0931562 -0.784699 0.612837 121.318 
0.964667 -0.240006 -0.108691 37.5827 0.246452 0.967855 0.0501712 -47.0153 0.0931562 -0.0751856 0.992809 30.1449 
0.947873 -0.317414 -0.0280319 45.9907 0.294437 0.90609 -0.303823 -43.1609 0.121837 0.279732 0.952316 -6.15858 
0.874768 0.132344 -0.466117 -13.5087 -0.0958455 0.99023 0.101281 -50.2024 0.474967 -0.0439222 0.878907 -4.9527 
0.874768 -0.348039 -0.337118 48.5708 -0.0958455 0.557711 -0.824483 5.6915 0.474967 0.753543 0.45451 -108.008 
0.874768 -0.460599 -0.150429 60.2926 -0.0958455 0.139838 -0.985525 46.5324 0.474967 0.876524 0.0781796 -121.355 
0.13961 -0.990067 0.0166651 107.668 0.933878 0.126054 -0.334637 28.0802 0.329212 0.0622817 0.9422 -5.07477 
0.130643 0.0785342 -0.988314 45.3535 0.661033 0.736042 0.145869 -1.85103 0.738896 -0.672365 0.0442453 29.2654 
0.223499 -0.0281442 -0.974298 45.2042 0.31874 0.946736 0.0457695 1.02003 0.921115 -0.320777 0.220565 21.8413 
0.223499 -0.0281442 -0.974298 45.2042 0.31874 0.946736 0.0457695 1.02003 0.921115 -0.320777 0.220565 21.8413 
0.947295 -0.278727 -0.157935 28.8091 -0.223316 -0.221039 -0.949353 67.9104 0.229701 0.934587 -0.271633 -100.1 
0.950165 0.131343 -0.282728 5.25897 -0.162759 0.982502 -0.0905568 1.97858 0.265887 0.13206 0.954916 -51.4557 
0.950165 0.169155 -0.261864 4.67806 -0.162759 0.985589 0.0460897 0.682763 0.265887 -0.00117217 0.964004 -50.173 
0.950165 0.169155 -0.261864 4.67806 -0.162759 0.985589 0.0460897 0.682762 0.265887 -0.00117217 0.964004 -50.173 
0.943636 -0.326235 0.0558721 47.4742 0.274738 0.677898 -0.681889 -23.7712 0.184581 0.658805 0.729318 -44.7097 
0.891007 0 -0.453991 -0.69105 0 1 0 -44.8565 0.453991 0 0.891007 -0.254758 
0.891007 0 -0.453991 -1.15142 0 1 0 -46.2179 0.453991 0 0.891007 1.147 
