21 25 0.25 1
0.891007 0 -0.45399 -0.69105 0 1 0 -14.8238 0.45399 0 0.891007 -0.254758 
0.891007 0 -0.45399 -1.15142 0 1 0 -16.1852 0.45399 0 0.891007 1.147 
0.878814 0 -0.477164 -1.12561 0 1 0 -13.7325 0.477164 0 0.878814 1.58275 
0.874768 0.314754 -0.368388 -46.0098 -0.0958455 0.857663 0.505201 8.59448 0.474967 -0.406626 0.780424 59.7222 
0.874768 0.238679 -0.421678 -33.6164 -0.0958455 0.938302 0.332269 -4.77721 0.474967 -0.250243 0.843673 34.1984 
0.950797 0.238679 -0.197527 -33.1671 -0.173382 0.938302 0.299212 -4.83118 0.256756 -0.250243 0.933518 34.4245 
0.860208 -0.308133 -0.40632 52.9599 0.467971 0.793559 0.388931 6.23793 0.202597 -0.524708 0.826823 83.2116 
0.860208 -0.500275 0.0988287 77.6504 0.467971 0.697442 -0.54275 18.589 0.202597 0.513127 0.83406 -50.1515 
0.790677 -0.500275 0.352924 80.195 0.60952 0.697442 -0.376908 15.5491 -0.0575865 0.513127 0.856379 -43.5387 
0.874768 -0.0840494 -0.477196 17.6397 -0.0958455 0.935366 -0.340446 -0.4496 0.474967 0.343549 0.810173 -59.3289 
0.874768 -0.483367 0.0337085 69.2431 -0.0958455 -0.240809 -0.965828 151.546 0.474967 0.841645 -0.256981 -123.697 
0.874768 -0.419671 0.242191 63.594 -0.0958455 -0.639829 -0.762517 191.663 0.474967 0.643813 -0.599926 -105.198 
0.703889 -0.301574 -0.643113 30.6869 0.447934 0.891132 0.0723875 -8.07909 0.551268 -0.339025 0.762342 32.2849 
0.311722 0.269784 -0.911069 2.90538 0.428192 0.816077 0.388161 -2.92863 0.848222 -0.511111 0.13887 36.8851 
0.309639 0.17525 -0.934565 4.11753 0.0426429 0.97932 0.197771 1.78347 0.949897 -0.10109 0.295763 30.0076 
0.309639 0.17525 -0.934565 4.11753 0.0426429 0.97932 0.197771 1.78347 0.949897 -0.10109 0.295763 30.0076 
0.931637 -0.11896 -0.343367 11.986 -0.183958 0.660493 -0.727948 14.9398 0.313388 0.741348 0.593457 -76.8485 
0.932165 0.04876 -0.358736 2.4207 -0.205281 0.887387 -0.412801 2.43584 0.298209 0.45844 0.8372 -60.4309 
0.932165 0.190456 -0.307889 0.49669 -0.205281 0.97857 -0.0161787 -2.16881 0.298209 0.0782847 0.951285 -57.5864 
0.932165 0.190456 -0.307889 0.49669 -0.205281 0.97857 -0.0161787 -2.16881 0.298209 0.0782847 0.951285 -57.5864 
0.790677 -0.500275 0.352924 80.195 0.60952 0.697442 -0.376908 15.5491 -0.0575865 0.513127 0.856379 -43.5387 
0.891007 0 -0.45399 -0.69105 0 1 0 -14.8238 0.45399 0 0.891007 -0.254758 
0.891007 0 -0.45399 -1.15142 0 1 0 -16.1852 0.45399 0 0.891007 1.147 
0.878814 0 -0.477164 -1.12561 0 1 0 -13.7325 0.477164 0 0.878814 1.58275 
0.881613 0.310356 -0.355582 -45.3318 -0.103053 0.861795 0.496679 7.97042 0.460586 -0.401234 0.791752 58.9904 
0.881613 0.236805 -0.408268 -33.3509 -0.103053 0.940732 0.323115 -5.12337 0.460586 -0.242789 0.853765 33.1279 
0.954194 0.236805 -0.182859 -32.8983 -0.178161 0.940732 0.288586 -5.18086 0.24036 -0.242789 0.93983 33.3466 
0.843288 -0.372391 -0.387544 63.5336 0.503059 0.800721 0.325233 4.59326 0.189201 -0.469223 0.862573 74.3872 
0.843288 -0.511567 0.164815 81.4179 0.503059 0.643331 -0.577111 24.8181 0.189201 0.569582 0.799862 -59.1006 
0.754697 -0.511567 0.410768 84.4164 0.653316 0.643331 -0.399128 21.5973 -0.0600792 0.569582 0.819735 -52.7697 
0.869632 -0.0769652 -0.487664 16.373 -0.111793 0.931418 -0.346356 0.00578308 0.480877 0.355719 0.801387 -60.6027 
0.869632 -0.493038 0.0255688 70.1416 -0.111793 -0.247099 -0.96252 152.304 0.480877 0.83418 -0.270003 -122.434 
0.869632 -0.431931 0.239115 64.7646 -0.111793 -0.644032 -0.756786 192.223 0.480877 0.631394 -0.608358 -103.43 
0.703889 -0.301574 -0.643113 30.6869 0.447934 0.891132 0.0723875 -8.07909 0.551268 -0.339025 0.762342 32.2849 
0.311722 0.269784 -0.911069 2.90538 0.428192 0.816077 0.388161 -2.92863 0.848222 -0.511111 0.13887 36.8851 
0.309639 0.17525 -0.934565 4.11753 0.0426429 0.97932 0.197771 1.78347 0.949897 -0.10109 0.295763 30.0076 
0.309639 0.17525 -0.934565 4.11753 0.0426429 0.97932 0.197771 1.78347 0.949897 -0.10109 0.295763 30.0076 
0.931637 -0.11896 -0.343367 11.986 -0.183958 0.660493 -0.727948 14.9398 0.313388 0.741348 0.593457 -76.8485 
0.932165 0.04876 -0.358736 2.4207 -0.205281 0.887387 -0.412801 2.43584 0.298209 0.45844 0.8372 -60.4309 
0.932165 0.190456 -0.307889 0.49669 -0.205281 0.97857 -0.0161787 -2.16881 0.298209 0.0782847 0.951285 -57.5864 
0.932165 0.190456 -0.307889 0.49669 -0.205281 0.97857 -0.0161787 -2.16881 0.298209 0.0782847 0.951285 -57.5864 
0.754697 -0.511567 0.410768 84.4163 0.653316 0.643331 -0.399128 21.5973 -0.0600792 0.569582 0.819735 -52.7697 
0.891007 0 -0.45399 -0.69105 0 1 0 -14.8238 0.45399 0 0.891007 -0.254758 
0.891007 0 -0.45399 -1.15142 0 1 0 -16.1852 0.45399 0 0.891007 1.147 
0.878814 0 -0.477164 -1.12561 0 1 0 -13.7325 0.477164 0 0.878814 1.58275 
0.888225 0.306048 -0.342624 -44.6662 -0.110104 0.865871 0.488 7.35374 0.446019 -0.395729 0.802786 58.2413 
0.888225 0.235049 -0.394726 -33.1022 -0.110104 0.943078 0.313818 -5.45747 0.446019 -0.23528 0.863545 32.0495 
0.957334 0.235049 -0.16812 -32.6464 -0.182753 0.943078 0.277859 -5.51836 0.22386 -0.23528 0.945796 32.2607 
0.824015 -0.433812 -0.364427 73.68 0.537408 0.802158 0.260261 3.87663 0.179424 -0.410305 0.894124 64.9661 
0.824015 -0.517715 0.230154 84.4617 0.537408 0.585564 -0.606884 31.7092 0.179424 0.623767 0.760737 -67.9135 
0.716668 -0.517715 0.467287 87.9042 0.695028 0.585564 -0.417194 28.3399 -0.0576389 0.623767 0.779482 -61.8934 
0.864288 -0.0697069 -0.498144 15.0818 -0.127939 0.927314 -0.351738 0.473145 0.486455 0.367735 0.792548 -61.8556 
0.864288 -0.502702 0.0172548 71.0373 -0.127939 -0.25288 -0.959001 152.989 0.486455 0.826645 -0.282876 -121.16 
0.864288 -0.444261 0.235878 65.94 -0.127939 -0.647686 -0.751089 192.703 0.486455 0.618979 -0.616625 -101.659 
0.703889 -0.301574 -0.643113 30.6869 0.447934 0.891132 0.0723875 -8.07909 0.551268 -0.339025 0.762342 32.2849 
0.311722 0.269784 -0.911069 2.90538 0.428192 0.816077 0.388161 -2.92863 0.848222 -0.511111 0.13887 36.8851 
0.309639 0.17525 -0.934565 4.11753 0.0426429 0.97932 0.197771 1.78347 0.949897 -0.10109 0.295763 30.0076 
0.309639 0.17525 -0.934565 4.11753 0.0426429 0.97932 0.197771 1.78347 0.949897 -0.10109 0.295763 30.0076 
0.931637 -0.11896 -0.343367 11.986 -0.183958 0.660493 -0.727948 14.9398 0.313388 0.741348 0.593457 -76.8485 
0.932165 0.04876 -0.358736 2.4207 -0.205281 0.887387 -0.412801 2.43584 0.298209 0.45844 0.8372 -60.4309 
0.932165 0.190456 -0.307889 0.49669 -0.205281 0.97857 -0.0161787 -2.16881 0.298209 0.0782847 0.951285 -57.5864 
0.932165 0.190456 -0.307889 0.49669 -0.205281 0.97857 -0.0161787 -2.16881 0.298209 0.0782847 0.951285 -57.5864 
0.716668 -0.517715 0.467287 87.9042 0.695028 0.585564 -0.417194 28.3399 -0.0576389 0.623767 0.779482 -61.8933 
0.891007 0 -0.45399 -0.69105 0 1 0 -14.8238 0.45399 0 0.891007 -0.254758 
0.891007 0 -0.45399 -1.15142 0 1 0 -16.1852 0.45399 0 0.891007 1.147 
0.878814 0 -0.477164 -1.12561 0 1 0 -13.7325 0.477164 0 0.878814 1.58275 
0.894603 0.301831 -0.329519 -44.0131 -0.116996 0.869891 0.479168 6.74467 0.431274 -0.390112 0.81352 57.475 
0.894603 0.23341 -0.381057 -32.8704 -0.116996 0.945338 0.304381 -5.77931 0.431274 -0.227718 0.873011 30.9637 
0.960216 0.23341 -0.153314 -32.4117 -0.187157 0.945338 0.267035 -5.84354 0.207263 -0.227718 0.951413 31.1673 
0.802638 -0.492021 -0.337176 83.336 0.570721 0.797799 0.194407 4.10286 0.173346 -0.348472 0.921151 55.0304 
0.802638 -0.518739 0.294417 86.7694 0.570721 0.524464 -0.631834 39.2267 0.173346 0.675165 0.71701 -76.5083 
0.676956 -0.518739 0.522149 90.6434 0.734303 0.524464 -0.430972 35.7425 -0.050286 0.675165 0.735951 -70.8252 
0.858729 -0.0622771 -0.508631 13.7664 -0.144267 0.923056 -0.356587 0.952576 0.491702 0.37959 0.783671 -63.0874 
0.858729 -0.512354 0.00876953 71.9294 -0.144267 -0.258148 -0.955273 153.598 0.491702 0.819056 -0.295595 -119.879 
0.858729 -0.456656 0.232483 67.1195 -0.144267 -0.650786 -0.745429 193.105 0.491702 0.606582 -0.62473 -99.8876 
0.703889 -0.301574 -0.643113 30.6869 0.447934 0.891132 0.0723875 -8.07909 0.551268 -0.339025 0.762342 32.2849 
0.311722 0.269784 -0.911069 2.90538 0.428192 0.816077 0.388161 -2.92863 0.848222 -0.511111 0.13887 36.8851 
0.309639 0.17525 -0.934565 4.11753 0.0426429 0.97932 0.197771 1.78347 0.949897 -0.10109 0.295763 30.0076 
0.309639 0.17525 -0.934565 4.11753 0.0426429 0.97932 0.197771 1.78347 0.949897 -0.10109 0.295763 30.0076 
0.931637 -0.11896 -0.343367 11.986 -0.183958 0.660493 -0.727948 14.9398 0.313388 0.741348 0.593457 -76.8485 
0.932165 0.04876 -0.358736 2.4207 -0.205281 0.887387 -0.412801 2.43584 0.298209 0.45844 0.8372 -60.4309 
0.932165 0.190456 -0.307889 0.49669 -0.205281 0.97857 -0.0161787 -2.16881 0.298209 0.0782847 0.951285 -57.5864 
0.932165 0.190456 -0.307889 0.49669 -0.205281 0.97857 -0.0161787 -2.16881 0.298209 0.0782847 0.951285 -57.5864 
0.676956 -0.518739 0.522149 90.6434 0.734303 0.524464 -0.430972 35.7425 -0.050286 0.675165 0.735951 -70.8252 
0.891007 0 -0.45399 -0.69105 0 1 0 -14.8238 0.45399 0 0.891007 -0.254758 
0.891007 0 -0.45399 -1.15142 0 1 0 -16.1852 0.45399 0 0.891007 1.147 
0.878814 0 -0.477164 -1.12561 0 1 0 -13.7325 0.477164 0 0.878814 1.58275 
0.900745 0.297708 -0.316273 -43.3729 -0.123726 0.873852 0.470185 6.14345 0.416354 -0.384386 0.823952 56.6919 
0.900745 0.23189 -0.367267 -32.6556 -0.123726 0.947513 0.294808 -6.08881 0.416354 -0.220106 0.882158 29.8708 
0.962839 0.23189 -0.138448 -32.194 -0.191371 0.947513 0.256119 -6.15628 0.190573 -0.220106 0.956679 30.0667 
0.77942 -0.546674 -0.306026 92.4431 0.602709 0.787616 0.128076 5.28006 0.171015 -0.28427 0.943369 44.6669 
0.77942 -0.5147 0.357194 88.3345 0.602709 0.460382 -0.651759 47.33 0.171015 0.723279 0.669045 -84.8044 
0.635936 -0.5147 0.575039 92.6252 0.770801 0.460382 -0.440356 43.7653 -0.038086 0.723279 0.689505 -79.482 
0.852952 -0.0546786 -0.519118 12.4272 -0.160758 0.918645 -0.360899 1.44409 0.496618 0.391282 0.77477 -64.2975 
0.852952 -0.521989 0.000116576 72.8173 -0.160758 -0.262898 -0.951337 154.134 0.496618 0.811426 -0.308153 -118.592 
0.852952 -0.46911 0.22893 68.3022 -0.160758 -0.65333 -0.739809 193.427 0.496618 0.594219 -0.632672 -98.118 
0.703889 -0.301574 -0.643113 30.6869 0.447934 0.891132 0.0723875 -8.07909 0.551268 -0.339025 0.762342 32.2849 
0.311722 0.269784 -0.911069 2.90538 0.428192 0.816077 0.388161 -2.92863 0.848222 -0.511111 0.13887 36.8851 
0.309639 0.17525 -0.934565 4.11753 0.0426429 0.97932 0.197771 1.78347 0.949897 -0.10109 0.295763 30.0076 
0.309639 0.17525 -0.934565 4.11753 0.0426429 0.97932 0.197771 1.78347 0.949897 -0.10109 0.295763 30.0076 
0.931637 -0.11896 -0.343367 11.986 -0.183958 0.660493 -0.727948 14.9398 0.313388 0.741348 0.593457 -76.8485 
0.932165 0.04876 -0.358736 2.4207 -0.205281 0.887387 -0.412801 2.43584 0.298209 0.45844 0.8372 -60.4309 
0.932165 0.190456 -0.307889 0.49669 -0.205281 0.97857 -0.0161787 -2.16881 0.298209 0.0782847 0.951285 -57.5864 
0.932165 0.190456 -0.307889 0.49669 -0.205281 0.97857 -0.0161787 -2.16881 0.298209 0.0782847 0.951285 -57.5864 
0.635936 -0.5147 0.575039 92.6252 0.770801 0.460382 -0.440356 43.7653 -0.038086 0.723279 0.689505 -79.482 
0.891007 0 -0.45399 -0.69105 0 1 0 -14.8238 0.45399 0 0.891007 -0.254758 
0.891007 0 -0.45399 -1.15142 0 1 0 -16.1852 0.45399 0 0.891007 1.147 
0.878814 0 -0.477164 -1.12561 0 1 0 -13.7325 0.477164 0 0.878814 1.58275 
0.906648 0.293679 -0.302889 -42.7458 -0.130291 0.877753 0.461057 5.55027 0.401265 -0.378552 0.834077 55.8922 
0.906648 0.230489 -0.353361 -32.4579 -0.130291 0.9496 0.285102 -6.38582 0.401265 -0.212448 0.890984 28.7713 
0.965203 0.230489 -0.123527 -31.9936 -0.195394 0.9496 0.245113 -6.45645 0.173797 -0.212448 0.961593 28.9593 
0.754632 -0.597461 -0.271238 100.948 0.633083 0.771622 0.061682 7.40968 0.172441 -0.218264 0.960534 33.9662 
0.754632 -0.505697 0.418092 89.1566 0.633083 0.393696 -0.66649 55.9737 0.172441 0.767642 0.617244 -92.724 
0.593983 -0.505697 0.625664 93.8468 0.804199 0.393696 -0.445271 52.3637 -0.0211491 0.767642 0.64053 -87.7828 
0.84695 -0.0469143 -0.529598 11.0644 -0.177395 0.914082 -0.36467 1.94778 0.501205 0.402806 0.76586 -65.4855 
0.84695 -0.531601 -0.00870074 73.7 -0.177395 -0.267125 -0.947193 154.594 0.501205 0.803769 -0.320545 -117.302 
0.84695 -0.481614 0.225218 69.4871 -0.177395 -0.655312 -0.734232 193.67 0.501205 0.581905 -0.640453 -96.3521 
0.703889 -0.301574 -0.643113 30.6869 0.447934 0.891132 0.0723875 -8.07909 0.551268 -0.339025 0.762342 32.2849 
0.311722 0.269784 -0.911069 2.90538 0.428192 0.816077 0.388161 -2.92863 0.848222 -0.511111 0.13887 36.8851 
0.309639 0.17525 -0.934565 4.11753 0.0426429 0.97932 0.197771 1.78347 0.949897 -0.10109 0.295763 30.0076 
0.309639 0.17525 -0.934565 4.11753 0.0426429 0.97932 0.197771 1.78347 0.949897 -0.10109 0.295763 30.0076 
0.931637 -0.11896 -0.343367 11.986 -0.183958 0.660493 -0.727948 14.9398 0.313388 0.741348 0.593457 -76.8485 
0.932165 0.04876 -0.358736 2.4207 -0.205281 0.887387 -0.412801 2.43584 0.298209 0.45844 0.8372 -60.4309 
0.932165 0.190456 -0.307889 0.49669 -0.205281 0.97857 -0.0161787 -2.16881 0.298209 0.0782847 0.951285 -57.5864 
0.932165 0.190456 -0.307889 0.49669 -0.205281 0.97857 -0.0161787 -2.16881 0.298209 0.0782847 0.951285 -57.5864 
0.593983 -0.505697 0.625664 93.8468 0.804199 0.393696 -0.445271 52.3637 -0.0211491 0.767642 0.64053 -87.7828 
0.891007 0 -0.45399 -0.69105 0 1 0 -14.8238 0.45399 0 0.891007 -0.254758 
0.891007 0 -0.45399 -1.15142 0 1 0 -16.1852 0.45399 0 0.891007 1.147 
0.878814 0 -0.477164 -1.12561 0 1 0 -13.7325 0.477164 0 0.878814 1.58275 
0.91231 0.289746 -0.289374 -42.132 -0.13669 0.881593 0.451784 4.96535 0.386013 -0.372613 0.843892 55.0763 
0.91231 0.229207 -0.339344 -32.2774 -0.13669 0.9516 0.275268 -6.67026 0.386013 -0.204745 0.899485 27.6654 
0.967305 0.229207 -0.108556 -31.8104 -0.199223 0.9516 0.234023 -6.74397 0.156942 -0.204745 0.966152 27.8457 
0.728552 -0.644109 -0.233099 108.804 0.661566 0.749874 -0.00435603 10.4863 0.177601 -0.151037 0.972443 23.0221 
0.728552 -0.491867 0.476738 89.2411 0.661566 0.324808 -0.675892 65.1078 0.177601 0.807816 0.562042 -100.192 
0.551474 -0.491867 0.673753 94.3114 0.834192 0.324808 -0.445673 61.4881 0.000371426 0.807816 0.589434 -95.6492 
0.840719 -0.0389869 -0.540066 9.67846 -0.194161 0.90937 -0.367896 2.46368 0.505463 0.414157 0.756955 -66.651 
0.840719 -0.541183 -0.0176789 74.5767 -0.194161 -0.270826 -0.942844 154.979 0.505463 0.7961 -0.332765 -116.009 
0.840719 -0.494162 0.221349 70.6733 -0.194161 -0.656732 -0.728701 193.833 0.505463 0.569655 -0.648074 -94.592 
0.703889 -0.301574 -0.643113 30.6869 0.447934 0.891132 0.0723875 -8.07909 0.551268 -0.339025 0.762342 32.2849 
0.311722 0.269784 -0.911069 2.90538 0.428192 0.816077 0.388161 -2.92863 0.848222 -0.511111 0.13887 36.8851 
0.309639 0.17525 -0.934565 4.11753 0.0426429 0.97932 0.197771 1.78347 0.949897 -0.10109 0.295763 30.0076 
0.309639 0.17525 -0.934565 4.11753 0.0426429 0.97932 0.197771 1.78347 0.949897 -0.10109 0.295763 30.0076 
0.931637 -0.11896 -0.343367 11.986 -0.183958 0.660493 -0.727948 14.9398 0.313388 0.741348 0.593457 -76.8485 
0.932165 0.04876 -0.358736 2.4207 -0.205281 0.887387 -0.412801 2.43584 0.298209 0.45844 0.8372 -60.4309 
0.932165 0.190456 -0.307889 0.49669 -0.205281 0.97857 -0.0161787 -2.16881 0.298209 0.0782847 0.951285 -57.5864 
0.932165 0.190456 -0.307889 0.49669 -0.205281 0.97857 -0.0161787 -2.16881 0.298209 0.0782847 0.951285 -57.5864 
0.551474 -0.491867 0.673753 94.3114 0.834192 0.324808 -0.445673 61.4881 0.000371426 0.807816 0.589434 -95.6492 
0.891007 0 -0.45399 -0.69105 0 1 0 -14.8238 0.45399 0 0.891007 -0.254758 
0.891007 0 -0.45399 -1.15142 0 1 0 -16.1852 0.45399 0 0.891007 1.147 
0.878814 0 -0.477164 -1.12561 0 1 0 -13.7325 0.477164 0 0.878814 1.58275 
0.917729 0.285911 -0.275732 -41.5317 -0.142919 0.88537 0.442372 4.38893 0.370604 -0.366571 0.853393 54.2445 
0.917729 0.228046 -0.32522 -32.1141 -0.142919 0.953512 0.265308 -6.94205 0.370604 -0.197001 0.907658 26.5538 
0.969147 0.228046 -0.0935407 -31.6446 -0.202858 0.953512 0.222852 -7.01872 0.140013 -0.197001 0.970354 26.7261 
0.701462 -0.686382 -0.191915 115.97 0.687891 0.722468 -0.0696155 14.4976 0.186435 -0.0831839 0.978939 11.9307 
0.701462 -0.473382 0.532786 88.5992 0.687891 0.254139 -0.679867 74.6785 0.186435 0.843399 0.503904 -107.137 
0.508784 -0.473382 0.719061 94.0281 0.860493 0.254139 -0.441548 71.0847 0.0262796 0.843399 0.536644 -103.006 
0.834254 -0.0308995 -0.550514 8.26964 -0.211036 0.90451 -0.370574 2.99184 0.509396 0.425331 0.74807 -67.7935 
0.834254 -0.550728 -0.0268141 75.4466 -0.211036 -0.273997 -0.938291 155.289 0.509396 0.788431 -0.344806 -114.717 
0.834254 -0.506746 0.217323 71.8598 -0.211036 -0.657587 -0.723218 193.916 0.509396 0.557484 -0.655536 -92.8396 
0.703889 -0.301574 -0.643113 30.6869 0.447934 0.891132 0.0723875 -8.07909 0.551268 -0.339025 0.762342 32.2849 
0.311722 0.269784 -0.911069 2.90538 0.428192 0.816077 0.388161 -2.92863 0.848222 -0.511111 0.13887 36.8851 
0.309639 0.17525 -0.934565 4.11753 0.0426429 0.97932 0.197771 1.78347 0.949897 -0.10109 0.295763 30.0076 
0.309639 0.17525 -0.934565 4.11753 0.0426429 0.97932 0.197771 1.78347 0.949897 -0.10109 0.295763 30.0076 
0.931637 -0.11896 -0.343367 11.986 -0.183958 0.660493 -0.727948 14.9398 0.313388 0.741348 0.593457 -76.8485 
0.932165 0.04876 -0.358736 2.4207 -0.205281 0.887387 -0.412801 2.43584 0.298209 0.45844 0.8372 -60.4309 
0.932165 0.190456 -0.307889 0.49669 -0.205281 0.97857 -0.0161787 -2.16881 0.298209 0.0782847 0.951285 -57.5864 
0.932165 0.190456 -0.307889 0.49669 -0.205281 0.97857 -0.0161787 -2.16881 0.298209 0.0782847 0.951285 -57.5864 
0.508784 -0.473382 0.719061 94.0281 0.860493 0.254139 -0.441548 71.0847 0.0262796 0.843399 0.536644 -103.006 
0.891007 0 -0.45399 -0.69105 0 1 0 -14.8238 0.45399 0 0.891007 -0.254758 
0.891007 0 -0.45399 -1.15142 0 1 0 -16.1852 0.45399 0 0.891007 1.147 
0.878814 0 -0.477164 -1.12561 0 1 0 -13.7325 0.477164 0 0.878814 1.58275 
0.922903 0.282175 -0.261967 -40.9452 -0.148977 0.889083 0.432824 3.82121 0.355043 -0.360427 0.862576 53.397 
0.922903 0.227005 -0.310995 -31.968 -0.148977 0.955335 0.255226 -7.20102 0.355043 -0.189218 0.915501 25.4366 
0.970726 0.227005 -0.0784869 -31.4962 -0.206297 0.955335 0.211604 -7.28059 0.123017 -0.189218 0.974199 25.6009 
0.673645 -0.724082 -0.148012 122.41 0.7118 0.689544 -0.133674 19.4244 0.198852 -0.0153062 0.97991 0.789521 
0.673645 -0.450449 0.585916 87.2476 0.7118 0.182131 -0.678357 84.6277 0.198852 0.874027 0.443321 -113.491 
0.466279 -0.450449 0.761367 93.012 0.882842 0.182131 -0.432919 81.0955 0.0563396 0.874027 0.482599 -109.784 
0.82755 -0.022655 -0.560935 6.8383 -0.228003 0.899504 -0.372703 3.5323 0.513007 0.436325 0.739219 -68.9126 
0.82755 -0.56023 -0.0361027 76.3086 -0.228003 -0.276637 -0.933534 155.524 0.513007 0.780778 -0.356665 -113.426 
0.82755 -0.519358 0.21314 73.0455 -0.228003 -0.657874 -0.717785 193.92 0.513007 0.545407 -0.662839 -91.097 
0.703889 -0.301574 -0.643113 30.6869 0.447934 0.891132 0.0723875 -8.07909 0.551268 -0.339025 0.762342 32.2849 
0.311722 0.269784 -0.911069 2.90538 0.428192 0.816077 0.388161 -2.92863 0.848222 -0.511111 0.13887 36.8851 
0.309639 0.17525 -0.934565 4.11753 0.0426429 0.97932 0.197771 1.78347 0.949897 -0.10109 0.295763 30.0076 
0.309639 0.17525 -0.934565 4.11753 0.0426429 0.97932 0.197771 1.78347 0.949897 -0.10109 0.295763 30.0076 
0.931637 -0.11896 -0.343367 11.986 -0.183958 0.660493 -0.727948 14.9398 0.313388 0.741348 0.593457 -76.8485 
0.932165 0.04876 -0.358736 2.4207 -0.205281 0.887387 -0.412801 2.43584 0.298209 0.45844 0.8372 -60.4309 
0.932165 0.190456 -0.307889 0.49669 -0.205281 0.97857 -0.0161787 -2.16881 0.298209 0.0782847 0.951285 -57.5864 
0.932165 0.190456 -0.307889 0.49669 -0.205281 0.97857 -0.0161787 -2.16881 0.298209 0.0782847 0.951285 -57.5864 
0.466279 -0.450449 0.761367 93.012 0.882842 0.182131 -0.432919 81.0955 0.0563396 0.874027 0.482599 -109.784 
0.891007 0 -0.45399 -0.69105 0 1 0 -14.8238 0.45399 0 0.891007 -0.254758 
0.891007 0 -0.45399 -1.15142 0 1 0 -16.1852 0.45399 0 0.891007 1.147 
0.878814 0 -0.477164 -1.12561 0 1 0 -13.7325 0.477164 0 0.878814 1.58275 
0.927831 0.278539 -0.248085 -40.3726 -0.154861 0.892731 0.423142 3.2624 0.339335 -0.354185 0.871438 52.5341 
0.927831 0.226085 -0.296675 -31.8394 -0.154861 0.957068 0.245027 -7.44714 0.339335 -0.1814 0.923009 24.3145 
0.972042 0.226085 -0.0634001 -31.3653 -0.209539 0.957068 0.200284 -7.52951 0.105959 -0.1814 0.977684 24.4707 
0.645387 -0.75705 -0.101733 128.095 0.733054 0.651284 -0.196113 25.2406 0.214725 0.0519936 0.97529 -10.3032 
0.645387 -0.423306 0.635836 85.2083 0.733054 0.109238 -0.671341 94.8942 0.214725 0.899377 0.380807 -119.193 
0.424317 -0.423306 0.800479 91.2834 0.901002 0.109238 -0.419836 91.4588 0.0902758 0.899377 0.427751 -115.916 
0.820603 -0.0142562 -0.57132 5.38479 -0.245043 0.894354 -0.37428 4.08517 0.516298 0.447133 0.730416 -70.0078 
0.820603 -0.569681 -0.0455411 77.1617 -0.245043 -0.278744 -0.928577 155.683 0.516298 0.773153 -0.368335 -112.139 
0.820603 -0.531989 0.2088 74.2293 -0.245043 -0.657595 -0.712406 193.845 0.516298 0.533438 -0.669985 -89.3661 
0.703889 -0.301574 -0.643113 30.6869 0.447934 0.891132 0.0723875 -8.07909 0.551268 -0.339025 0.762342 32.2849 
0.311722 0.269784 -0.911069 2.90538 0.428192 0.816077 0.388161 -2.92863 0.848222 -0.511111 0.13887 36.8851 
0.309639 0.17525 -0.934565 4.11753 0.0426429 0.97932 0.197771 1.78347 0.949897 -0.10109 0.295763 30.0076 
0.309639 0.17525 -0.934565 4.11753 0.0426429 0.97932 0.197771 1.78347 0.949897 -0.10109 0.295763 30.0076 
0.931637 -0.11896 -0.343367 11.986 -0.183958 0.660493 -0.727948 14.9398 0.313388 0.741348 0.593457 -76.8485 
0.932165 0.04876 -0.358736 2.4207 -0.205281 0.887387 -0.412801 2.43584 0.298209 0.45844 0.8372 -60.4309 
0.932165 0.190456 -0.307889 0.49669 -0.205281 0.97857 -0.0161787 -2.16881 0.298209 0.0782847 0.951285 -57.5864 
0.932165 0.190456 -0.307889 0.49669 -0.205281 0.97857 -0.0161787 -2.16881 0.298209 0.0782847 0.951285 -57.5864 
0.424317 -0.423306 0.800479 91.2834 0.901002 0.109238 -0.419836 91.4588 0.0902758 0.899377 0.427751 -115.916 
0.891007 0 -0.45399 -0.69105 0 1 0 -14.8238 0.45399 0 0.891007 -0.254758 
0.891007 0 -0.45399 -1.15142 0 1 0 -16.1852 0.45399 0 0.891007 1.147 
0.878814 0 -0.477164 -1.12561 0 1 0 -13.7325 0.477164 0 0.878814 1.58275 
0.932509 0.275005 -0.234092 -39.8143 -0.16057 0.896312 0.413331 2.71269 0.323488 -0.347847 0.879976 51.6563 
0.932509 0.225286 -0.282264 -31.7281 -0.16057 0.958711 0.234713 -7.68028 0.323488 -0.173549 0.930181 23.1877 
0.973095 0.225286 -0.0482856 -31.2519 -0.212582 0.958711 0.188896 -7.76538 0.0888475 -0.173549 0.980809 23.3358 
0.616968 -0.785172 -0.05343 133.003 0.751428 0.607909 -0.256521 31.9136 0.233894 0.118117 0.965061 -21.2493 
0.616968 -0.392219 0.682286 82.5084 0.751428 0.03593 -0.658836 105.414 0.233894 0.91917 0.316892 -124.186 
0.383246 -0.392219 0.836234 88.8682 0.914765 0.03593 -0.402385 102.11 0.127777 0.91917 0.372558 -121.343 
0.81341 -0.00570637 -0.581662 3.90949 -0.26214 0.889061 -0.375304 4.65042 0.519275 0.457753 0.721675 -71.0787 
0.81341 -0.579072 -0.0551251 78.005 -0.26214 -0.280316 -0.92342 155.768 0.519275 0.76557 -0.37981 -110.858 
0.81341 -0.544632 0.204303 75.4102 -0.26214 -0.656748 -0.707082 193.691 0.519275 0.521592 -0.676975 -87.6488 
0.703889 -0.301574 -0.643113 30.6869 0.447934 0.891132 0.0723875 -8.07909 0.551268 -0.339025 0.762342 32.2849 
0.311722 0.269784 -0.911069 2.90538 0.428192 0.816077 0.388161 -2.92863 0.848222 -0.511111 0.13887 36.8851 
0.309639 0.17525 -0.934565 4.11753 0.0426429 0.97932 0.197771 1.78347 0.949897 -0.10109 0.295763 30.0076 
0.309639 0.17525 -0.934565 4.11753 0.0426429 0.97932 0.197771 1.78347 0.949897 -0.10109 0.295763 30.0076 
0.931637 -0.11896 -0.343367 11.986 -0.183958 0.660493 -0.727948 14.9398 0.313388 0.741348 0.593457 -76.8485 
0.932165 0.04876 -0.358736 2.4207 -0.205281 0.887387 -0.412801 2.43584 0.298209 0.45844 0.8372 -60.4309 
0.932165 0.190456 -0.307889 0.49669 -0.205281 0.97857 -0.0161787 -2.16881 0.298209 0.0782847 0.951285 -57.5864 
0.932165 0.190456 -0.307889 0.49669 -0.205281 0.97857 -0.0161787 -2.16881 0.298209 0.0782847 0.951285 -57.5864 
0.383246 -0.392219 0.836234 88.8682 0.914765 0.03593 -0.402385 102.11 0.127777 0.91917 0.372558 -121.343 
0.891007 0 -0.45399 -0.69105 0 1 0 -14.8238 0.45399 0 0.891007 -0.254758 
0.891007 0 -0.45399 -1.15142 0 1 0 -16.1852 0.45399 0 0.891007 1.147 
0.878814 0 -0.477164 -1.12561 0 1 0 -13.7325 0.477164 0 0.878814 1.58275 
0.936937 0.271574 -0.219992 -39.2703 -0.1661 0.899824 0.403395 2.17231 0.307505 -0.341415 0.888187 50.7637 
0.936937 0.224608 -0.267769 -31.6342 -0.1661 0.960263 0.224289 -7.90038 0.307505 -0.165668 0.937014 22.0568 
0.973885 0.224608 -0.0331493 -31.156 -0.215426 0.960263 0.177443 -7.9881 0.0716871 -0.165668 0.983573 22.1967 
0.588664 -0.80837 -0.00346771 137.119 0.766715 0.559679 -0.314495 39.404 0.256169 0.182473 0.949253 -31.9521 
0.588664 -0.357483 0.725038 79.1798 0.766715 -0.0373188 -0.640902 116.119 0.256169 0.933174 0.252119 -128.418 
0.343396 -0.357483 0.868496 85.797 0.923952 -0.0373188 -0.380683 112.98 0.168499 0.933174 0.317482 -126.009 
0.805967 0.00299117 -0.591953 2.41281 -0.279274 0.883628 -0.375777 5.22815 0.521942 0.46818 0.71301 -72.1247 
0.805967 -0.588398 -0.0648507 78.8374 -0.279274 -0.281354 -0.918066 155.778 0.521942 0.758042 -0.391086 -109.583 
0.805967 -0.557277 0.199649 76.587 -0.279274 -0.655333 -0.701815 193.458 0.521942 0.509883 -0.68381 -85.9469 
0.703889 -0.301574 -0.643113 30.6869 0.447934 0.891132 0.0723875 -8.07909 0.551268 -0.339025 0.762342 32.2849 
0.311722 0.269784 -0.911069 2.90538 0.428192 0.816077 0.388161 -2.92863 0.848222 -0.511111 0.13887 36.8851 
0.309639 0.17525 -0.934565 4.11753 0.0426429 0.97932 0.197771 1.78347 0.949897 -0.10109 0.295763 30.0076 
0.309639 0.17525 -0.934565 4.11753 0.0426429 0.97932 0.197771 1.78347 0.949897 -0.10109 0.295763 30.0076 
0.931637 -0.11896 -0.343367 11.986 -0.183958 0.660493 -0.727948 14.9398 0.313388 0.741348 0.593457 -76.8485 
0.932165 0.04876 -0.358736 2.4207 -0.205281 0.887387 -0.412801 2.43584 0.298209 0.45844 0.8372 -60.4309 
0.932165 0.190456 -0.307889 0.49669 -0.205281 0.97857 -0.0161787 -2.16881 0.298209 0.0782847 0.951285 -57.5864 
0.932165 0.190456 -0.307889 0.49669 -0.205281 0.97857 -0.0161787 -2.16881 0.298209 0.0782847 0.951285 -57.5864 
0.343396 -0.357483 0.868496 85.797 0.923952 -0.0373188 -0.380683 112.98 0.168499 0.933174 0.317482 -126.009 
0.891007 0 -0.45399 -0.69105 0 1 0 -14.8238 0.45399 0 0.891007 -0.254758 
0.891007 0 -0.45399 -1.15142 0 1 0 -16.1852 0.45399 0 0.891007 1.147 
0.878814 0 -0.477164 -1.12561 0 1 0 -13.7325 0.477164 0 0.878814 1.58275 
0.941113 0.268247 -0.20579 -38.7408 -0.17145 0.903267 0.393336 1.64145 0.291395 -0.334891 0.896068 49.8569 
0.941113 0.224052 -0.253193 -31.5578 -0.17145 0.961724 0.213758 -8.1073 0.291395 -0.15776 0.943504 20.922 
0.974411 0.224052 -0.0179964 -31.0777 -0.21807 0.961724 0.165931 -8.19757 0.0544848 -0.15776 0.985973 21.0537 
0.560743 -0.82661 0.0477845 140.434 0.77873 0.506895 -0.369645 47.6664 0.28133 0.244487 0.927943 -42.3164 
0.560743 -0.319413 0.763899 75.2586 0.77873 -0.110027 -0.617636 126.942 0.28133 0.941206 0.18704 -131.846 
0.305081 -0.319413 0.897162 82.1053 0.928414 -0.110027 -0.354881 124.001 0.212065 0.941206 0.262981 -129.866 
0.79827 0.0118335 -0.602184 0.895121 -0.296427 0.878056 -0.375697 5.81836 0.524306 0.478411 0.704433 -73.1455 
0.79827 -0.597648 -0.074714 79.6578 -0.296427 -0.281857 -0.912517 155.713 0.524306 0.750582 -0.402157 -108.318 
0.79827 -0.569915 0.194839 77.7584 -0.296427 -0.653352 -0.696607 193.146 0.524306 0.498325 -0.69049 -84.2623 
0.703889 -0.301574 -0.643113 30.6869 0.447934 0.891132 0.0723875 -8.07909 0.551268 -0.339025 0.762342 32.2849 
0.311722 0.269784 -0.911069 2.90538 0.428192 0.816077 0.388161 -2.92863 0.848222 -0.511111 0.13887 36.8851 
0.309639 0.17525 -0.934565 4.11753 0.0426429 0.97932 0.197771 1.78347 0.949897 -0.10109 0.295763 30.0076 
0.309639 0.17525 -0.934565 4.11753 0.0426429 0.97932 0.197771 1.78347 0.949897 -0.10109 0.295763 30.0076 
0.931637 -0.11896 -0.343367 11.986 -0.183958 0.660493 -0.727948 14.9398 0.313388 0.741348 0.593457 -76.8485 
0.932165 0.04876 -0.358736 2.4207 -0.205281 0.887387 -0.412801 2.43584 0.298209 0.45844 0.8372 -60.4309 
0.932165 0.190456 -0.307889 0.49669 -0.205281 0.97857 -0.0161787 -2.16881 0.298209 0.0782847 0.951285 -57.5864 
0.932165 0.190456 -0.307889 0.49669 -0.205281 0.97857 -0.0161787 -2.16881 0.298209 0.0782847 0.951285 -57.5864 
0.305081 -0.319413 0.897162 82.1053 0.928414 -0.110027 -0.354881 124.001 0.212065 0.941206 0.262981 -129.866 
0.891007 0 -0.45399 -0.69105 0 1 0 -14.8238 0.45399 0 0.891007 -0.254758 
0.891007 0 -0.45399 -1.15142 0 1 0 -16.1852 0.45399 0 0.891007 1.147 
0.878814 0 -0.477164 -1.12561 0 1 0 -13.7325 0.477164 0 0.878814 1.58275 
0.945035 0.265026 -0.191492 -38.2262 -0.176619 0.906639 0.383159 1.12029 0.275162 -0.328277 0.903615 48.9359 
0.945035 0.223618 -0.238543 -31.4989 -0.176619 0.963092 0.203124 -8.30104 0.275162 -0.149828 0.949651 19.7839 
0.974673 0.223618 -0.00283282 -31.0171 -0.220513 0.963092 0.154362 -8.39374 0.0372466 -0.149828 0.98801 19.9072 
0.533464 -0.839896 0.0999537 142.945 0.787308 0.44989 -0.421598 56.6489 0.30913 0.303602 0.901257 -52.2498 
0.533464 -0.278348 0.79871 70.7853 0.787308 -0.181711 -0.589175 137.81 0.30913 0.943135 0.122209 -134.431 
0.268597 -0.278348 0.922159 77.8327 0.928037 -0.181711 -0.325158 135.099 0.258073 0.943135 0.20951 -132.873 
0.790316 0.020817 -0.612346 -0.643145 -0.313583 0.872348 -0.375066 6.42117 0.526371 0.488441 0.695959 -74.1405 
0.790316 -0.606815 -0.0847105 80.4651 -0.313583 -0.281826 -0.906774 155.574 0.526371 0.743202 -0.413018 -107.063 
0.790316 -0.582537 0.189873 78.9233 -0.313583 -0.650807 -0.691459 192.757 0.526371 0.48693 -0.697017 -82.5966 
0.703889 -0.301574 -0.643113 30.6869 0.447934 0.891132 0.0723875 -8.07909 0.551268 -0.339025 0.762342 32.2849 
0.311722 0.269784 -0.911069 2.90538 0.428192 0.816077 0.388161 -2.92863 0.848222 -0.511111 0.13887 36.8851 
0.309639 0.17525 -0.934565 4.11753 0.0426429 0.97932 0.197771 1.78347 0.949897 -0.10109 0.295763 30.0076 
0.309639 0.17525 -0.934565 4.11753 0.0426429 0.97932 0.197771 1.78347 0.949897 -0.10109 0.295763 30.0076 
0.931637 -0.11896 -0.343367 11.986 -0.183958 0.660493 -0.727948 14.9398 0.313388 0.741348 0.593457 -76.8485 
0.932165 0.04876 -0.358736 2.4207 -0.205281 0.887387 -0.412801 2.43584 0.298209 0.45844 0.8372 -60.4309 
0.932165 0.190456 -0.307889 0.49669 -0.205281 0.97857 -0.0161787 -2.16881 0.298209 0.0782847 0.951285 -57.5864 
0.932165 0.190456 -0.307889 0.49669 -0.205281 0.97857 -0.0161787 -2.16881 0.298209 0.0782847 0.951285 -57.5864 
0.268597 -0.278348 0.922159 77.8327 0.928037 -0.181711 -0.325158 135.099 0.258073 0.943135 0.20951 -132.873 
0.891007 0 -0.45399 -0.69105 0 1 0 -14.8238 0.45399 0 0.891007 -0.254758 
0.891007 0 -0.45399 -1.15142 0 1 0 -16.1852 0.45399 0 0.891007 1.147 
0.878814 0 -0.477164 -1.12561 0 1 0 -13.7325 0.477164 0 0.878814 1.58275 
0.948703 0.261911 -0.177103 -37.7265 -0.181603 0.90994 0.372867 0.609039 0.258811 -0.321577 0.910826 48.0013 
0.948703 0.223306 -0.223824 -31.4575 -0.181603 0.964368 0.192392 -8.48152 0.258811 -0.141875 0.955452 18.6428 
0.97467 0.223306 0.0123361 -30.9741 -0.222753 0.964368 0.142743 -8.57654 0.0199789 -0.141875 0.989683 18.7578 
0.507075 -0.848273 0.152667 144.656 0.792309 0.389034 -0.469999 66.2943 0.339295 0.359284 0.869364 -61.6636 
0.507075 -0.234642 0.829348 65.8038 0.792309 -0.251891 -0.555695 148.654 0.339295 0.938879 0.058181 -136.142 
0.234217 -0.234642 0.943444 73.0228 0.922739 -0.251891 -0.291724 146.201 0.306096 0.938879 0.157516 -134.996 
0.782103 0.0299388 -0.622429 -2.20161 -0.330722 0.866506 -0.373885 7.03645 0.528145 0.498268 0.687599 -75.1094 
0.782103 -0.61589 -0.0948364 81.2582 -0.330722 -0.281262 -0.900841 155.361 0.528145 0.735915 -0.423665 -105.82 
0.782103 -0.595132 0.18475 80.0803 -0.330722 -0.647699 -0.686373 192.29 0.528145 0.475714 -0.703391 -80.9517 
0.703889 -0.301574 -0.643113 30.6869 0.447934 0.891132 0.0723875 -8.07909 0.551268 -0.339025 0.762342 32.2849 
0.311722 0.269784 -0.911069 2.90538 0.428192 0.816077 0.388161 -2.92863 0.848222 -0.511111 0.13887 36.8851 
0.309639 0.17525 -0.934565 4.11753 0.0426429 0.97932 0.197771 1.78347 0.949897 -0.10109 0.295763 30.0076 
0.309639 0.17525 -0.934565 4.11753 0.0426429 0.97932 0.197771 1.78347 0.949897 -0.10109 0.295763 30.0076 
0.931637 -0.11896 -0.343367 11.986 -0.183958 0.660493 -0.727948 14.9398 0.313388 0.741348 0.593457 -76.8485 
0.932165 0.04876 -0.358736 2.4207 -0.205281 0.887387 -0.412801 2.43584 0.298209 0.45844 0.8372 -60.4309 
0.932165 0.190456 -0.307889 0.49669 -0.205281 0.97857 -0.0161787 -2.16881 0.298209 0.0782847 0.951285 -57.5864 
0.932165 0.190456 -0.307889 0.49669 -0.205281 0.97857 -0.0161787 -2.16881 0.298209 0.0782847 0.951285 -57.5864 
0.234217 -0.234642 0.943444 73.0228 0.922739 -0.251891 -0.291724 146.201 0.306096 0.938879 0.157516 -134.996 
0.891007 0 -0.45399 -0.69105 0 1 0 -14.8238 0.45399 0 0.891007 -0.254758 
0.891007 0 -0.45399 -1.15142 0 1 0 -16.1852 0.45399 0 0.891007 1.147 
0.878814 0 -0.477164 -1.12561 0 1 0 -13.7325 0.477164 0 0.878814 1.58275 
0.952114 0.258905 -0.162629 -37.242 -0.186402 0.913167 0.362464 0.107895 0.242351 -0.314793 0.917699 47.0533 
0.952114 0.223117 -0.209042 -31.4336 -0.186402 0.965551 0.181564 -8.64862 0.242351 -0.133904 0.960904 17.4992 
0.974404 0.223117 0.0275047 -30.9487 -0.22479 0.965551 0.131076 -8.7459 0.00268818 -0.133904 0.990991 17.6057 
0.481809 -0.851825 0.205556 145.578 0.793616 0.324727 -0.514515 76.5399 0.371528 0.411031 0.832479 -70.4732 
0.481809 -0.188663 0.855725 60.3611 0.793616 -0.320092 -0.517411 159.4 0.371528 0.928411 -0.0044975 -136.957 
0.202188 -0.188663 0.961003 67.7226 0.912474 -0.320092 -0.254818 157.234 0.355685 0.928411 0.107431 -136.208 
0.773629 0.0391953 -0.632425 -3.77982 -0.347828 0.860532 -0.372157 7.66438 0.529635 0.507886 0.679366 -76.0515 
0.773629 -0.624863 -0.105087 82.0358 -0.347828 -0.280168 -0.894719 155.076 0.529635 0.728733 -0.434091 -104.591 
0.773629 -0.607691 0.179471 81.2283 -0.347828 -0.644032 -0.68135 191.746 0.529635 0.464688 -0.709614 -79.3292 
0.703889 -0.301574 -0.643113 30.6869 0.447934 0.891132 0.0723875 -8.07909 0.551268 -0.339025 0.762342 32.2849 
0.311722 0.269784 -0.911069 2.90538 0.428192 0.816077 0.388161 -2.92863 0.848222 -0.511111 0.13887 36.8851 
0.309639 0.17525 -0.934565 4.11753 0.0426429 0.97932 0.197771 1.78347 0.949897 -0.10109 0.295763 30.0076 
0.309639 0.17525 -0.934565 4.11753 0.0426429 0.97932 0.197771 1.78347 0.949897 -0.10109 0.295763 30.0076 
0.931637 -0.11896 -0.343367 11.986 -0.183958 0.660493 -0.727948 14.9398 0.313388 0.741348 0.593457 -76.8485 
0.932165 0.04876 -0.358736 2.4207 -0.205281 0.887387 -0.412801 2.43584 0.298209 0.45844 0.8372 -60.4309 
0.932165 0.190456 -0.307889 0.49669 -0.205281 0.97857 -0.0161787 -2.16881 0.298209 0.0782847 0.951285 -57.5864 
0.932165 0.190456 -0.307889 0.49669 -0.205281 0.97857 -0.0161787 -2.16881 0.298209 0.0782847 0.951285 -57.5864 
0.202188 -0.188663 0.961003 67.7226 0.912474 -0.320092 -0.254818 157.234 0.355685 0.928411 0.107431 -136.208 
0.891007 0 -0.45399 -0.69105 0 1 0 -14.8238 0.45399 0 0.891007 -0.254758 
0.891007 0 -0.45399 -1.15142 0 1 0 -16.1852 0.45399 0 0.891007 1.147 
0.878814 0 -0.477164 -1.12561 0 1 0 -13.7325 0.477164 0 0.878814 1.58275 
0.955267 0.256007 -0.148073 -36.7728 -0.191014 0.91632 0.351954 -0.383011 0.225785 -0.307926 0.924231 46.0923 
0.955267 0.223049 -0.194201 -31.4273 -0.191014 0.96664 0.170646 -8.80232 0.225785 -0.125917 0.966005 16.3535 
0.973873 0.223049 0.0426674 -30.941 -0.226623 0.96664 0.119367 -8.90173 -0.0146194 -0.125917 0.991933 16.4516 
0.457886 -0.850673 0.258256 145.728 0.791139 0.257398 -0.554838 87.3179 0.405511 0.458369 0.79086 -78.5988 
0.457886 -0.140791 0.877792 54.5071 0.791139 -0.385849 -0.474572 169.976 0.405511 0.911755 -0.0652892 -136.86 
0.172736 -0.140791 0.974854 61.9818 0.89723 -0.385849 -0.214708 168.122 0.406375 0.911755 0.0596721 -136.49 
0.764893 0.0485832 -0.642323 -5.37734 -0.364882 0.854428 -0.369884 8.30489 0.530849 0.517294 0.671272 -76.9665 
0.764893 -0.633726 -0.115458 82.7968 -0.364882 -0.278546 -0.88841 154.718 0.530849 0.721667 -0.444293 -103.377 
0.764893 -0.620203 0.174034 82.3658 -0.364882 -0.639809 -0.676392 191.126 0.530849 0.453865 -0.715686 -77.7307 
0.703889 -0.301574 -0.643113 30.6869 0.447934 0.891132 0.0723875 -8.07909 0.551268 -0.339025 0.762342 32.2849 
0.311722 0.269784 -0.911069 2.90538 0.428192 0.816077 0.388161 -2.92863 0.848222 -0.511111 0.13887 36.8851 
0.309639 0.17525 -0.934565 4.11753 0.0426429 0.97932 0.197771 1.78347 0.949897 -0.10109 0.295763 30.0076 
0.309639 0.17525 -0.934565 4.11753 0.0426429 0.97932 0.197771 1.78347 0.949897 -0.10109 0.295763 30.0076 
0.931637 -0.11896 -0.343367 11.986 -0.183958 0.660493 -0.727948 14.9398 0.313388 0.741348 0.593457 -76.8485 
0.932165 0.04876 -0.358736 2.4207 -0.205281 0.887387 -0.412801 2.43584 0.298209 0.45844 0.8372 -60.4309 
0.932165 0.190456 -0.307889 0.49669 -0.205281 0.97857 -0.0161787 -2.16881 0.298209 0.0782847 0.951285 -57.5864 
0.932165 0.190456 -0.307889 0.49669 -0.205281 0.97857 -0.0161787 -2.16881 0.298209 0.0782847 0.951285 -57.5864 
0.172736 -0.140791 0.974854 61.9818 0.89723 -0.385849 -0.214708 168.122 0.406375 0.911755 0.0596721 -136.49 
0.891007 0 -0.45399 -0.69105 0 1 0 -14.8238 0.45399 0 0.891007 -0.254758 
0.891007 0 -0.45399 -1.15142 0 1 0 -16.1852 0.45399 0 0.891007 1.147 
0.878814 0 -0.477164 -1.12561 0 1 0 -13.7325 0.477164 0 0.878814 1.58275 
0.958161 0.253219 -0.133443 -36.3192 -0.195436 0.919397 0.341341 -0.863449 0.209121 -0.300981 0.930419 45.1187 
0.958161 0.223104 -0.179308 -31.4385 -0.195436 0.967636 0.159641 -8.94255 0.209121 -0.117919 0.970754 15.2061 
0.973078 0.223104 0.0578187 -30.951 -0.228251 0.967636 0.107619 -9.04402 -0.0319372 -0.117919 0.992509 15.2956 
0.435506 -0.844972 0.310413 145.127 0.784814 0.187503 -0.590685 98.5562 0.440909 0.500864 0.744805 -85.9668 
0.435506 -0.0914134 0.895532 48.2939 0.784814 -0.448708 -0.427466 180.31 0.440909 0.88899 -0.123673 -135.842 
0.146058 -0.0914134 0.985044 55.8532 0.877032 -0.448708 -0.171683 178.793 0.457691 0.88899 0.0146352 -135.83 
0.755891 0.0580991 -0.652114 -6.99373 -0.381868 0.848196 -0.36707 8.95807 0.531794 0.526487 0.66333 -77.8538 
0.755891 -0.642469 -0.125945 83.54 -0.381868 -0.276398 -0.881919 154.288 0.531794 0.714729 -0.454266 -102.18 
0.755891 -0.632658 0.168441 83.4916 -0.381868 -0.635033 -0.671498 190.432 0.531794 0.443257 -0.721608 -76.1577 
0.703889 -0.301574 -0.643113 30.6869 0.447934 0.891132 0.0723875 -8.07909 0.551268 -0.339025 0.762342 32.2849 
0.311722 0.269784 -0.911069 2.90538 0.428192 0.816077 0.388161 -2.92863 0.848222 -0.511111 0.13887 36.8851 
0.309639 0.17525 -0.934565 4.11753 0.0426429 0.97932 0.197771 1.78347 0.949897 -0.10109 0.295763 30.0076 
0.309639 0.17525 -0.934565 4.11753 0.0426429 0.97932 0.197771 1.78347 0.949897 -0.10109 0.295763 30.0076 
0.931637 -0.11896 -0.343367 11.986 -0.183958 0.660493 -0.727948 14.9398 0.313388 0.741348 0.593457 -76.8485 
0.932165 0.04876 -0.358736 2.4207 -0.205281 0.887387 -0.412801 2.43584 0.298209 0.45844 0.8372 -60.4309 
0.932165 0.190456 -0.307889 0.49669 -0.205281 0.97857 -0.0161787 -2.16881 0.298209 0.0782847 0.951285 -57.5864 
0.932165 0.190456 -0.307889 0.49669 -0.205281 0.97857 -0.0161787 -2.16881 0.298209 0.0782847 0.951285 -57.5864 
0.146058 -0.0914134 0.985044 55.8532 0.877032 -0.448708 -0.171683 178.793 0.457691 0.88899 0.0146352 -135.83 
0.891007 0 -0.45399 -0.69105 0 1 0 -14.8238 0.45399 0 0.891007 -0.254758 
0.891007 0 -0.45399 -1.15142 0 1 0 -16.1852 0.45399 0 0.891007 1.147 
0.878814 0 -0.477164 -1.12561 0 1 0 -13.7325 0.477164 0 0.878814 1.58275 
0.960796 0.250542 -0.118743 -35.8811 -0.199667 0.922398 0.330629 -1.33325 0.192365 -0.293958 0.936261 44.1328 
0.960796 0.223282 -0.164367 -31.4673 -0.199667 0.968538 0.148553 -9.06926 0.192365 -0.10991 0.975149 14.0574 
0.97202 0.223282 0.0729527 -30.9787 -0.229674 0.968538 0.0958364 -9.17268 -0.0492589 -0.10991 0.99272 14.1384 
