21 51 0.5 1
0.871536 0.207912 -0.444069 -23.2547 -0.185251 0.978148 0.0943898 19.2548 0.45399 -1.49012e-08 0.891007 -0.254755 
0.88122 0.147809 -0.449003 -16.8972 -0.131699 0.989016 0.067104 16.6295 0.45399 -1.11759e-08 0.891007 1.147 
0.955901 0.147 0.254251 -14.5998 -0.168428 0.983598 0.0645518 19.762 -0.240592 -0.104528 0.964982 15.7904 
0.9522 -0.273892 0.135268 45.5163 0.17802 0.857388 0.482903 39.3717 -0.24824 -0.43574 0.865163 63.0774 
0.958652 -0.281042 0.0447415 46.5923 0.257763 0.924139 0.282002 28.229 -0.120602 -0.258809 0.95837 34.1985 
0.989865 -0.137622 -0.0350176 22.274 0.0952018 0.826083 -0.555448 43.0374 0.10537 0.546485 0.830813 -101.695 
0.51289 -0.720951 0.466017 122.763 0.678793 0.00826296 -0.734284 170.123 0.525532 0.692936 0.493614 -126.66 
0.605621 0.27701 0.745981 -7.68389 0.337346 -0.93842 0.074596 299.902 0.720708 0.206477 -0.661775 -68.7961 
0.35327 0.27701 0.893569 -0.875595 0.299302 -0.93842 0.172586 301.166 0.886351 0.206477 -0.414425 -72.1865 
0.993861 -0.105729 -0.0325746 20.1173 0.11061 0.943544 0.312235 21.854 -0.00227664 -0.313921 0.949446 45.472 
0.989032 0.010478 0.147327 4.98476 0.140946 0.231213 -0.962639 114.632 -0.0441503 0.972847 0.2272 -121.815 
0.989032 0.0740016 0.127824 -1.36154 0.140946 -0.214181 -0.966572 158.688 -0.0441503 0.973987 -0.222262 -123.336 
0.666264 -0.0725015 -0.742183 5.78389 -0.235032 0.924121 -0.301265 23.7145 0.707709 0.375159 0.598668 -41.4247 
0.343671 0.152961 -0.926549 -3.18798 -0.241124 0.96794 0.0703579 22.095 0.907606 0.199233 0.369536 -34.5378 
0.0923202 0.572769 -0.814501 -5.5158 -0.655339 0.650809 0.383379 27.4219 0.749672 0.498381 0.435441 -36.3216 
0.0923202 0.572769 -0.814501 -5.5158 -0.655339 0.650809 0.383379 27.4219 0.749672 0.498381 0.435441 -36.3216 
0.470974 0.807485 -0.355179 -86.4842 -0.881293 0.412983 -0.229711 68.6648 -0.0388057 0.421205 0.906135 -46.6805 
0.786585 0.117457 0.606208 -41.4258 0.0354277 0.97154 -0.234212 47.931 -0.616465 0.205704 0.760037 -41.6885 
0.819671 0.0945724 0.564974 -40.383 -0.0173753 0.989928 -0.140498 46.1946 -0.572571 0.105346 0.813059 -40.5836 
0.819671 0.0945724 0.564974 -40.383 -0.0173753 0.989928 -0.140498 46.1946 -0.572571 0.105346 0.813059 -40.5836 
0.35327 0.27701 0.893569 -0.875591 0.299302 -0.93842 0.172586 301.166 0.886351 0.206477 -0.414425 -72.1865 
0.873371 0.197975 -0.445004 -22.1538 -0.176397 0.980207 0.0898787 18.6785 0.45399 -2.23517e-08 0.891007 -0.254755 
0.882511 0.137765 -0.449661 -15.77 -0.12275 0.990465 0.0625442 16.1179 0.45399 -1.67638e-08 0.891007 1.147 
0.954877 0.143185 0.260206 -14.2667 -0.16523 0.984124 0.0648043 19.3901 -0.246796 -0.104874 0.963376 15.8364 
0.952949 -0.263128 0.150504 43.7854 0.164485 0.865904 0.472393 37.8143 -0.254621 -0.425411 0.868443 61.6056 
0.964352 -0.257626 0.060448 42.791 0.232469 0.933911 0.271604 26.4685 -0.126425 -0.24787 0.960509 32.6255 
0.991397 -0.127006 -0.0316511 20.627 0.0873664 0.822156 -0.562518 43.5889 0.0974656 0.554914 0.826179 -102.854 
0.533541 -0.734225 0.419818 124.807 0.658465 0.0490739 -0.75101 163.395 0.530808 0.67713 0.509645 -124.315 
0.592958 0.2089 0.777664 2.19952 0.333988 -0.942576 -0.00146119 298.548 0.732702 0.260597 -0.628678 -75.5968 
0.331666 0.2089 0.919977 9.21614 0.318969 -0.942576 0.0990385 299.241 0.887838 0.260597 -0.379253 -78.7165 
0.998752 -0.0457606 -0.0200181 10.5137 0.049454 0.962186 0.267865 18.0989 0.00700347 -0.268521 0.963248 38.4816 
0.994986 0.0264805 0.0964465 1.08823 0.0896895 0.190498 -0.977582 118.783 -0.0442597 0.98133 0.187168 -124.259 
0.994986 0.0660799 0.0750773 -2.89679 0.0896895 -0.257325 -0.962153 163.141 -0.0442597 0.964063 -0.261961 -123.957 
0.70718 -0.118484 -0.697035 10.2788 -0.199686 0.912253 -0.357659 24.0822 0.678249 0.392118 0.621467 -42.7494 
0.38688 0.146773 -0.910374 -1.02975 -0.257646 0.965138 0.0461112 22.6841 0.885405 0.216715 0.411208 -35.9458 
0.15454 0.5797 -0.80004 -3.70438 -0.658958 0.663824 0.353711 27.744 0.736133 0.47253 0.484586 -37.4582 
0.15454 0.5797 -0.80004 -3.70438 -0.658958 0.663824 0.353711 27.744 0.736133 0.47253 0.484586 -37.4582 
0.510558 0.78667 -0.347103 -83.9329 -0.85884 0.44707 -0.250043 64.9393 -0.0415224 0.425767 0.903879 -47.1696 
0.795661 0.107311 0.596161 -39.8867 0.0324229 0.975227 -0.218817 45.7025 -0.604874 0.193433 0.772471 -41.017 
0.826078 0.0644605 0.559857 -38.7191 -0.01279 0.995326 -0.0957275 43.7747 -0.56341 0.0719177 0.823041 -39.7036 
0.826078 0.0644605 0.559857 -38.7191 -0.01279 0.995326 -0.0957275 43.7747 -0.56341 0.0719177 0.823041 -39.7036 
0.350354 0.244732 0.904078 5.28354 0.314564 -0.939938 0.132537 299.325 0.882214 0.237956 -0.406296 -76.6312 
0.875116 0.188018 -0.445893 -21.0506 -0.167525 0.982166 0.0853583 18.1132 0.45399 -2.23517e-08 0.891007 -0.254755 
0.883711 0.127708 -0.450273 -14.6411 -0.113788 0.991812 0.0579779 15.6175 0.45399 -2.04891e-08 0.891007 1.147 
0.953802 0.139366 0.266154 -13.9335 -0.162048 0.984631 0.0651392 19.0189 -0.252985 -0.10526 0.961727 15.8873 
0.953415 -0.252109 0.165654 42.0173 0.150898 0.874072 0.461765 36.3042 -0.261208 -0.415257 0.871396 60.1571 
0.969295 -0.233847 0.0760378 38.9346 0.206996 0.942876 0.261031 24.8303 -0.132735 -0.237276 0.962331 31.1039 
0.992803 -0.11633 -0.0284347 18.9758 0.0795548 0.81815 -0.569474 44.1403 0.0895107 0.563114 0.821517 -103.981 
0.553666 -0.744599 0.372862 126.394 0.637796 0.0912829 -0.764777 156.426 0.535416 0.661241 0.525443 -121.957 
0.581762 0.138357 0.801504 12.2641 0.332975 -0.939578 -0.0794949 296.15 0.742078 0.313128 -0.592681 -82.1446 
0.313819 0.138357 0.939348 19.434 0.341469 -0.939578 0.0243119 296.262 0.885955 0.313128 -0.342102 -84.9775 
0.999838 0.014772 -0.0102259 0.774132 -0.0121294 0.974893 0.222342 15.2871 0.0132537 -0.222182 0.974915 31.2952 
0.998159 0.0403451 0.0452856 -2.57074 0.0388403 0.148264 -0.988185 123.328 -0.0465825 0.988124 0.146424 -126.539 
0.998159 0.0561139 0.0230162 -4.20071 0.0388403 -0.299933 -0.953169 167.783 -0.0465825 0.952308 -0.301561 -124.399 
0.7446 -0.162849 -0.647342 14.662 -0.161059 0.897301 -0.410987 24.7387 0.647789 0.410281 0.641902 -44.1936 
0.43052 0.141923 -0.891353 0.978612 -0.270626 0.962421 0.0225272 23.3747 0.861054 0.231525 0.452749 -37.235 
0.21707 0.584633 -0.781719 -2.01651 -0.658751 0.678704 0.324667 28.1464 0.720367 0.444483 0.532453 -38.4692 
0.21707 0.584633 -0.781719 -2.01651 -0.658751 0.678704 0.324667 28.1464 0.720367 0.444483 0.532453 -38.4692 
0.54909 0.76434 -0.338061 -81.2344 -0.834601 0.480144 -0.270004 61.3329 -0.044057 0.430403 0.901561 -47.6645 
0.80495 0.0973216 0.585306 -38.2841 0.0299899 0.978522 -0.203947 43.5413 -0.592584 0.181721 0.784743 -40.373 
0.832501 0.035049 0.552913 -36.9904 -0.00792324 0.998648 -0.051374 41.4345 -0.553967 0.038388 0.831653 -38.8387 
0.832501 0.035049 0.552913 -36.9904 -0.00792324 0.998648 -0.051374 41.4345 -0.553967 0.038388 0.831653 -38.8387 
0.351006 0.211332 0.912213 11.4813 0.330488 -0.939463 0.090478 296.963 0.876112 0.269717 -0.3996 -81.0401 
0.876771 0.178042 -0.446737 -19.9452 -0.158636 0.984023 0.0808291 17.5588 0.45399 -3.35276e-08 0.891007 -0.254753 
0.88482 0.117636 -0.450838 -13.5107 -0.104815 0.993057 0.0534057 15.1283 0.45399 -2.79397e-08 0.891007 1.147 
0.952676 0.135543 0.272096 -13.6 -0.158882 0.985119 0.0655565 18.6484 -0.259161 -0.105685 0.960034 15.9432 
0.953593 -0.240842 0.18071 40.2128 0.137263 0.881894 0.451023 34.8412 -0.267992 -0.405288 0.874026 58.7334 
0.973469 -0.209729 0.0914994 35.0269 0.181369 0.951032 0.250286 23.3149 -0.139511 -0.227051 0.963838 29.6372 
0.994085 -0.105596 -0.0253698 17.3207 0.0717656 0.81407 -0.576316 44.6908 0.0815093 0.571087 0.816833 -105.077 
0.573255 -0.752012 0.325355 127.513 0.616817 0.13468 -0.775499 149.249 0.539366 0.645243 0.54106 -119.582 
0.572342 0.0662387 0.817335 22.3888 0.334105 -0.929085 -0.158663 292.675 0.748864 0.363885 -0.553886 -88.4153 
0.300075 0.0662387 0.951613 29.6562 0.366352 -0.929085 -0.0508525 292.202 0.880761 0.363885 -0.303062 -90.9462 
0.997141 0.0754863 -0.00330295 -9.03936 -0.0737296 0.981635 0.175945 13.4295 0.0165239 -0.175199 0.984394 23.9601 
0.998634 0.0519154 -0.00590795 -5.95769 -0.0113265 0.104708 -0.994439 128.243 -0.0510079 0.993147 0.105153 -128.635 
0.998634 0.0440713 -0.0280682 -5.25101 -0.0113265 -0.341823 -0.939696 172.595 -0.0510079 0.93873 -0.340856 -124.649 
0.778268 -0.205348 -0.593406 18.9101 -0.1194 0.87938 -0.460906 25.6763 0.616476 0.429561 0.659875 -45.7502 
0.474241 0.138183 -0.869483 2.84235 -0.280039 0.959988 -0.000174493 24.1505 0.83467 0.243572 0.493962 -38.3981 
0.279565 0.587221 -0.759615 -0.445082 -0.65465 0.695321 0.296584 28.6144 0.702337 0.414368 0.578811 -39.3476 
0.279565 0.587221 -0.759615 -0.445083 -0.65465 0.695321 0.296584 28.6144 0.702337 0.414368 0.578811 -39.3476 
0.586487 0.740542 -0.328072 -78.3944 -0.808628 0.512135 -0.28955 57.8524 -0.0464066 0.435105 0.899183 -48.1648 
0.814402 0.0875059 0.573666 -36.6212 0.0281349 0.981449 -0.18965 41.4492 -0.579619 0.170591 0.796832 -39.758 
0.838919 0.00644977 0.544219 -35.2012 -0.0027822 0.999968 -0.00756204 39.1761 -0.54425 0.00482981 0.838909 -37.9908 
0.838919 0.00644977 0.544219 -35.2012 -0.0027822 0.999968 -0.00756204 39.1761 -0.54425 0.00482981 0.838909 -37.9908 
0.355293 0.177025 0.917839 17.6629 0.346647 -0.936842 0.0465042 294.065 0.868103 0.301644 -0.394218 -85.3949 
0.878336 0.168047 -0.447534 -18.8377 -0.149731 0.985779 0.0762916 17.0155 0.45399 -3.72529e-08 0.891007 -0.254753 
0.885838 0.107553 -0.451357 -12.3789 -0.0958305 0.994199 0.048828 14.6503 0.45399 -2.98023e-08 0.891007 1.147 
0.951499 0.131714 0.27803 -13.2662 -0.155734 0.985588 0.0660557 18.2786 -0.265322 -0.106151 0.958299 16.004 
0.953479 -0.229332 0.195665 38.3726 0.123583 0.889368 0.440172 33.4256 -0.274963 -0.395514 0.876336 57.336 
0.97686 -0.185294 0.106821 31.0716 0.155611 0.958375 0.239377 21.9228 -0.14673 -0.217215 0.965032 28.2286 
0.995242 -0.0948084 -0.0224582 15.6623 0.0639974 0.809918 -0.583042 45.2399 0.0734667 0.57883 0.812132 -106.142 
0.592303 -0.756418 0.277503 128.156 0.595558 0.179051 -0.783103 141.898 0.542667 0.629104 0.556543 -117.185 
0.564972 -0.00656655 0.825083 32.4501 0.33713 -0.910852 -0.238098 288.105 0.753093 0.412679 -0.512393 -94.3844 
0.290716 -0.00656655 0.956787 39.7595 0.393124 -0.910852 -0.125701 287.049 0.872317 0.412679 -0.262218 -96.5986 
0.990709 0.135997 0.000665126 -18.8636 -0.134946 0.982425 0.128961 12.53 0.0168851 -0.127853 0.991649 16.5225 
0.996512 0.0610493 -0.0568834 -9.03971 -0.0605532 0.0600464 -0.996357 133.503 -0.0574112 0.996327 0.0635339 -130.527 
0.996512 0.0299347 -0.0778888 -6.02696 -0.0605532 -0.382805 -0.921842 177.553 -0.0574112 0.923344 -0.379657 -124.694 
0.807952 -0.245745 -0.535559 23.0003 -0.0749788 0.858621 -0.507098 26.8857 0.584459 0.449867 0.675298 -47.412 
0.517702 0.1353 -0.844795 4.56854 -0.28589 0.958015 -0.0217648 24.9961 0.806382 0.252786 0.534647 -39.4287 
0.341668 0.587133 -0.733851 1.01882 -0.646617 0.713507 0.269803 29.1347 0.682018 0.382338 0.623433 -40.0872 
0.341668 0.587133 -0.733851 1.01882 -0.646617 0.713507 0.269803 29.1347 0.682018 0.382338 0.623433 -40.0872 
0.622674 0.715326 -0.317154 -75.4185 -0.780973 0.542978 -0.308636 54.5038 -0.0485678 0.439868 0.896748 -48.6697 
0.823966 0.0778754 0.561263 -34.9013 0.0268607 0.984029 -0.175967 39.428 -0.566003 0.160067 0.808715 -39.1734 
0.845309 -0.0212342 0.533856 -33.3559 0.00262545 0.999363 0.0355929 37.0011 -0.534272 -0.0286853 0.844826 -37.1621 
0.845309 -0.0212342 0.533856 -33.3559 0.00262545 0.999363 0.0355929 37.0011 -0.534272 -0.0286853 0.844826 -37.1621 
0.363229 0.14204 0.920809 23.7724 0.362605 -0.931942 0.000721283 290.625 0.858244 0.333628 -0.390012 -89.6775 
0.87981 0.158035 -0.448285 -17.7282 -0.14081 0.987434 0.0717463 16.4831 0.45399 -4.09782e-08 0.891007 -0.254753 
0.886765 0.0974587 -0.451829 -11.2457 -0.0868363 0.995239 0.0442453 14.1836 0.45399 -3.1665e-08 0.891007 1.147 
0.950272 0.127881 0.283954 -12.9321 -0.152606 0.986038 0.066637 17.9094 -0.271467 -0.106656 0.95652 16.0697 
0.95307 -0.217584 0.21051 36.4975 0.109865 0.896495 0.429216 32.0571 -0.282111 -0.385945 0.878328 55.9664 
0.979457 -0.160566 0.121991 27.0725 0.129745 0.964905 0.228308 20.6542 -0.154369 -0.20779 0.965916 26.8814 
0.996273 -0.0839722 -0.0197015 14.0009 0.0562488 0.805697 -0.589651 45.7871 0.0653877 0.586345 0.807418 -107.175 
0.610804 -0.757786 0.229519 128.317 0.57405 0.224177 -0.787535 134.406 0.54533 0.612785 0.571935 -114.76 
0.559889 -0.0791533 0.824778 42.3236 0.341768 -0.884738 -0.316912 282.433 0.754797 0.459318 -0.468303 -100.027 
0.28596 -0.0791533 0.954967 49.62 0.421247 -0.884738 -0.199473 280.802 0.860684 0.459318 -0.219657 -101.91 
0.980619 0.195917 0.00161328 -28.6348 -0.195392 0.977317 0.0816847 12.5856 0.0144268 -0.0804168 0.996657 9.02742 
0.991915 0.067622 -0.107389 -11.7858 -0.108601 0.0145117 -0.993979 139.079 -0.0656565 0.997605 0.0217383 -132.195 
0.991915 0.0137022 -0.126164 -6.50968 -0.108601 -0.422689 -0.899744 182.632 -0.0656565 0.906171 -0.417783 -124.525 
0.833443 -0.283815 -0.474154 26.9111 -0.0280805 0.835173 -0.54927 28.3556 0.551892 0.471099 0.688099 -49.1708 
0.560575 0.132997 -0.817354 6.16581 -0.288215 0.956644 -0.0420082 25.8975 0.77633 0.259123 0.574602 -40.3221 
0.403014 0.584061 -0.704594 2.38557 -0.634639 0.73306 0.244657 29.6952 0.659404 0.348562 0.666101 -40.6833 
0.403014 0.584061 -0.704594 2.38556 -0.634639 0.73306 0.244657 29.6952 0.659404 0.348562 0.666101 -40.6833 
0.657572 0.688747 -0.305329 -72.3131 -0.751694 0.57261 -0.327221 51.2932 -0.0505382 0.444686 0.89426 -49.1787 
0.833591 0.0684405 0.548126 -33.1277 0.0261662 0.986288 -0.162944 37.4793 -0.551762 0.150171 0.82037 -38.6206 
0.851651 -0.0479079 0.521915 -31.4588 0.00829042 0.99692 0.0779817 34.9109 -0.524044 -0.0620863 0.849425 -36.3546 
0.851651 -0.0479079 0.521915 -31.4588 0.00829042 0.99692 0.0779817 34.9109 -0.524044 -0.0620863 0.849425 -36.3546 
0.374775 0.106612 0.920966 29.7536 0.377913 -0.92466 -0.046747 286.639 0.846596 0.365565 -0.38683 -93.87 
0.881194 0.148007 -0.44899 -16.6169 -0.131875 0.988986 0.0671935 15.9618 0.45399 -4.47035e-08 0.891007 -0.254752 
0.887601 0.0873543 -0.452254 -10.1114 -0.0778333 0.996177 0.039658 13.7282 0.45399 -3.1665e-08 0.891007 1.147 
0.948995 0.124042 0.289867 -12.5977 -0.149497 0.986469 0.0672999 17.541 -0.277597 -0.107201 0.954698 16.1403 
0.952363 -0.205604 0.225237 34.5884 0.0961106 0.903275 0.418159 30.7359 -0.289427 -0.376592 0.880006 54.626 
0.98125 -0.135572 0.136999 23.0335 0.103794 0.970619 0.217084 19.5095 -0.162404 -0.198794 0.966491 25.5985 
0.997179 -0.0730909 -0.0171006 12.3371 0.0485186 0.801413 -0.596141 46.3318 0.0572772 0.593629 0.802698 -108.178 
0.628754 -0.756098 0.181616 127.99 0.55232 0.269837 -0.788752 126.808 0.547367 0.596241 0.58727 -112.3 
0.557288 -0.150611 0.816545 51.8857 0.347702 -0.850704 -0.394216 275.671 0.754011 0.503607 -0.421719 -105.316 
0.285955 -0.150611 0.946333 59.1156 0.450152 -0.850704 -0.271415 273.479 0.845927 0.503607 -0.175465 -106.856 
0.966977 0.254864 -0.000501722 -38.2893 -0.254696 0.966409 0.0344143 13.5863 0.00925592 -0.0331501 0.999407 1.51772 
0.984978 0.0715272 -0.157171 -14.1674 -0.155254 -0.031652 -0.987367 144.937 -0.0755983 0.996936 -0.0200717 -133.624 
0.984978 -0.00461095 -0.17262 -6.68248 -0.155254 -0.461282 -0.873565 187.803 -0.0755983 0.887241 -0.455068 -124.133 
0.854558 -0.319349 -0.409569 30.6218 0.0209928 0.809205 -0.587152 30.0733 0.518932 0.493157 0.698216 -51.0182 
0.602551 0.130983 -0.787258 7.64408 -0.287077 0.955984 -0.0606676 26.842 0.74466 0.262559 0.613632 -41.0744 
0.463227 0.577725 -0.672053 3.66677 -0.618732 0.753738 0.22147 30.2856 0.634501 0.313229 0.706609 -41.1328 
0.463227 0.577725 -0.672053 3.66677 -0.618732 0.753738 0.22147 30.2856 0.634501 0.313229 0.706609 -41.1328 
0.691111 0.660862 -0.292622 -69.0845 -0.720853 0.600969 -0.345264 48.2264 -0.052315 0.449553 0.89172 -49.691 
0.843227 0.0592085 0.534286 -31.3035 0.0260455 0.988248 -0.150621 35.6044 -0.536925 0.140924 0.831776 -38.1009 
0.857925 -0.0734853 0.508492 -29.5141 0.0142019 0.992732 0.119505 32.9067 -0.513578 -0.0953045 0.852734 -35.5704 
0.857925 -0.0734853 0.508492 -29.5141 0.0142019 0.992732 0.119505 32.9067 -0.513578 -0.0953045 0.852734 -35.5704 
0.389838 0.070985 0.918144 35.5506 0.392124 -0.914915 -0.0957576 282.112 0.833226 0.397356 -0.384503 -97.9548 
0.882487 0.137963 -0.449648 -15.5038 -0.122926 0.990437 0.0626338 15.4515 0.45399 -4.84288e-08 0.891007 -0.254752 
0.888345 0.0772409 -0.452633 -8.97602 -0.0688222 0.997012 0.0350666 13.284 0.45399 -2.98023e-08 0.891007 1.147 
0.947667 0.120198 0.295769 -12.2629 -0.146409 0.986881 0.0680442 17.1733 -0.28371 -0.107786 0.952833 16.2159 
0.951353 -0.1934 0.23984 32.6461 0.0823254 0.909707 0.407007 29.462 -0.296899 -0.367463 0.881375 53.3162 
0.982229 -0.110335 0.151832 18.9586 0.0777819 0.975516 0.205712 18.4888 -0.170812 -0.190247 0.966762 24.3828 
0.997958 -0.0621686 -0.0146567 10.6712 0.040805 0.797066 -0.602512 46.8734 0.0491398 0.600683 0.797975 -109.15 
0.646149 -0.751354 0.134013 127.175 0.530397 0.315808 -0.78673 119.139 0.54879 0.579424 0.602575 -109.796 
0.557319 -0.220036 0.800612 61.015 0.354588 -0.808819 -0.469126 267.841 0.750775 0.545341 -0.372748 -110.226 
0.290776 -0.220036 0.931146 68.1268 0.479246 -0.808819 -0.340786 265.108 0.828114 0.545341 -0.129733 -111.409 
0.949914 0.312458 -0.00570108 -47.7638 -0.312507 0.949832 -0.012549 15.5158 0.00149418 0.0137021 0.999905 -5.96559 
0.975854 0.0726782 -0.205979 -16.1583 -0.200314 -0.0781888 -0.976607 151.043 -0.0870831 0.994286 -0.0617424 -134.799 
0.975854 -0.0249725 -0.216993 -6.53101 -0.200314 -0.498392 -0.843492 193.036 -0.0870831 0.866592 -0.49136 -123.511 
0.871141 -0.352152 -0.342202 34.1129 0.071925 0.780897 -0.620505 32.0246 0.485736 0.515935 0.7056 -52.9454 
0.643338 0.128955 -0.754643 9.01437 -0.282567 0.956111 -0.0775076 27.8185 0.711528 0.2631 0.651541 -41.6832 
0.521932 0.567873 -0.63648 4.87499 -0.598945 0.77527 0.200551 30.8969 0.607332 0.276543 0.744763 -41.4335 
0.521932 0.567873 -0.63648 4.875 -0.598945 0.77527 0.200551 30.8969 0.607332 0.276543 0.744763 -41.4335 
0.723218 0.63173 -0.279056 -65.7394 -0.688513 0.627998 -0.362723 45.3089 -0.0538963 0.454462 0.889134 -50.2061 
0.852827 0.0501836 0.519777 -29.4319 0.0264897 0.989932 -0.139039 33.8048 -0.521521 0.132345 0.842912 -37.6155 
0.864112 -0.0978906 0.493688 -27.526 0.0203483 0.986896 0.16007 30.9896 -0.502888 -0.128273 0.85478 -34.8115 
0.864112 -0.0978906 0.493688 -27.526 0.0203483 0.986896 0.16007 30.9896 -0.502888 -0.128273 0.85478 -34.8115 
0.408268 0.0354012 0.912175 41.1087 0.404792 -0.902655 -0.146143 277.056 0.818206 0.428907 -0.382855 -101.914 
0.883689 0.127905 -0.450261 -14.3891 -0.113964 0.991786 0.0580677 14.9522 0.45399 -5.40167e-08 0.891007 -0.254751 
0.888998 0.0671196 -0.452966 -7.83966 -0.059804 0.997745 0.0304716 12.8511 0.45399 -3.1665e-08 0.891007 1.147 
0.946291 0.116349 0.301657 -11.9277 -0.143342 0.987274 0.0688697 16.8063 -0.289805 -0.108411 0.950926 16.2963 
0.950039 -0.180976 0.254309 30.6715 0.0685131 0.915793 0.395764 28.2353 -0.304518 -0.358568 0.882439 52.0382 
0.982385 -0.0848808 0.166479 14.8519 0.0517305 0.979598 0.194197 17.592 -0.179566 -0.182164 0.966733 23.2369 
0.998611 -0.0512096 -0.0123713 9.00375 0.0331066 0.792661 -0.608762 47.4115 0.0409807 0.607507 0.793256 -110.092 
0.662986 -0.743568 0.0869247 125.873 0.508306 0.361865 -0.781459 111.435 0.549613 0.562281 0.617872 -107.242 
0.560085 -0.286543 0.777302 69.5943 0.362061 -0.75926 -0.540774 258.983 0.745129 0.58431 -0.321504 -114.727 
0.300423 -0.286543 0.909747 76.539 0.507917 -0.75926 -0.406872 255.735 0.80732 0.58431 -0.0825594 -115.543 
0.929589 0.368332 -0.013984 -56.9961 -0.368494 0.927762 -0.0589053 18.3509 -0.00872278 0.0599107 0.998165 -13.3839 
0.964708 0.0710091 -0.253565 -17.7354 -0.243613 -0.124835 -0.961805 157.357 -0.0999507 0.989633 -0.103131 -135.708 
0.964708 -0.0473332 -0.259031 -6.04345 -0.243613 -0.533829 -0.80974 198.3 -0.0999507 0.844267 -0.52652 -122.651 
0.883064 -0.382047 -0.272466 37.3665 0.124389 0.750448 -0.649119 34.1937 0.452465 0.539322 0.710216 -54.9431 
0.682665 0.126603 -0.71968 10.2884 -0.274795 0.957062 -0.0922995 28.8176 0.677094 0.260774 0.688143 -42.1474 
0.57875 0.554294 -0.598169 6.02343 -0.575358 0.797352 0.182187 31.5225 0.577937 0.238721 0.780385 -41.585 
0.57875 0.554294 -0.598169 6.02343 -0.575358 0.797352 0.182187 31.5225 0.577937 0.238721 0.780385 -41.585 
0.753828 0.601414 -0.26466 -62.2848 -0.654742 0.653641 -0.37956 42.5456 -0.0552796 0.459407 0.886504 -50.7232 
0.862342 0.041368 0.504633 -27.516 0.0274853 0.991363 -0.128237 32.0815 -0.50558 0.124454 0.853757 -37.1656 
0.870192 -0.121057 0.477609 -25.4985 0.0267165 0.979514 0.199596 29.1603 -0.491987 -0.160927 0.8556 -34.0798 
0.870192 -0.121057 0.477609 -25.4985 0.0267165 0.979514 0.199596 29.1603 -0.491987 -0.160927 0.8556 -34.0798 
0.429862 0.000100285 0.902895 46.3759 0.415487 -0.887852 -0.197711 271.487 0.801617 0.460129 -0.381695 -105.73 
0.884799 0.117834 -0.450827 -13.2729 -0.104991 0.993033 0.0534956 14.4641 0.45399 -5.7742e-08 0.891007 -0.254751 
0.889559 0.0569914 -0.453252 -6.70247 -0.0507797 0.998375 0.0258735 12.4296 0.45399 -3.91155e-08 0.891007 1.147 
0.944865 0.112494 0.307532 -11.5921 -0.140299 0.987647 0.0697762 16.44 -0.295883 -0.109075 0.948976 16.3816 
0.948417 -0.16834 0.268638 28.6656 0.0546776 0.921532 0.384433 27.0558 -0.312274 -0.349915 0.883201 50.7933 
0.98171 -0.0592366 0.18093 10.7174 0.025663 0.982863 0.182544 16.8193 -0.188643 -0.174562 0.966407 22.1632 
0.999139 -0.0402175 -0.0102448 7.33509 0.025422 0.788202 -0.614892 47.9454 0.0328044 0.614102 0.788545 -111.004 
0.679264 -0.732772 0.0405692 124.086 0.486072 0.407785 -0.772946 103.731 0.549849 0.544754 0.633173 -104.626 
0.565642 -0.349277 0.747031 77.512 0.369736 -0.702307 -0.608326 249.149 0.737119 0.620298 -0.268114 -118.793 
0.314826 -0.349277 0.882548 84.2439 0.53555 -0.702307 -0.468989 245.416 0.783626 0.620298 -0.0340488 -119.229 
0.906183 0.422127 -0.0253253 -65.9255 -0.422351 0.900405 -0.104357 22.0627 -0.0212487 0.105263 0.994217 -20.701 
0.951719 0.0664772 -0.299686 -18.8788 -0.285003 -0.171323 -0.943092 163.838 -0.114037 0.982969 -0.144105 -136.34 
0.951719 -0.0716245 -0.298498 -5.21092 -0.285003 -0.567408 -0.772542 203.562 -0.114037 0.820316 -0.560426 -121.551 
0.890228 -0.408873 -0.200792 40.3659 0.178047 0.718067 -0.672815 36.5635 0.419278 0.563208 0.712041 -57.0017 
0.720284 0.123618 -0.682575 11.4785 -0.263896 0.958838 -0.104824 29.8314 0.641521 0.255632 0.723258 -42.4671 
0.63331 0.536813 -0.557449 7.12555 -0.548084 0.819655 0.166643 32.1572 0.546372 0.199992 0.813314 -41.5879 
0.63331 0.536813 -0.557449 7.12555 -0.548084 0.819655 0.166643 32.1572 0.546372 0.199992 0.813314 -41.5879 
0.782876 0.569977 -0.249462 -58.7277 -0.61961 0.677847 -0.395737 39.9414 -0.0564635 0.464382 0.883833 -51.2418 
0.871727 0.0327612 0.488896 -25.559 0.0290162 0.99256 -0.118249 30.4358 -0.489132 0.117267 0.86429 -36.7524 
0.876149 -0.142929 0.460364 -23.4357 0.0332929 0.970692 0.238008 27.4194 -0.48089 -0.193204 0.855229 -33.3773 
0.876149 -0.142929 0.460364 -23.4357 0.0332929 0.970692 0.238008 27.4194 -0.48089 -0.193204 0.855229 -33.3773 
0.454366 -0.0346842 0.89014 51.3024 0.423795 -0.870504 -0.250242 265.429 0.783549 0.490939 -0.380828 -109.386 
0.885819 0.107751 -0.451347 -12.1553 -0.0960072 0.994178 0.0489181 13.9871 0.45399 -5.7742e-08 0.891007 -0.254751 
0.890028 0.0468572 -0.453491 -5.56453 -0.0417501 0.998901 0.0212727 12.0193 0.45399 -3.53903e-08 0.891007 1.147 
0.94339 0.108634 0.313391 -11.2559 -0.137279 0.988001 0.0707633 16.0744 -0.301943 -0.109779 0.946984 16.4718 
0.946485 -0.155498 0.282819 26.6294 0.0408228 0.926925 0.37302 25.9235 -0.320156 -0.341512 0.883668 49.5828 
0.980199 -0.0334285 0.195173 6.55954 -0.000398014 0.985312 0.17076 16.1704 -0.198015 -0.167456 0.965789 21.1639 
0.999539 -0.0291971 -0.00827858 5.66577 0.0177495 0.783689 -0.620899 48.4748 0.0246164 0.620466 0.783847 -111.886 
0.694983 -0.719009 -0.00483947 121.822 0.463717 0.453345 -0.761212 96.0623 0.549513 0.526786 0.648484 -101.941 
0.573994 -0.40743 0.710304 84.6638 0.37722 -0.638345 -0.670985 238.405 0.726798 0.653082 -0.212715 -122.392 
0.333835 -0.40743 0.850032 91.1409 0.56153 -0.638345 -0.526497 234.223 0.757124 0.653082 0.0156821 -122.439 
0.8799 0.473499 -0.0396785 -74.4932 -0.473798 0.868003 -0.148613 26.6161 -0.0359268 0.149564 0.988099 -27.8835 
0.937072 0.0590613 -0.344104 -19.5717 -0.324361 -0.217378 -0.920617 170.444 -0.129174 0.974299 -0.184542 -136.688 
0.937072 -0.0977616 -0.33517 -4.02723 -0.324361 -0.598951 -0.732153 208.789 -0.129174 0.794796 -0.59297 -120.207 
0.892561 -0.43249 -0.127622 43.096 0.232555 0.683976 -0.691444 39.1157 0.386333 0.587477 0.711068 -59.1114 
0.755971 0.119696 -0.643569 12.5971 -0.250021 0.961401 -0.114879 30.8538 0.604977 0.24775 0.756718 -42.6435 
0.685247 0.515302 -0.514686 8.19487 -0.517266 0.841827 0.154152 32.7978 0.512711 0.160597 0.843407 -41.4444 
0.685247 0.515302 -0.514686 8.19487 -0.517266 0.841827 0.154152 32.7978 0.512711 0.160597 0.843407 -41.4444 
0.810301 0.537487 -0.233494 -55.0755 -0.583191 0.700564 -0.411217 37.5008 -0.0574465 0.469381 0.881125 -51.7611 
0.880937 0.0243608 0.472605 -23.5638 0.0310616 0.993544 -0.109112 28.8686 -0.472212 0.110801 0.874493 -36.377 
0.881964 -0.163458 0.442065 -21.3412 0.0400616 0.96054 0.275243 25.7674 -0.469611 -0.225044 0.85371 -32.7058 
0.881964 -0.163458 0.442065 -21.3412 0.0400616 0.96054 0.275243 25.7674 -0.469611 -0.225044 0.85371 -32.7058 
0.481475 -0.0687291 0.873761 55.8426 0.429331 -0.850629 -0.303487 258.91 0.764105 0.521254 -0.380049 -112.864 
0.886748 0.0976572 -0.45182 -11.0364 -0.0870132 0.99522 0.0443354 13.5211 0.45399 -6.14673e-08 0.891007 -0.25475 
0.890406 0.0367183 -0.453684 -4.42598 -0.0327162 0.999326 0.0166698 11.6204 0.45399 -3.91155e-08 0.891007 1.147 
0.941867 0.104768 0.319233 -10.9193 -0.134283 0.988336 0.0718307 15.7096 -0.307984 -0.110523 0.94495 16.5669 
0.94424 -0.142459 0.296845 24.5639 0.0269525 0.931972 0.361528 24.8382 -0.328154 -0.333368 0.883844 48.4078 
0.977845 -0.00748376 0.209197 2.38245 -0.0264303 0.986949 0.158849 15.645 -0.207656 -0.160859 0.964885 20.2412 
0.999814 -0.0181521 -0.0064726 3.99611 0.0100878 0.779128 -0.626783 48.999 0.0164205 0.626601 0.779167 -112.738 
0.710144 -0.702343 -0.0490889 119.087 0.441264 0.498326 -0.746295 88.4636 0.548618 0.508316 0.663802 -99.1768 
0.585098 -0.460244 0.667709 90.954 0.384115 -0.567856 -0.728007 226.83 0.714224 0.682433 -0.155464 -125.494 
0.357234 -0.460244 0.812748 97.1386 0.585253 -0.567856 -0.578807 222.239 0.727916 0.682433 0.0665024 -125.143 
0.850965 0.522124 -0.0569724 -82.6431 -0.522583 0.830829 -0.191388 31.9706 -0.0525939 0.192637 0.979859 -34.9008 
0.920961 0.0487657 -0.386591 -19.8013 -0.361593 -0.26273 -0.894552 177.131 -0.145192 0.963636 -0.224331 -136.746 
0.920961 -0.12564 -0.368843 -2.48956 -0.361593 -0.628286 -0.688844 213.945 -0.145192 0.76777 -0.624057 -118.619 
0.890023 -0.452776 -0.0534087 45.5436 0.287562 0.648409 -0.704893 41.8308 0.35379 0.612013 0.7073 -61.262 
0.789526 0.114545 -0.602932 13.6566 -0.233334 0.964678 -0.122277 31.8806 0.567629 0.237226 0.788366 -42.6789 
0.734207 0.489676 -0.470274 9.24461 -0.483083 0.863498 0.144918 33.443 0.477043 0.120781 0.870541 -41.1578 
0.734207 0.489676 -0.470274 9.24461 -0.483083 0.863498 0.144918 33.443 0.477043 0.120781 0.870541 -41.1578 
0.836047 0.504013 -0.216786 -51.3357 -0.545559 0.721747 -0.425965 35.2279 -0.0582272 0.474397 0.878383 -52.2805 
0.889932 0.0161617 0.455807 -21.5334 0.0335986 0.994334 -0.100856 27.3808 -0.454854 0.105069 0.884346 -36.0402 
0.887622 -0.18261 0.422825 -19.219 0.0470075 0.949166 0.311245 24.2046 -0.458167 -0.256392 0.851085 -32.0671 
0.887622 -0.18261 0.422825 -19.219 0.0470075 0.949166 0.311245 24.2046 -0.458167 -0.256392 0.851085 -32.0671 
0.51084 -0.101823 0.853624 59.955 0.431742 -0.828269 -0.357169 251.963 0.743398 0.551002 -0.379152 -116.148 
0.887585 0.087553 -0.452246 -9.91627 -0.0780103 0.99616 0.0397482 13.0663 0.45399 -6.51926e-08 0.891007 -0.25475 
0.890692 0.0265756 -0.453829 -3.28693 -0.023679 0.999647 0.0120651 11.2327 0.45399 -3.53903e-08 0.891007 1.147 
0.940296 0.100897 0.325058 -10.5822 -0.131313 0.988651 0.0729781 15.3456 -0.314006 -0.111306 0.942874 16.6669 
0.94168 -0.129227 0.310708 22.47 0.0130705 0.936673 0.349961 23.8001 -0.336256 -0.32549 0.883735 47.2694 
0.974643 0.0185703 0.222992 -1.80951 -0.0524118 0.987774 0.146819 15.2429 -0.217539 -0.154783 0.963701 19.397 
0.999963 -0.00708684 -0.00482794 2.32659 0.00243517 0.774522 -0.632543 49.5177 0.00822216 0.632508 0.774511 -113.561 
0.724746 -0.682851 -0.0919716 115.893 0.418734 0.542511 -0.728247 80.9697 0.54718 0.489282 0.679115 -96.3225 
0.598858 -0.50703 0.619911 96.2971 0.390025 -0.491414 -0.778712 214.514 0.699464 0.708119 -0.096533 -128.069 
0.38473 -0.50703 0.7713 102.156 0.606137 -0.491414 -0.625387 209.56 0.696118 0.708119 0.118268 -127.312 
0.819619 0.567696 -0.0771143 -90.3219 -0.568483 0.789185 -0.232409 38.0806 -0.0710801 0.234325 0.969556 -41.7251 
0.903585 0.0356168 -0.426925 -19.5584 -0.396629 -0.307108 -0.865084 183.854 -0.161924 0.951008 -0.263372 -136.509 
0.903585 -0.15514 -0.399331 -0.598007 -0.396629 -0.655255 -0.642905 218.997 -0.161924 0.739306 -0.653611 -116.785 
0.882603 -0.469632 0.0213893 47.6968 0.342716 0.611606 -0.713081 44.6885 0.321804 0.636698 0.700755 -63.4432 
0.820777 0.107887 -0.560969 14.6689 -0.214015 0.968558 -0.126857 32.9091 0.529645 0.224177 0.818059 -42.5771 
0.779855 0.459903 -0.424635 10.2874 -0.445744 0.884286 0.139107 34.0932 0.439474 0.0807955 0.894614 -40.7326 
0.779855 0.459903 -0.424635 10.2874 -0.445744 0.884286 0.139107 34.0932 0.439474 0.0807955 0.894614 -40.7326 
0.860059 0.469626 -0.199374 -47.5162 -0.506795 0.741353 -0.439949 33.1264 -0.0588047 0.479423 0.875611 -52.7994 
0.898672 0.0081576 0.438545 -19.4709 0.0366008 0.994945 -0.0935102 25.9734 -0.437092 0.100086 0.893831 -35.7432 
0.893109 -0.200357 0.402758 -17.0725 0.0541134 0.936684 0.345969 22.7311 -0.446574 -0.287194 0.847403 -31.4629 
0.893109 -0.200357 0.402758 -17.0725 0.0541134 0.936684 0.345969 22.7311 -0.446574 -0.287194 0.847403 -31.4629 
0.542071 -0.13377 0.829617 63.6028 0.430712 -0.80348 -0.410982 244.628 0.721558 0.580108 -0.377927 -119.221 
0.888331 0.0774398 -0.452626 -8.7951 -0.0689993 0.996997 0.0351569 12.6226 0.45399 -6.51926e-08 0.891007 -0.25475 
0.890887 0.0164301 -0.453928 -2.14749 -0.0146393 0.999865 0.00745913 10.8564 0.45399 -3.72529e-08 0.891007 1.147 
0.938678 0.0970187 0.330865 -10.2445 -0.12837 0.988946 0.0742051 14.9823 -0.320008 -0.112128 0.940756 16.7718 
0.938804 -0.115813 0.3244 20.349 -0.000819466 0.941029 0.338324 22.8089 -0.344452 -0.317886 0.883347 46.1686 
0.970591 0.044706 0.236547 -6.01195 -0.0783204 0.98779 0.134675 14.9637 -0.227638 -0.14924 0.962241 18.6328 
0.999986 0.00399435 -0.00334489 0.657646 -0.00520989 0.769872 -0.638177 50.0302 2.61031e-05 0.638186 0.769882 -114.354 
0.738791 -0.660623 -0.133285 112.253 0.396145 0.585688 -0.707135 73.6145 0.545213 0.469625 0.694403 -93.3687 
0.615133 -0.547173 0.567638 100.619 0.394561 -0.409683 -0.822486 201.559 0.682593 0.729906 -0.0361166 -130.086 
0.415971 -0.547173 0.72634 106.124 0.623625 -0.409683 -0.665772 196.289 0.661861 0.729906 0.170815 -128.916 
0.786121 0.609931 -0.0999893 -97.4798 -0.611305 0.743398 -0.271414 44.896 -0.0912121 0.274488 0.957255 -48.3318 
0.885146 0.0196657 -0.464897 -18.8376 -0.429423 -0.350248 -0.83242 190.566 -0.179199 0.936451 -0.301575 -135.976 
0.885146 -0.186122 -0.426468 1.64402 -0.429423 -0.679709 -0.594635 223.909 -0.179199 0.709474 -0.681567 -114.709 
0.870321 -0.482977 0.0963089 49.5459 0.397662 0.573817 -0.71596 47.6674 0.290529 0.661413 0.691466 -65.6445 
0.849573 0.0994692 -0.518007 15.6456 -0.192248 0.972899 -0.128484 33.9381 0.491189 0.208743 0.845671 -42.3423 
0.821875 0.425998 -0.378215 11.3349 -0.405488 0.903799 0.136845 34.7506 0.400126 0.0408922 0.915547 -40.1744 
0.821875 0.425998 -0.378215 11.3349 -0.405488 0.903799 0.136845 34.7506 0.400126 0.0408922 0.915547 -40.1744 
0.882287 0.434399 -0.181293 -43.6247 -0.466977 0.759342 -0.453135 31.1998 -0.0591781 0.484455 0.872812 -53.317 
0.907121 0.000339366 0.420871 -17.3791 0.0400396 0.995395 -0.0871016 24.647 -0.418962 0.095863 0.902929 -35.4866 
0.89841 -0.216684 0.381978 -14.9052 0.0613623 0.923204 0.379379 21.347 -0.434849 -0.317399 0.842712 -30.8948 
0.89841 -0.216684 0.381978 -14.9052 0.0613623 0.923204 0.379379 21.347 -0.434849 -0.317399 0.842712 -30.8948 
0.57474 -0.164388 0.801655 66.7545 0.425974 -0.776336 -0.464595 236.945 0.698728 0.608505 -0.376166 -122.066 
0.888986 0.0673186 -0.45296 -7.67297 -0.0599813 0.997732 0.030562 12.1901 0.45399 -6.70552e-08 0.891007 -0.25475 
0.890989 0.00628296 -0.453981 -1.00779 -0.00559814 0.99998 0.00285242 10.4914 0.45399 -3.1665e-08 0.891007 1.147 
0.937012 0.093135 0.336651 -9.90621 -0.125454 0.989221 0.0755115 14.6198 -0.325989 -0.112989 0.938597 16.8814 
0.935609 -0.102222 0.337915 18.2018 -0.0147139 0.945041 0.32662 21.8648 -0.352731 -0.310561 0.882685 45.1065 
0.965685 0.0708954 0.249851 -10.2205 -0.104134 0.987 0.122422 14.8068 -0.237924 -0.14424 0.960514 17.9502 
0.999884 0.0150877 -0.00202377 -1.01036 -0.0128489 0.765182 -0.643686 50.5363 -0.00816306 0.643637 0.765287 -115.12 
0.752283 -0.635767 -0.172832 108.183 0.373514 0.62765 -0.683039 66.4312 0.542732 0.449283 0.709638 -90.3054 
0.633734 -0.580141 0.511681 103.857 0.397345 -0.3234 -0.858795 188.075 0.6637 0.747562 0.0255668 -131.515 
0.450537 -0.580141 0.678566 108.987 0.6372 -0.3234 -0.699563 182.542 0.625294 0.747562 0.223962 -129.927 
0.750743 0.648571 -0.125461 -104.071 -0.65089 0.693817 -0.308157 52.3623 -0.112814 0.313008 0.943026 -54.6992 
0.865846 0.000987276 -0.50031 -17.6376 -0.459956 -0.391892 -0.796781 197.223 -0.196854 0.92001 -0.338864 -135.147 
0.865846 -0.218434 -0.450109 4.22985 -0.459956 -0.701517 -0.544348 228.649 -0.196854 0.678351 -0.707875 -112.393 
0.853224 -0.492753 0.170886 51.0828 0.452049 0.535296 -0.713519 50.7455 0.260114 0.686041 0.679477 -67.8554 
0.875792 0.0890619 -0.4744 16.5972 -0.168229 0.977526 -0.127051 34.9681 0.452423 0.191078 0.871093 -41.9801 
0.859975 0.388031 -0.331473 12.3977 -0.362582 0.921645 0.138216 35.419 0.359133 0.00132337 0.933285 -39.4897 
0.859975 0.388031 -0.331473 12.3977 -0.362582 0.921645 0.138216 35.419 0.359133 0.00132337 0.933285 -39.4897 
0.902685 0.398407 -0.162579 -39.6693 -0.426191 0.775678 -0.465494 29.4511 -0.0593474 0.489484 0.86999 -53.8328 
0.915244 -0.00730203 0.402833 -15.2609 0.0438827 0.995694 -0.0816535 23.4025 -0.400502 0.0924104 0.911624 -35.2714 
0.903514 -0.231583 0.3606 -12.7206 0.0687354 0.908838 0.411447 20.0522 -0.423011 -0.346962 0.837066 -30.3645 
0.903514 -0.231583 0.3606 -12.7206 0.0687354 0.908838 0.411447 20.0522 -0.423011 -0.346962 0.837066 -30.3645 
0.608391 -0.193515 0.769683 69.3842 0.417307 -0.746922 -0.51765 228.96 0.675066 0.636128 -0.373666 -124.669 
0.889549 0.0571905 -0.453247 -6.55 -0.0509571 0.998363 0.0259639 11.7687 0.45399 -6.61239e-08 0.891007 -0.25475 
0.891 -0.00386484 -0.453986 0.132078 0.00344362 0.999992 -0.00175457 10.1378 0.45399 -3.53903e-08 0.891007 1.147 
0.9353 0.0892451 0.342416 -9.5673 -0.122567 0.989477 0.0768967 14.2581 -0.33195 -0.11389 0.936396 16.996 
0.932095 -0.0884623 0.351247 16.0296 -0.0286092 0.948709 0.314854 20.9675 -0.361083 -0.303523 0.881755 44.084 
0.959925 0.09711 0.262895 -14.4306 -0.129832 0.985408 0.110068 14.7718 -0.24837 -0.13979 0.958526 17.3506 
0.999657 0.0261888 -0.000864539 -2.67699 -0.0204835 0.760454 -0.649068 51.0354 -0.0163408 0.648863 0.76073 -115.857 
0.765222 -0.608405 -0.210424 103.7 0.350859 0.668198 -0.656056 59.4521 0.539753 0.428199 0.724784 -87.1232 
0.654429 -0.605499 0.452874 105.965 0.398023 -0.233376 -0.887194 174.183 0.642884 0.76086 0.0882744 -132.326 
0.487958 -0.605499 0.628704 110.702 0.646386 -0.233376 -0.726444 168.441 0.586585 0.76086 0.277508 -130.317 
0.713768 0.683383 -0.153373 -110.052 -0.687109 0.640812 -0.342406 60.4213 -0.135711 0.349782 0.926949 -60.8085 
0.845884 -0.0203202 -0.532979 -15.9611 -0.488234 -0.431796 -0.758407 203.779 -0.214727 0.901743 -0.37517 -134.023 
0.845884 -0.251906 -0.470131 7.14958 -0.488234 -0.720559 -0.492365 233.183 -0.214727 0.646017 -0.732499 -109.841 
0.831394 -0.498926 0.244658 52.3015 0.505528 0.496303 -0.705779 53.9003 0.230707 0.710462 0.664844 -70.0653 
0.899336 0.0764683 -0.430521 17.5334 -0.142152 0.982237 -0.122485 36.0006 0.413507 0.171354 0.894231 -41.4967 
0.893892 0.34612 -0.284883 13.4851 -0.317322 0.937434 0.143263 36.1033 0.316645 -0.0376621 0.947796 -38.6859 
0.893892 0.34612 -0.284883 13.4851 -0.317322 0.937434 0.143263 36.1033 0.316645 -0.0376621 0.947796 -38.6859 
0.92121 0.361727 -0.143271 -35.6582 -0.384519 0.790328 -0.476998 27.883 -0.0593116 0.494505 0.867149 -54.346 
0.923013 -0.0147785 0.384484 -13.1192 0.0480969 0.995856 -0.0771859 22.2405 -0.38175 0.0897361 0.919899 -35.0982 
0.908408 -0.245057 0.338735 -10.5219 0.0762144 0.893696 0.442154 18.8466 -0.411079 -0.375839 0.830517 -29.8732 
0.908408 -0.245057 0.338735 -10.5219 0.0762144 0.893696 0.442154 18.8466 -0.411079 -0.375839 0.830517 -29.8732 
0.642546 -0.221004 0.733684 71.472 0.404548 -0.715333 -0.569772 220.721 0.65075 0.662915 -0.370228 -127.015 
0.89002 0.0470564 -0.453487 -5.4263 -0.0419276 0.998892 0.0213632 11.3585 0.45399 -6.89179e-08 0.891007 -0.254749 
0.890919 -0.0140123 -0.453945 1.27199 0.012485 0.999902 -0.00636139 9.79544 0.45399 -3.53903e-08 0.891007 1.147 
0.933542 0.0853488 0.34816 -9.22773 -0.119708 0.989712 0.0783605 13.8973 -0.33789 -0.11483 0.934154 17.1153 
0.928259 -0.0745428 0.364387 13.8335 -0.0425018 0.952033 0.303029 20.117 -0.369497 -0.296777 0.880565 43.102 
0.953309 0.123322 0.275668 -18.6378 -0.155393 0.983018 0.0976186 14.8578 -0.258948 -0.135898 0.956283 16.8348 
0.999304 0.0372936 0.000132676 -4.34185 -0.0281152 0.755693 -0.654323 51.5271 -0.0245022 0.653864 0.756215 -116.565 
0.777613 -0.578671 -0.245882 98.8254 0.328193 0.70714 -0.626293 52.7084 0.53629 0.406317 0.739796 -83.8124 
0.676944 -0.622905 0.39209 106.906 0.396263 -0.14048 -0.907326 160.008 0.620259 0.76958 0.151738 -132.491 
0.527709 -0.622905 0.577504 111.24 0.650761 -0.14048 -0.746174 154.113 0.545923 0.76958 0.33123 -130.06 
0.675486 0.714163 -0.183549 -115.387 -0.719866 0.58477 -0.373949 69.0117 -0.159727 0.384728 0.909105 -66.644 
0.825459 -0.0441361 -0.562734 -13.8148 -0.514283 -0.469725 -0.717546 210.188 -0.23266 0.881709 -0.410437 -132.609 
0.825459 -0.286356 -0.486434 10.3901 -0.514283 -0.736737 -0.439012 237.48 -0.23266 0.612551 -0.755414 -107.058 
0.804936 -0.501481 0.317166 53.1979 0.557756 0.457099 -0.692798 57.1087 0.202448 0.73456 0.647639 -72.2634 
0.920128 0.0615254 -0.386755 18.4625 -0.114216 0.986807 -0.114749 37.0386 0.374592 0.149758 0.915015 -40.8989 
0.923392 0.300438 -0.238922 14.6048 -0.270026 0.950783 0.15198 36.8099 0.272823 -0.0758219 0.959071 -37.7714 
0.923392 0.300438 -0.238922 14.6048 -0.270026 0.950783 0.15198 36.8099 0.272823 -0.0758219 0.959071 -37.7714 
0.937823 0.324436 -0.123408 -31.5998 -0.342051 0.803262 -0.487618 26.4978 -0.0590715 0.499512 0.864291 -54.856 
0.9304 -0.0221019 0.365878 -10.9567 0.0526464 0.995889 -0.0737166 21.1617 -0.362745 0.0878481 0.927739 -34.9676 
0.913084 -0.257119 0.316493 -8.31214 0.0837801 0.877884 0.471488 17.7298 -0.399072 -0.403992 0.823123 -29.4225 
0.913084 -0.257119 0.316493 -8.31214 0.0837801 0.877884 0.471488 17.7298 -0.399072 -0.403992 0.823123 -29.4225 
0.676709 -0.246727 0.693679 73.0038 0.387591 -0.68167 -0.620564 212.276 0.625969 0.688805 -0.365663 -129.089 
0.8904 0.0369176 -0.45368 -4.30198 -0.0328938 0.999318 0.0167603 10.9594 0.45399 -6.98492e-08 0.891007 -0.254749 
0.890747 -0.0241582 -0.453857 2.41182 0.0215252 0.999708 -0.0109675 9.46446 0.45399 -3.53903e-08 0.891007 1.147 
0.931738 0.0814462 0.35388 -8.88748 -0.11688 0.989927 0.0799023 13.5372 -0.343807 -0.115809 0.931872 17.2395 
