21 109 1.08333 1
1 0 0 0 0 1 0 -5.82362 0 0 1 0 
1 0 0 0 0 1 0 -5.82362 0 0 1 0 
0.998135 0 -0.0610485 -0.157478 0 1 0 -5.82362 0.0610485 0 0.998135 -0.0676742 
0.998135 0.00319504 -0.0609649 -0.616802 0 0.99863 0.052336 -5.43628 0.0610485 -0.0522384 0.996767 7.4422 
0.953737 0.00319504 -0.300625 -0.853769 0.0126612 0.99863 0.0507814 -5.44022 0.300375 -0.0522384 0.95239 7.35251 
0.996197 0.0182664 -0.0851944 -2.9538 0.00136999 0.974373 0.224934 -0.993988 0.0871198 -0.224195 0.970642 36.382 
0.953737 0.134657 -0.268799 -21.8005 0.0126612 0.875301 0.483412 11.5539 0.300375 -0.464452 0.833102 73.1453 
0.953737 0.047595 -0.29685 -10.6129 0.0126612 0.980155 0.19783 -1.91986 0.300375 -0.192437 0.934207 38.191 
0.953737 0.105822 -0.281402 -16.3813 0.0126612 0.921037 0.38927 4.5857 0.300375 -0.374824 0.877087 56.2321 
0.953737 -0.0334657 -0.298773 4.92187 0.0126612 0.997375 -0.0712995 -4.54086 0.300375 0.0642182 0.951657 -11.0239 
0.953737 -0.226522 -0.19767 29.8703 0.0126612 0.687172 -0.726384 35.5462 0.300375 0.690277 0.65825 -91.9289 
0.953737 -0.226522 -0.19767 29.8703 0.0126612 0.687172 -0.726384 35.5462 0.300375 0.690277 0.65825 -91.9289 
1 0 0 0 0 0.798636 -0.601815 12.1542 0 0.601815 0.798636 -61.0407 
1 0 0 0 0 0.87462 -0.48481 8.10867 0 0.48481 0.87462 -54.2761 
1 0 0 0 0 0.993572 -0.113203 3.45055 0 0.113203 0.993572 -51.5644 
1 0 0 0 0 0.993572 -0.113203 3.45055 0 0.113203 0.993572 -51.5644 
1 0 0 0 0 0.95882 0.284015 -0.658989 0 -0.284015 0.95882 28.3091 
1 0 0 0 0 0.92388 0.382683 1.53444 0 -0.382683 0.92388 33.8482 
1 0 0 0 0 0.92388 0.382683 1.53444 0 -0.382683 0.92388 33.8482 
1 0 0 0 0 0.999962 -0.00872672 -0.00948477 0 0.00872672 0.999962 33.9584 
0.953737 0.120404 -0.275478 -17.7081 0.0126612 0.899401 0.43694 6.92458 0.300375 -0.420214 0.856268 60.3465 
1 0 0 0 0 1 0 -5.31099 0 0 1 0 
1 0 0 0 0 0.999997 0.00244346 -5.30426 0 -0.00244346 0.999997 0.289034 
0.998232 3.49207e-05 -0.0594414 -0.157771 0.000214132 0.999991 0.00418351 -5.31973 0.059441 -0.00418884 0.998223 0.446249 
0.998314 0.00310061 -0.0579658 -0.593445 0.000152409 0.998429 0.0560312 -4.90659 0.0580485 -0.0559455 0.996745 7.88669 
0.956823 0.00310061 -0.290656 -0.82382 0.013299 0.998429 0.0544303 -4.91063 0.290368 -0.0559455 0.955278 7.80128 
0.996437 0.0166412 -0.0826803 -2.681 0.00257423 0.973882 0.227039 -0.418869 0.084299 -0.226443 0.97037 36.5772 
0.956823 0.125951 -0.261968 -20.3923 0.013299 0.881334 0.472307 11.1838 0.290368 -0.455398 0.841605 71.5463 
0.956823 0.0394228 -0.287987 -9.27339 0.013299 0.983785 0.178857 -1.98139 0.290368 -0.174964 0.940784 35.5102 
0.956823 0.0955999 -0.274502 -14.8431 0.013299 0.928981 0.369889 4.09199 0.290368 -0.357569 0.887598 53.5853 
0.956823 -0.0286471 -0.289257 4.17897 0.013299 0.998404 -0.0548875 -4.27875 0.290368 0.0486708 0.955676 -8.71289 
0.956823 -0.21654 -0.193909 28.4602 0.013299 0.699019 -0.714979 34.4104 0.290368 0.681529 0.671717 -90.4966 
0.956823 -0.21654 -0.193909 28.4602 0.013299 0.699019 -0.714979 34.4104 0.290368 0.681529 0.671717 -90.4966 
1 0 0 0 0 0.809349 -0.587328 11.6462 0 0.587328 0.809349 -59.5499 
1 0 0 0 0 0.886594 -0.462548 7.54576 0 0.462548 0.886594 -52.3437 
1 0 0 0 0 0.997696 -0.0678479 2.75455 0 0.0678479 0.997696 -49.3224 
1 0 0 0 0 0.99498 -0.100072 2.63279 0 0.100072 0.99498 -49.3615 
1 0 0 0 0 0.963948 0.266091 -0.725746 0 -0.266091 0.963948 26.5317 
1 0 0 0 0 0.918296 0.395895 2.14199 0 -0.395895 0.918296 33.8194 
1 0 0 0 0 0.903905 0.427734 1.99508 0 -0.427734 0.903905 34.2792 
1 0 0 0 0 0.999011 0.0444704 0.473649 0 -0.0444704 0.999011 34.4664 
0.956823 0.109835 -0.269122 -16.141 0.013299 0.908349 0.418001 6.3398 0.290368 -0.403532 0.867668 57.7593 
1 0 0 0 0 1 0 -4.79835 0 0 1 0 
1 0 0 0 0 0.999988 0.0048869 -4.78418 0 -0.0048869 0.999988 0.578052 
0.998326 6.7031e-05 -0.057834 -0.157705 0.000417597 0.999965 0.00836751 -4.81367 0.0578326 -0.00837766 0.998291 0.960219 
0.998484 0.00300559 -0.0549663 -0.570045 0.000283153 0.998215 0.0597267 -4.37523 0.0550477 -0.0596517 0.9967 8.33107 
0.959804 0.00300559 -0.280656 -0.793778 0.0138621 0.998215 0.0580965 -4.37943 0.280329 -0.0596517 0.958049 8.24984 
0.996669 0.0150339 -0.0801604 -2.41129 0.00374645 0.973387 0.229137 0.156296 0.0814719 -0.228674 0.970088 36.7699 
0.959804 0.11749 -0.254897 -19.0242 0.0138621 0.887217 0.461143 10.837 0.280329 -0.446141 0.849926 69.9154 
0.959804 0.0316798 -0.278878 -7.99742 0.0138621 0.987047 0.159834 -1.99117 0.280329 -0.157275 0.946932 32.7959 
0.959804 0.0857733 -0.267245 -13.3648 0.0138621 0.936512 0.350363 3.65411 0.280329 -0.339984 0.897678 50.8937 
0.959804 -0.024075 -0.279637 3.47458 0.0138621 0.999165 -0.0384429 -3.97481 0.280329 0.0330212 0.959336 -6.38438 
0.959804 -0.20667 -0.189905 27.0712 0.0138621 0.71069 -0.703369 33.3045 0.280329 0.672464 0.684988 -89.0189 
0.959804 -0.20667 -0.189905 27.0712 0.0138621 0.71069 -0.703369 33.3045 0.280329 0.672464 0.684988 -89.0189 
1 0 0 0 0 0.819799 -0.572651 11.1653 0 0.572651 0.819799 -58.0409 
1 0 0 0 0 0.898002 -0.439991 7.02728 0 0.439991 0.898002 -50.3879 
1 0 0 0 0 0.99975 -0.0223522 2.1198 0 0.0223522 0.99975 -47.0448 
1 0 0 0 0 0.996215 -0.0869228 1.87411 0 0.0869228 0.996215 -47.1158 
1 0 0 0 0 0.968741 0.248074 -0.759254 0 -0.248074 0.968741 24.7439 
1 0 0 0 0 0.912524 0.409024 2.77449 0 -0.409024 0.912524 33.781 
1 0 0 0 0 0.881735 0.471745 2.5101 0 -0.471745 0.881735 34.7093 
1 0 0 0 0 0.995232 0.0975416 1.01498 0 -0.0975416 0.995232 34.9717 
0.959804 0.0996422 -0.262389 -14.6318 0.0138621 0.916892 0.398896 5.80994 0.280329 -0.386499 0.878655 55.1253 
1 0 0 0 0 1 0 -4.28571 0 0 1 0 
1 0 0 0 0 0.999973 0.00733032 -4.26338 0 -0.00733032 0.999973 0.86705 
0.998418 9.63309e-05 -0.0562265 -0.15728 0.000610393 0.999921 0.0125519 -4.30539 0.0562232 -0.0125664 0.998339 1.47423 
0.998645 0.00290998 -0.0519662 -0.546602 0.000392228 0.997987 0.0634223 -3.84222 0.0520462 -0.0633567 0.996633 8.77533 
0.96268 0.00290998 -0.270625 -0.763646 0.0143503 0.997987 0.0617787 -3.8465 0.27026 -0.0633567 0.9607 8.69818 
0.996891 0.0134446 -0.0776349 -2.14469 0.00488658 0.972887 0.231229 0.731552 0.0786387 -0.23089 0.969797 36.96 
0.96268 0.109282 -0.247596 -17.6971 0.0143503 0.892953 0.449922 10.5137 0.27026 -0.436684 0.85806 68.2534 
0.96268 0.0243736 -0.269541 -6.78618 0.0143503 0.989938 0.140769 -1.94912 0.27026 -0.139384 0.952644 30.05 
0.96268 0.0763546 -0.259647 -11.948 0.0143503 0.943627 0.3307 3.27237 0.27026 -0.322084 0.907315 48.1593 
0.96268 -0.019752 -0.269919 2.8091 0.0143503 0.999656 -0.0219712 -3.62881 0.27026 0.0172778 0.962632 -4.03968 
0.96268 -0.196917 -0.185661 25.704 0.0143503 0.72218 -0.691556 32.2291 0.27026 0.663083 0.698054 -87.4965 
0.96268 -0.196917 -0.185661 25.704 0.0143503 0.72218 -0.691556 32.2291 0.27026 0.663083 0.698054 -87.4965 
1 0 0 0 0 0.829984 -0.557787 10.7118 0 0.557787 0.829984 -56.5143 
1 0 0 0 0 0.908836 -0.417153 6.5537 0 0.417153 0.908836 -48.4097 
1 0 0 0 0 0.999731 0.0231899 1.54752 0 -0.0231899 0.999731 -44.7333 
1 0 0 0 0 0.997276 -0.0737588 1.1761 0 0.0737588 0.997276 -44.8288 
1 0 0 0 0 0.973198 0.229971 -0.759346 0 -0.229971 0.973198 22.9462 
1 0 0 0 0 0.906563 0.42207 3.43196 0 -0.42207 0.906563 33.7332 
1 0 0 0 0 0.857424 0.514611 3.07995 0 -0.514611 0.857424 35.1372 
1 0 0 0 0 0.988635 0.150337 1.61482 0 -0.150337 0.988635 35.4725 
0.96268 0.0898388 -0.255295 -13.1823 0.0143503 0.925026 0.379632 5.33535 0.27026 -0.369128 0.889215 52.4464 
1 0 0 0 0 1 0 -3.77307 0 0 1 0 
1 0 0 0 0 0.999952 0.00977369 -3.74191 0 -0.00977369 0.999952 1.15603 
0.998507 0.00012282 -0.0546187 -0.156495 0.000792513 0.99986 0.0167366 -3.79494 0.0546131 -0.0167549 0.998367 1.98826 
0.998796 0.00281377 -0.0489658 -0.523117 0.000479629 0.997745 0.0671178 -3.30759 0.0490442 -0.0670605 0.996543 9.21946 
0.965452 0.00281377 -0.260565 -0.733423 0.0147633 0.997745 0.0654758 -3.3119 0.260161 -0.0670605 0.963234 9.14632 
0.997105 0.0118735 -0.0751038 -1.88124 0.00599454 0.972383 0.233314 1.30682 0.0757999 -0.233089 0.969497 37.1476 
0.965452 0.101333 -0.24007 -16.4119 0.0147633 0.89854 0.438643 10.2136 0.260161 -0.427033 0.866002 66.5612 
0.965452 0.0175114 -0.259991 -5.64072 0.0147633 0.992461 0.121668 -1.85538 0.260161 -0.121303 0.957915 27.2745 
0.965452 0.0673555 -0.251724 -10.5941 0.0147633 0.950326 0.310907 2.94676 0.260161 -0.303882 0.9165 45.3839 
0.965452 -0.0156801 -0.260108 2.18289 0.0147633 0.999876 -0.00547805 -3.24068 0.260161 0.00144876 0.965564 -1.68008 
0.965452 -0.187287 -0.181178 24.3595 0.0147633 0.733485 -0.679545 31.1848 0.260161 0.653394 0.71091 -85.9303 
0.965452 -0.187287 -0.181178 24.3595 0.0147633 0.733485 -0.679545 31.1848 0.260161 0.653394 0.71091 -85.9303 
1 0 0 0 0 0.839899 -0.542743 10.2859 0 0.542743 0.839899 -54.9706 
1 0 0 0 0 0.91909 -0.394048 6.12551 0 0.394048 0.91909 -46.4102 
1 0 0 0 0 0.997639 0.068684 1.03887 0 -0.068684 0.997639 -42.3898 
1 0 0 0 0 0.998163 -0.0605819 0.540263 0 0.0605819 0.998163 -42.5026 
1 0 0 0 0 0.977316 0.211788 -0.725838 0 -0.211788 0.977316 21.1392 
1 0 0 0 0 0.900417 0.435029 4.11436 0 -0.435029 0.900417 33.6761 
1 0 0 0 0 0.831031 0.556227 3.70494 0 -0.556227 0.831031 35.5614 
1 0 0 0 0 0.97924 0.202706 2.2733 0 -0.202706 0.97924 35.9672 
0.965452 0.0804374 -0.247854 -11.7939 0.0147633 0.932752 0.360217 4.91608 0.260161 -0.351432 0.89934 49.7246 
1 0 0 0 0 1 0 -3.26043 0 0 1 0 
1 0 0 0 0 0.999925 0.012217 -3.2197 0 -0.012217 0.999925 1.44498 
0.998594 0.000146499 -0.0530108 -0.155351 0.000963956 0.999781 0.0209215 -3.28228 0.0530022 -0.0209432 0.998375 2.50231 
0.998939 0.00271697 -0.0459649 -0.499589 0.000545355 0.99749 0.0708133 -2.7713 0.0460419 -0.0707632 0.99643 9.66347 
0.968119 0.00271697 -0.250476 -0.703111 0.0151009 0.99749 0.0691866 -2.77563 0.250035 -0.0707632 0.965647 9.59423 
0.99731 0.0103208 -0.072567 -1.62095 0.00707026 0.971875 0.235392 1.88208 0.0729555 -0.235272 0.969187 37.3327 
0.968119 0.0936479 -0.232327 -15.1696 0.0151009 0.90398 0.427309 9.93674 0.250035 -0.417194 0.873746 64.8396 
0.968119 0.0110997 -0.250245 -4.56202 0.0151009 0.994615 0.102537 -1.70995 0.250035 -0.103047 0.962738 24.4713 
0.968119 0.0587871 -0.243495 -9.30473 0.0151009 0.956606 0.290994 2.6775 0.250035 -0.285394 0.92522 42.5697 
0.968119 -0.0118615 -0.25021 1.59631 0.0151009 0.999825 0.0110309 -2.81023 0.250035 -0.0144577 0.968129 0.693116 
0.968119 -0.177784 -0.176461 23.0384 0.0151009 0.744601 -0.667339 30.1722 0.250035 0.643399 0.723547 -84.3211 
0.968119 -0.177784 -0.176461 23.0384 0.0151009 0.744601 -0.667339 30.1722 0.250035 0.643399 0.723547 -84.3211 
1 0 0 0 0 0.849541 -0.527522 9.88792 0 0.527522 0.849541 -53.4101 
1 0 0 0 0 0.928756 -0.370692 5.74324 0 0.370692 0.928756 -44.3904 
1 0 0 0 0 0.993477 0.114036 0.594967 0 -0.114036 0.993477 -40.0164 
1 0 0 0 0 0.998876 -0.0473943 -0.0319213 0 0.0473943 0.998876 -40.139 
1 0 0 0 0 0.981094 0.193531 -0.658554 0 -0.193531 0.981094 19.3236 
1 0 0 0 0 0.894085 0.447898 4.82173 0 -0.447898 0.894085 33.6098 
1 0 0 0 0 0.802619 0.596492 4.38537 0 -0.596492 0.802619 35.9804 
1 0 0 0 0 0.967072 0.254502 2.99057 0 -0.254502 0.967072 36.4542 
0.968119 0.07145 -0.240084 -10.4683 0.0151009 0.940065 0.34066 4.55234 0.250035 -0.333425 0.909016 46.9618 
1 0 0 0 0 1 0 -2.7478 0 0 1 0 
1 0 0 0 0 0.999893 0.0146602 -2.69681 0 -0.0146602 0.999893 1.73391 
0.998678 0.000167366 -0.0514027 -0.153848 0.00112472 0.999684 0.0251066 -2.76745 0.0513906 -0.0251312 0.998362 3.01637 
0.999073 0.00261957 -0.0429636 -0.476019 0.000589404 0.99722 0.0745084 -2.23335 0.0430393 -0.0744646 0.996294 10.1073 
0.97068 0.00261957 -0.24036 -0.672711 0.0153627 0.99722 0.0729097 -2.23772 0.239883 -0.0744646 0.967942 10.0419 
0.997506 0.00878654 -0.0700247 -1.36385 0.00811365 0.971362 0.237464 2.45734 0.0701058 -0.23744 0.968869 37.5154 
0.97068 0.086233 -0.224374 -13.971 0.0153627 0.909272 0.415919 9.68311 0.239883 -0.407172 0.881287 63.0895 
0.97068 0.0051443 -0.240319 -3.55097 0.0153627 0.996399 0.083381 -1.51291 0.239883 -0.0846283 0.967106 21.6423 
0.97068 0.0506596 -0.234975 -8.0811 0.0153627 0.962466 0.270967 2.46466 0.239883 -0.266632 0.933469 39.7186 
0.97068 -0.00829802 -0.240231 1.0497 0.0153627 0.999502 0.0275502 -2.33736 0.239883 -0.030433 0.970325 3.0786 
0.97068 -0.168416 -0.171511 21.7416 0.0153627 0.755523 -0.654942 29.1918 0.239883 0.633104 0.735959 -82.6697 
0.97068 -0.168416 -0.171511 21.7416 0.0153627 0.755523 -0.654942 29.1918 0.239883 0.633104 0.735959 -82.6697 
1 0 0 0 0 0.858908 -0.51213 9.51826 0 0.51213 0.858908 -51.8335 
1 0 0 0 0 0.937829 -0.347098 5.40728 0 0.347098 0.937829 -42.3514 
1 0 0 0 0 0.987254 0.159151 0.216816 0 -0.159151 0.987254 -37.6152 
1 0 0 0 0 0.999415 -0.0341989 -0.539084 0 0.0341989 0.999415 -37.7401 
1 0 0 0 0 0.984532 0.175207 -0.557343 0 -0.175207 0.984532 17.5 
1 0 0 0 0 0.887569 0.460676 5.55402 0 -0.460676 0.887569 33.5344 
1 0 0 0 0 0.772258 0.635309 5.12139 0 -0.635309 0.772258 36.3927 
1 0 0 0 0 0.952167 0.305577 3.7666 0 -0.305577 0.952167 36.9318 
0.97068 0.0628879 -0.232002 -9.20683 0.0153627 0.946966 0.320967 4.24429 0.239883 -0.31512 0.918235 44.1599 
1 0 0 0 0 1 0 -2.23515 0 0 1 0 
1 0 0 0 0 0.999854 0.0171034 -2.17319 0 -0.0171034 0.999854 2.02282 
0.998759 0.000185423 -0.0497944 -0.151985 0.0012748 0.99957 0.0292916 -2.25039 0.0497784 -0.0293187 0.99833 3.53042 
0.999198 0.00252158 -0.0399619 -0.452407 0.000611776 0.996937 0.078203 -1.69376 0.0400368 -0.0781648 0.996136 10.5511 
0.973136 0.00252158 -0.230218 -0.642226 0.0155487 0.996937 0.0766441 -1.69812 0.229706 -0.0781648 0.970116 10.4894 
0.997694 0.00727103 -0.0674769 -1.10998 0.00912465 0.970846 0.239529 3.03256 0.0672514 -0.239592 0.968542 37.6957 
0.973136 0.0790938 -0.21622 -12.8169 0.0155487 0.914416 0.404476 9.45262 0.229706 -0.396972 0.888621 61.312 
0.973136 -0.000349373 -0.230232 -2.60839 0.0155487 0.997816 0.0642067 -1.26428 0.229706 -0.0660616 0.971015 18.7895 
0.973136 0.0429831 -0.226184 -6.92451 0.0155487 0.967905 0.250834 2.3084 0.229706 -0.247612 0.941235 36.8327 
0.973136 -0.0049916 -0.230178 0.543369 0.0155487 0.998907 0.044074 -1.82196 0.229706 -0.046469 0.97215 5.47505 
0.973136 -0.159186 -0.166333 20.4698 0.0155487 0.766248 -0.642357 28.2444 0.229706 0.622514 0.748138 -80.977 
0.973136 -0.159186 -0.166333 20.4698 0.0155487 0.766248 -0.642357 28.2444 0.229706 0.622514 0.748138 -80.977 
1 0 0 0 0 0.867996 -0.496572 9.17714 0 0.496572 0.867996 -50.2413 
1 0 0 0 0 0.946302 -0.323283 5.11809 0 0.323283 0.946302 -40.2943 
1 0 0 0 0 0.978984 0.203936 -0.0946007 0 -0.203936 0.978984 -35.188 
1 0 0 0 0 0.999779 -0.0209972 -0.97988 0 0.0209972 0.999779 -35.3077 
1 0 0 0 0 0.987627 0.156822 -0.422066 0 -0.156822 0.987627 15.6691 
1 0 0 0 0 0.88087 0.473358 6.31125 0 -0.473358 0.88087 33.4501 
1 0 0 0 0 0.740022 0.672583 5.9131 0 -0.672583 0.740022 36.7969 
1 0 0 0 0 0.934567 0.355787 4.60132 0 -0.355787 0.934567 37.3985 
0.973136 0.0547617 -0.223624 -8.01085 0.0155487 0.953451 0.301146 3.99209 0.229706 -0.296533 0.926986 41.3209 
1 0 0 0 0 1 0 -1.72252 0 0 1 0 
1 0 0 0 0 0.999809 0.0195464 -1.64889 0 -0.0195464 0.999809 2.31169 
0.998838 0.000200668 -0.0481859 -0.149764 0.00141419 0.999439 0.0334765 -1.73115 0.0481656 -0.0335058 0.998277 4.04446 
0.999314 0.002423 -0.03696 -0.428754 0.000612472 0.996641 0.0818971 -1.15253 0.0370343 -0.0818635 0.995955 10.9947 
0.975485 0.002423 -0.220051 -0.611655 0.0156586 0.996641 0.0803885 -1.15686 0.219507 -0.0818635 0.97217 10.9366 
0.997873 0.00577435 -0.0649237 -0.859349 0.0101032 0.970327 0.241587 3.6077 0.0643922 -0.241729 0.968205 37.8737 
0.975485 0.0722356 -0.207871 -11.7083 0.0156586 0.919414 0.39298 9.24527 0.219507 -0.386601 0.895743 59.5078 
0.975485 -0.00537657 -0.219999 -1.735 0.0156586 0.998863 0.0450196 -0.964142 0.219507 -0.0473609 0.974461 15.915 
0.975485 0.0357665 -0.217138 -5.83613 0.0156586 0.972922 0.230603 2.20881 0.219507 -0.22835 0.948511 33.914 
0.975485 -0.00194385 -0.220056 0.0776024 0.0156586 0.998039 0.0605968 -1.26398 0.219507 -0.0625571 0.973603 7.88114 
0.975485 -0.150101 -0.160929 19.2238 0.0156586 0.77677 -0.629589 27.3304 0.219507 0.611635 0.760079 -79.244 
0.975485 -0.150101 -0.160929 19.2238 0.0156586 0.77677 -0.629589 27.3304 0.219507 0.611635 0.760079 -79.244 
1 0 0 0 0 0.876801 -0.480853 8.86484 0 0.480853 0.876801 -48.634 
1 0 0 0 0 0.954171 -0.299261 4.87604 0 0.299261 0.954171 -38.2201 
1 0 0 0 0 0.968684 0.248298 -0.338432 0 -0.248298 0.968684 -32.7372 
1 0 0 0 0 0.99997 -0.00779173 -1.3531 0 0.00779173 0.99997 -32.8441 
1 0 0 0 0 0.990379 0.138383 -0.252586 0 -0.138383 0.990379 13.8314 
1 0 0 0 0 0.87399 0.485943 7.09336 0 -0.485943 0.87399 33.3569 
1 0 0 0 0 0.705989 0.708223 6.76048 0 -0.708223 0.705989 37.1915 
1 0 0 0 0 0.914321 0.40499 5.49451 0 -0.40499 0.914321 37.8525 
0.975485 0.0470816 -0.214969 -6.88161 0.0156586 0.95952 0.281205 3.79588 0.219507 -0.277678 0.93526 38.4469 
1 0 0 0 0 1 0 -1.20988 0 0 1 0 
1 0 0 0 0 0.999758 0.0219894 -1.12386 0 -0.0219894 0.999758 2.60054 
0.998915 0.000213102 -0.0465773 -0.147182 0.00154289 0.999289 0.0376613 -1.20971 0.0465523 -0.0376923 0.998204 4.55848 
0.99942 0.00232383 -0.0339577 -0.405059 0.000591492 0.99633 0.0855904 -0.609665 0.034032 -0.0855609 0.995751 11.4381 
0.977729 0.00232383 -0.20986 -0.581001 0.0156922 0.99633 0.0841417 -0.613937 0.209285 -0.0855609 0.974104 11.3835 
0.998044 0.00429666 -0.062365 -0.61199 0.0110492 0.969803 0.243639 4.18279 0.0615286 -0.243851 0.967859 38.0493 
0.977729 0.0656636 -0.199336 -10.6457 0.0156922 0.924264 0.381432 9.06099 0.209285 -0.376065 0.902649 57.678 
0.977729 -0.00993308 -0.209638 -0.931465 0.0156922 0.999543 0.0258262 -0.612534 0.209285 -0.0285407 0.977438 13.0207 
0.977729 0.0290183 -0.207857 -4.81703 0.0156922 0.977515 0.210282 2.16597 0.209285 -0.20886 0.955289 30.9648 
0.977729 0.000843705 -0.209871 -0.347324 0.0156922 0.996899 0.0771128 -0.663315 0.209285 -0.0786888 0.974683 10.2956 
0.977729 -0.141165 -0.155303 18.0043 0.0156922 0.787088 -0.616642 26.4504 0.209285 0.600471 0.771773 -77.4716 
0.977729 -0.141165 -0.155303 18.0043 0.0156922 0.787088 -0.616642 26.4504 0.209285 0.600471 0.771773 -77.4716 
1 0 0 0 0 0.885323 -0.464977 8.58164 0 0.464977 0.885323 -47.012 
1 0 0 0 0 0.960752 -0.277407 4.71486 0 0.277407 0.960752 -36.2647 
1 0 0 0 0 0.961562 0.274587 -0.400068 0 -0.274587 0.961562 -30.6095 
1 0 0 0 0 1 3.57628e-05 -1.49223 0 -3.57628e-05 1 -30.7052 
1 0 0 0 0 0.992787 0.119895 -0.04879 0 -0.119895 0.992787 11.9877 
1 0 0 0 0 0.866931 0.498428 7.90033 0 -0.498428 0.866931 33.2551 
1 0 0 0 0 0.670241 0.742144 7.66345 0 -0.742144 0.670241 37.5749 
1 0 0 0 0 0.891487 0.453047 6.44592 0 -0.453047 0.891487 38.2923 
0.977729 0.0398569 -0.206054 -5.8203 0.0156922 0.96517 0.261153 3.65579 0.209285 -0.25857 0.943049 35.5401 
1 0 0 0 0 1 0 -0.697235 0 0 1 0 
1 0 0 0 0 0.999701 0.0244322 -0.598137 0 -0.0244322 0.999701 2.88936 
0.998988 0.000222725 -0.0449686 -0.144242 0.0016609 0.999123 0.0418458 -0.686089 0.0449385 -0.0418782 0.998112 5.07247 
0.999518 0.00222407 -0.0309552 -0.381323 0.000548839 0.996006 0.0892829 -0.0651703 0.0310301 -0.0892569 0.995525 11.8814 
0.979866 0.00222407 -0.199646 -0.550265 0.0156493 0.996006 0.0879024 -0.0693665 0.199044 -0.0892569 0.975917 11.8302 
0.998206 0.00283812 -0.059801 -0.367925 0.0119627 0.969276 0.245684 4.75777 0.058661 -0.245958 0.967504 38.2227 
0.979866 0.0593825 -0.190623 -9.63007 0.0156493 0.928967 0.369832 8.89978 0.199044 -0.365369 0.909333 55.8236 
0.979866 -0.0140154 -0.199166 -0.198338 0.0156493 0.999856 0.00663182 -0.209518 0.199044 -0.00961509 0.979943 10.1088 
0.979866 0.0227464 -0.198359 -3.86822 0.0156493 0.981683 0.189878 2.18002 0.199044 -0.189159 0.961561 27.9872 
0.979866 0.00336969 -0.19963 -0.731173 0.0156493 0.995485 0.0936165 -0.0199738 0.199044 -0.0948556 0.975389 12.7169 
0.979866 -0.132384 -0.149459 16.8121 0.0156493 0.797195 -0.603519 25.6049 0.199044 0.589028 0.783216 -75.6607 
0.979866 -0.132384 -0.149459 16.8121 0.0156493 0.797195 -0.603519 25.6049 0.199044 0.589028 0.783216 -75.6607 
1 0 0 0 0 0.893557 -0.448951 8.3278 0 0.448951 0.893557 -45.376 
1 0 0 0 0 0.966519 -0.256595 4.61031 0 0.256595 0.966519 -34.3637 
1 0 0 0 0 0.95644 0.29193 -0.360827 0 -0.29193 0.95644 -28.6433 
1 0 0 0 0 0.999987 0.00517359 -1.50456 0 -0.00517359 0.999987 -28.7302 
1 0 0 0 0 0.994849 0.101366 0.18943 0 -0.101366 0.994849 10.1385 
1 0 0 0 0 0.859693 0.510811 8.73211 0 -0.510811 0.859693 33.1447 
1 0 0 0 0 0.632865 0.774262 8.62182 0 -0.774262 0.632865 37.9458 
1 0 0 0 0 0.866129 0.499821 7.45515 0 -0.499821 0.866129 38.7164 
0.979866 0.0330965 -0.196896 -4.82797 0.0156493 0.9704 0.240995 3.57197 0.199044 -0.239224 0.950344 32.6024 
1 0 0 0 0 1 0 -0.184601 0 0 1 0 
1 0 0 0 0 0.999639 0.0268748 -0.0717087 0 -0.0268748 0.999639 3.17814 
0.999059 0.000229536 -0.0433598 -0.140943 0.00176822 0.998939 0.0460299 -0.160255 0.0433243 -0.0460633 0.997999 5.58641 
0.999607 0.00212373 -0.0279524 -0.357545 0.000484517 0.995668 0.0929744 0.480988 0.0280287 -0.0929514 0.995276 12.3245 
0.981896 0.00212373 -0.189411 -0.519447 0.0155298 0.995668 0.0916695 0.476883 0.188785 -0.0929514 0.977609 12.2767 
0.99836 0.00139889 -0.0572317 -0.127181 0.0128434 0.968746 0.247722 5.33264 0.0557895 -0.248051 0.967139 38.3938 
0.981896 0.0533972 -0.181741 -8.66197 0.0155298 0.933523 0.358182 8.76164 0.188785 -0.354519 0.915793 53.9455 
0.981896 -0.0176205 -0.188601 0.463905 0.0155298 0.999801 -0.0125576 0.244858 0.188785 0.00940126 0.981973 7.18123 
0.981896 0.0169577 -0.188662 -2.99057 0.0155298 0.985425 0.169399 2.25104 0.188785 -0.169262 0.967321 24.9834 
0.981896 0.00563286 -0.189339 -1.07372 0.0155298 0.993799 0.110102 0.666046 0.188785 -0.111049 0.975719 15.144 
0.981896 -0.123762 -0.143401 15.6479 0.0155298 0.807089 -0.590225 24.7943 0.188785 0.577313 0.794399 -73.8123 
0.981896 -0.123762 -0.143401 15.6479 0.0155298 0.807089 -0.590225 24.7943 0.188785 0.577313 0.794399 -73.8123 
1 0 0 0 0 0.9015 -0.432778 8.10355 0 0.432778 0.9015 -43.7264 
1 0 0 0 0 0.971835 -0.235664 4.54436 0 0.235664 0.971835 -32.4509 
1 0 0 0 0 0.951004 0.309178 -0.282393 0 -0.309178 0.951004 -26.6688 
1 0 0 0 0 0.999947 0.0103114 -1.47759 0 -0.0103114 0.999947 -26.7457 
1 0 0 0 0 0.996566 0.0828018 0.462166 0 -0.0828018 0.996566 8.28456 
1 0 0 0 0 0.852279 0.523088 9.58865 0 -0.523088 0.852279 33.0259 
1 0 0 0 0 0.593953 0.8045 9.63534 0 -0.8045 0.593953 38.3027 
1 0 0 0 0 0.838319 0.54518 8.52175 0 -0.54518 0.838319 39.1231 
0.981896 0.0268083 -0.187516 -3.90561 0.0155298 0.975209 0.22074 3.54457 0.188785 -0.219656 0.957137 29.6362 
1 0 0 0 0 1 0 0.328041 0 0 1 0 
1 0 0 0 0 0.99957 0.0293173 0.455437 0 -0.0293173 0.99957 3.46689 
0.999128 0.000233536 -0.0417508 -0.137284 0.00186484 0.998737 0.0502135 0.367752 0.0417098 -0.0502476 0.997865 6.1003 
0.999687 0.00202279 -0.0249494 -0.333727 0.00039853 0.995317 0.0966647 1.02879 0.0250281 -0.0966443 0.995004 12.7675 
0.983819 0.00202279 -0.179155 -0.488549 0.0153336 0.995317 0.0954416 1.02478 0.178509 -0.0966443 0.97918 12.7229 
0.998505 -2.09194e-05 -0.054657 0.110223 0.0136915 0.968212 0.249754 5.90738 0.0529144 -0.250129 0.966765 38.5628 
0.983819 0.047712 -0.172696 -7.7421 0.0153336 0.937931 0.346482 8.64659 0.178509 -0.343523 0.922023 52.0448 
0.983819 -0.0207462 -0.177961 1.05487 0.0153336 0.999379 -0.0317361 0.750504 0.178509 0.0284938 0.983526 4.24016 
0.983819 0.0116588 -0.178786 -2.18489 0.0153336 0.98874 0.148854 2.37907 0.178509 -0.149187 0.972562 21.9556 
0.983819 0.00763213 -0.179003 -1.37476 0.0153336 0.99184 0.126564 1.39479 0.178509 -0.127261 0.975674 17.5753 
0.983819 -0.115306 -0.137131 14.5124 0.0153336 0.816766 -0.576765 24.0194 0.178509 0.565329 0.805318 -71.9274 
0.983819 -0.115306 -0.137131 14.5124 0.0153336 0.816766 -0.576765 24.0194 0.178509 0.565329 0.805318 -71.9274 
1 0 0 0 0 0.909151 -0.416466 7.90913 0 0.416466 0.909151 -42.0639 
1 0 0 0 0 0.976697 -0.214622 4.51728 0 0.214622 0.976697 -30.5271 
1 0 0 0 0 0.945258 0.326325 -0.164609 0 -0.326325 0.945258 -24.6869 
1 0 0 0 0 0.999881 0.0154489 -1.41113 0 -0.0154489 0.999881 -24.7525 
1 0 0 0 0 0.997936 0.0642086 0.769524 0 -0.0642086 0.997936 6.42645 
1 0 0 0 0 0.844689 0.535258 10.4699 0 -0.535258 0.844689 32.8988 
1 0 0 0 0 0.553598 0.832784 10.7037 0 -0.832784 0.553598 38.644 
1 0 0 0 0 0.808136 0.588996 9.64516 0 -0.588996 0.808136 39.5109 
0.983819 0.0209998 -0.177931 -3.05411 0.0153336 0.979595 0.200396 3.57365 0.178509 -0.199882 0.963422 26.6436 
1 0 0 0 0 1 0 0.840675 0 0 1 0 
1 0 0 0 0 0.999496 0.0317597 0.983276 0 -0.0317597 0.999496 3.7556 
0.999194 0.000234725 -0.0401417 -0.133266 0.00195077 0.998517 0.0543966 0.897964 0.0400949 -0.0544311 0.997712 6.61413 
0.999757 0.00192127 -0.0219462 -0.309868 0.000290883 0.994952 0.100354 1.57822 0.0220282 -0.100336 0.99471 13.2103 
0.985635 0.00192127 -0.168879 -0.457573 0.0150605 0.994952 0.0992175 1.57433 0.168217 -0.100336 0.98063 13.1688 
0.998642 -0.00142112 -0.0520772 0.344258 0.0145069 0.967676 0.25178 6.48196 0.0500361 -0.252193 0.966382 38.7295 
0.985635 0.0423312 -0.163499 -6.87109 0.0150605 0.942193 0.334733 8.55457 0.168217 -0.332386 0.928021 50.1226 
0.985635 -0.0233905 -0.167262 1.57424 0.0150605 0.99859 -0.0508981 1.3074 0.168217 0.047648 0.984598 1.28766 
0.985635 0.00685526 -0.168751 -1.4519 0.0150605 0.991628 0.128249 2.56425 0.168217 -0.128948 0.97728 18.9062 
0.985635 0.00936655 -0.16863 -1.63412 0.0150605 0.989609 0.142996 2.16618 0.168217 -0.143482 0.975252 20.0095 
0.985635 -0.107019 -0.130655 13.4063 0.0150605 0.826223 -0.563142 23.2804 0.168217 0.553085 0.815966 -70.0071 
0.985635 -0.107019 -0.130655 13.4063 0.0150605 0.826223 -0.563142 23.2804 0.168217 0.553085 0.815966 -70.0071 
1 0 0 0 0 0.916507 -0.400018 7.7448 0 0.400018 0.916507 -40.3888 
1 0 0 0 0 0.981104 -0.19348 4.52923 0 0.19348 0.981104 -28.5933 
1 0 0 0 0 0.939202 0.343365 -0.00737953 0 -0.343365 0.939202 -22.6983 
1 0 0 0 0 0.999788 0.0205858 -1.30507 0 -0.0205858 0.999788 -22.7515 
1 0 0 0 0 0.99896 0.0455931 1.11154 0 -0.0455931 0.99896 4.56483 
1 0 0 0 0 0.836925 0.547318 11.3758 0 -0.547318 0.836925 32.7636 
1 0 0 0 0 0.511899 0.859046 11.8263 0 -0.859046 0.511899 38.9684 
1 0 0 0 0 0.775665 0.631144 10.8247 0 -0.631144 0.775665 39.8783 
0.985635 0.0156776 -0.168161 -2.27428 0.0150605 0.983557 0.179971 3.65938 0.168217 -0.179918 0.969192 23.6268 
1 0 0 0 0 1 0 1.35332 0 0 1 0 
1 0 0 0 0 0.999415 0.0342018 1.51183 0 -0.0342018 0.999415 4.04428 
0.999257 0.000233102 -0.0385325 -0.128889 0.002026 0.998281 0.058579 1.43037 0.0384799 -0.0586136 0.997539 7.12789 
0.999819 0.00181916 -0.0189428 -0.285968 0.000161582 0.994573 0.104041 2.1293 0.0190293 -0.104025 0.994392 13.6529 
0.987344 0.00181916 -0.158585 -0.42652 0.0147105 0.994573 0.102996 2.12558 0.157912 -0.104025 0.981959 13.6144 
0.998771 -0.00280161 -0.0494922 0.574907 0.0152894 0.967136 0.253799 7.05638 0.0471546 -0.254243 0.96599 38.8942 
0.987344 0.0372588 -0.154157 -6.04952 0.0147105 0.946307 0.322935 8.48564 0.157912 -0.321116 0.933782 48.1798 
0.987344 -0.0255524 -0.156523 2.0218 0.0147105 0.997436 -0.0700378 1.91548 0.157912 0.0668488 0.985188 -1.67415 
0.987344 0.00255212 -0.158575 -0.792198 0.0147105 0.994086 0.107592 2.80664 0.157912 -0.108563 0.981467 15.8374 
0.987344 0.0108353 -0.158225 -1.85163 0.0147105 0.987105 0.159393 2.98021 0.157912 -0.159703 0.974453 22.4454 
0.987344 -0.0989065 -0.123976 12.3302 0.0147105 0.835455 -0.549362 22.5779 0.157912 0.540585 0.826336 -68.0523 
0.987344 -0.0989065 -0.123976 12.3302 0.0147105 0.835455 -0.549362 22.5779 0.157912 0.540585 0.826336 -68.0523 
1 0 0 0 0 0.923566 -0.38344 7.61076 0 0.38344 0.923566 -38.7019 
1 0 0 0 0 0.985054 -0.172248 4.58043 0 0.172248 0.985054 -26.65 
1 0 0 0 0 0.93284 0.360292 0.189432 0 -0.360292 0.93284 -20.7038 
1 0 0 0 0 0.999669 0.0257223 -1.15924 0 -0.0257223 0.999669 -20.7435 
1 0 0 0 0 0.999636 0.0269618 1.4883 0 -0.0269618 0.999636 2.70036 
1 0 0 0 0 0.828989 0.559265 12.3063 0 -0.559265 0.828989 32.6204 
1 0 0 0 0 0.468956 0.883221 13.0028 0 -0.883221 0.468956 39.2745 
1 0 0 0 0 0.740999 0.671506 12.0597 0 -0.671506 0.740999 40.2239 
0.987344 0.0108478 -0.158224 -1.56683 0.0147105 0.987093 0.159471 3.80185 0.157912 -0.15978 0.97444 20.5881 
1 0 0 0 0 1 0 1.86596 0 0 1 0 
1 0 0 0 0 0.999328 0.0366437 2.04108 0 -0.0366437 0.999328 4.33292 
0.999318 0.000228668 -0.0369232 -0.124153 0.00209053 0.998026 0.0627607 1.96497 0.0368646 -0.0627951 0.997345 7.64157 
0.999871 0.00171646 -0.0159394 -0.262028 1.0634e-05 0.994181 0.107727 2.68202 0.0160315 -0.107713 0.994053 14.0953 
0.988945 0.00171646 -0.148274 -0.395391 0.0142835 0.994181 0.106776 2.67842 0.147594 -0.107713 0.983165 14.0598 
0.998891 -0.00416221 -0.0469021 0.802142 0.0160391 0.966594 0.255811 7.63062 0.0442705 -0.25628 0.965588 39.0568 
0.988945 0.0324985 -0.144679 -5.27796 0.0142835 0.950273 0.31109 8.43982 0.147594 -0.309717 0.939303 46.2175 
0.988945 -0.0272314 -0.145762 2.39741 0.0142835 0.995916 -0.0891492 2.57466 0.147594 0.0860817 0.985295 -4.64317 
0.988945 -0.00124636 -0.148279 -0.206314 0.0142835 0.996115 0.0868912 3.10629 0.147594 -0.0880485 0.985121 12.7515 
0.988945 0.0120378 -0.147794 -2.02719 0.0142835 0.984331 0.175749 3.83676 0.147594 -0.175918 0.973277 24.8814 
0.988945 -0.0909733 -0.117098 11.2848 0.0142835 0.84446 -0.535429 21.9122 0.147594 0.527837 0.836423 -66.0641 
0.988945 -0.0909733 -0.117098 11.2848 0.0142835 0.84446 -0.535429 21.9122 0.147594 0.527837 0.836423 -66.0641 
1 0 0 0 0 0.930324 -0.366738 7.50721 0 0.366738 0.930324 -37.0035 
1 0 0 0 0 0.988544 -0.150936 4.67106 0 0.150936 0.988544 -24.6982 
1 0 0 0 0 0.926172 0.377102 0.425922 0 -0.377102 0.926172 -18.7042 
1 0 0 0 0 0.999524 0.0308582 -0.97353 0 -0.0308582 0.999524 -18.7291 
1 0 0 0 0 0.999965 0.008321 1.89985 0 -0.008321 0.999965 0.833676 
1 0 0 0 0 0.820882 0.571097 13.2613 0 -0.571097 0.820882 32.4693 
1 0 0 0 0 0.424875 0.905252 14.2325 0 -0.905252 0.424875 39.5609 
1 0 0 0 0 0.704235 0.709967 13.3493 0 -0.709967 0.704235 40.5461 
0.988945 0.00651565 -0.148141 -0.932358 0.0142835 0.990203 0.138905 4.00119 0.147594 -0.139485 0.979163 17.5297 
1 0 0 0 0 1 0 2.37859 0 0 1 0 
1 0 0 0 0 0.999236 0.0390854 2.57104 0 -0.0390854 0.999236 4.62151 
0.999376 0.000221422 -0.0353138 -0.119058 0.00214437 0.997755 0.0669414 2.50175 0.0352493 -0.0669754 0.997132 8.15516 
0.999915 0.00161318 -0.0129358 -0.238048 -0.000161953 0.993774 0.111411 3.23636 0.013035 -0.1114 0.99369 14.5375 
0.990438 0.00161318 -0.137947 -0.364187 0.0137795 0.993774 0.110556 3.23289 0.137266 -0.1114 0.98425 14.5049 
0.999003 -0.00550282 -0.0443069 1.02595 0.0167558 0.966048 0.257818 8.20462 0.0413839 -0.258303 0.965177 39.2174 
0.990438 0.0280539 -0.135073 -4.55691 0.0137795 0.954092 0.299198 8.41707 0.137266 -0.298198 0.944582 44.2369 
0.990438 -0.0284275 -0.134995 2.70102 0.0137795 0.994031 -0.108227 3.28482 0.137266 0.105332 0.984918 -7.61725 
0.990438 -0.00453662 -0.137881 0.305342 0.0137795 0.997714 0.0661543 3.46322 0.137266 -0.0674217 0.988237 9.65077 
0.990438 0.0129734 -0.137345 -2.16066 0.0137795 0.981287 0.192059 4.73572 0.137266 -0.192115 0.971725 27.3164 
0.990438 -0.0832237 -0.110026 10.2708 0.0137795 0.853234 -0.521347 21.2839 0.137266 0.514846 0.846222 -64.0435 
0.990438 -0.0832237 -0.110026 10.2708 0.0137795 0.853234 -0.521347 21.2839 0.137266 0.514846 0.846222 -64.0435 
1 0 0 0 0 0.936781 -0.349916 7.43435 0 0.349916 0.936781 -35.2943 
1 0 0 0 0 0.991572 -0.129553 4.80125 0 0.129553 0.991572 -22.7387 
1 0 0 0 0 0.919201 0.393788 0.702139 0 -0.393788 0.919201 -16.7003 
1 0 0 0 0 0.999352 0.0359933 -0.747867 0 -0.0359933 0.999352 -16.7093 
1 0 0 0 0 0.999947 -0.0103226 2.3462 0 0.0103226 0.999947 -1.03457 
1 0 0 0 0 0.812607 0.582812 14.2407 0 -0.582812 0.812607 32.3106 
1 0 0 0 0 0.379762 0.925084 15.5147 0 -0.925084 0.379762 39.8262 
1 0 0 0 0 0.665477 0.746418 14.6926 0 -0.746418 0.665477 40.8437 
0.990438 0.00268575 -0.13793 -0.371386 0.0137795 0.992885 0.11828 4.25742 0.137266 -0.11905 0.983354 14.454 
1 0 0 0 0 1 0 2.71584 0 0 1 0 
1 0 0 0 0 0.999137 0.0415269 2.92631 0 -0.0415269 0.999137 4.91006 
0.999432 0.000211365 -0.0337043 -0.113603 0.00218751 0.997465 0.0711213 2.86534 0.0336339 -0.0711546 0.996898 8.66864 
0.99995 0.00150931 -0.00993218 -0.214029 -0.000356169 0.993355 0.115094 3.61694 0.0100399 -0.115084 0.993305 14.9796 
0.991824 0.00150931 -0.127604 -0.332909 0.0131983 0.993355 0.114335 3.61366 0.126929 -0.115084 0.985213 14.9496 
0.999107 -0.00682329 -0.0417067 1.24629 0.0174396 0.9655 0.259818 8.60304 0.038495 -0.260313 0.964757 39.3759 
0.991824 0.0239283 -0.12535 -3.88685 0.0131983 0.957762 0.28726 8.24208 0.126929 -0.286565 0.949615 42.2389 
0.991824 -0.0291414 -0.124241 2.93266 0.0131983 0.991781 -0.127264 3.87056 0.126929 0.124584 0.984057 -10.5943 
0.991824 -0.00731585 -0.127403 0.742441 0.0131983 0.998882 0.0453888 3.70213 0.126929 -0.0466992 0.990812 6.53763 
0.991824 0.0136418 -0.126882 -2.25196 0.0131983 0.977972 0.208317 5.50163 0.126929 -0.208288 0.969796 29.7488 
0.991824 -0.0756624 -0.102763 9.28873 0.0131983 0.861774 -0.507121 20.5179 0.126929 0.501619 0.855726 -61.9918 
0.991824 -0.0756624 -0.102763 9.28873 0.0131983 0.861774 -0.507121 20.5179 0.126929 0.501619 0.855726 -61.9918 
1 0 0 0 0 0.942933 -0.332982 7.21701 0 0.332982 0.942933 -33.5749 
1 0 0 0 0 0.99368 -0.112251 4.81304 0 0.112251 0.99368 -21.007 
1 0 0 0 0 0.913697 0.406396 0.835442 0 -0.406396 0.913697 -14.9464 
1 0 0 0 0 0.999311 0.0371026 -0.663727 0 -0.0371026 0.999311 -14.9445 
1 0 0 0 0 0.999581 -0.0289626 2.65201 0 0.0289626 0.999581 -2.90372 
1 0 0 0 0 0.811219 0.584743 14.6476 0 -0.584743 0.811219 31.6093 
1 0 0 0 0 0.367238 0.930127 16.007 0 -0.930127 0.367238 39.2599 
1 0 0 0 0 0.652368 0.757903 15.21 0 -0.757903 0.652368 40.2781 
0.991824 -0.000638044 -0.127612 0.115665 0.0131983 0.995138 0.0976041 4.39528 0.126929 -0.0984904 0.98701 11.3632 
1 0 0 0 0 1 0 2.70232 0 0 1 0 
1 0 0 0 0 0.999033 0.0439681 2.93152 0 -0.0439681 0.999033 5.19856 
0.999485 0.000198497 -0.0320948 -0.10779 0.00221995 0.997158 0.0753 2.88036 0.0320186 -0.0753325 0.996644 9.18201 
0.999975 0.00140486 -0.00692852 -0.189969 -0.000572005 0.992921 0.118774 3.64842 0.00704634 -0.118767 0.992897 15.4214 
0.993102 0.00140486 -0.117248 -0.30156 0.01254 0.992921 0.118112 3.64532 0.116584 -0.118767 0.986054 15.3941 
0.999202 -0.00812348 -0.0391016 1.46317 0.0180904 0.964949 0.261811 8.65047 0.0356042 -0.26231 0.964327 39.5326 
0.993102 0.0201246 -0.115517 -3.26823 0.01254 0.961283 0.275276 7.73958 0.116584 -0.274825 0.9544 40.2248 
0.993102 -0.0293744 -0.113518 3.09246 0.01254 0.989167 -0.146256 4.15648 0.116584 0.143824 0.982712 -13.5722 
0.993102 -0.00958196 -0.116864 1.10476 0.01254 0.999619 0.0246025 3.64774 0.116584 -0.0258983 0.992843 3.41436 
0.993102 0.0140428 -0.116413 -2.30103 0.01254 0.974389 0.224517 5.959 0.116584 -0.224428 0.967492 32.1774 
0.993102 -0.0682939 -0.0953156 8.33925 0.01254 0.870077 -0.492757 19.4392 0.116584 0.488163 0.864931 -59.9099 
0.993102 -0.0682939 -0.0953156 8.33925 0.01254 0.870077 -0.492757 19.4393 0.116584 0.488163 0.864931 -59.9099 
1 0 0 0 0 0.94878 -0.315939 6.67996 0 0.315939 0.94878 -31.8457 
1 0 0 0 0 0.99466 -0.103206 4.53402 0 0.103206 0.99466 -19.7395 
1 0 0 0 0 0.911611 0.411053 0.628458 0 -0.411053 0.911611 -13.6956 
1 0 0 0 0 0.999545 0.0301613 -0.917468 0 -0.0301613 0.999545 -13.6951 
1 0 0 0 0 0.998867 -0.0475926 2.64191 0 0.0475926 0.998867 -4.77314 
1 0 0 0 0 0.823632 0.567125 13.893 0 -0.567125 0.823632 29.8249 
1 0 0 0 0 0.420596 0.907248 14.8811 0 -0.907248 0.420596 37.0427 
1 0 0 0 0 0.692423 0.721492 14.0381 0 -0.721492 0.692423 38.0034 
0.993102 -0.00345261 -0.117206 0.528479 0.01254 0.996961 0.0768848 4.23952 0.116584 -0.0778242 0.990127 8.25966 
1 0 0 0 0 1 0 2.6888 0 0 1 0 
1 0 0 0 0 0.998923 0.0464091 2.93742 0 -0.0464091 0.998923 5.48702 
0.999535 0.000182818 -0.0304852 -0.101617 0.0022417 0.996834 0.0794776 2.89754 0.0304032 -0.079509 0.99637 9.69526 
0.999991 0.00129983 -0.00392485 -0.165871 -0.00080945 0.992474 0.122452 3.68149 0.00405448 -0.122448 0.992467 15.863 
0.994271 0.00129983 -0.106879 -0.270139 0.0118045 0.992474 0.121885 3.67859 0.106233 -0.122448 0.986773 15.8383 
0.99929 -0.00940326 -0.0364916 1.67654 0.0187082 0.964396 0.263799 8.69765 0.0327118 -0.264294 0.963887 39.6873 
0.994271 0.0166458 -0.105583 -2.70143 0.0118045 0.964656 0.263247 7.2603 0.106233 -0.262985 0.958933 38.1955 
0.994271 -0.0291283 -0.102842 3.18061 0.0118045 0.98619 -0.165197 4.49317 0.106233 0.163037 0.980884 -16.5488 
0.994271 -0.0113336 -0.106285 1.39217 0.0118045 0.999923 0.00380327 3.65077 0.106233 -0.00503609 0.994328 0.28334 
0.994271 0.0141762 -0.105943 -2.30784 0.0118045 0.97054 0.240653 6.45836 0.106233 -0.240525 0.964812 34.6009 
0.994271 -0.0611223 -0.0876867 7.42291 0.0118045 0.87814 -0.478259 18.3991 0.106233 0.474484 0.87383 -57.799 
0.994271 -0.0611223 -0.0876867 7.42291 0.0118045 0.87814 -0.478259 18.3991 0.106233 0.474484 0.87383 -57.799 
1 0 0 0 0 0.954318 -0.298793 6.17414 0 0.298793 0.954318 -30.1074 
1 0 0 0 0 0.995558 -0.0941532 4.27329 0 0.0941532 0.995558 -18.4678 
1 0 0 0 0 0.909502 0.4157 0.439352 0 -0.4157 0.909502 -12.4412 
1 0 0 0 0 0.999731 0.0232185 -1.15327 0 -0.0232185 0.999731 -12.4422 
1 0 0 0 0 0.997806 -0.066206 2.66664 0 0.066206 0.997806 -6.64216 
1 0 0 0 0 0.835662 0.549244 13.1746 0 -0.549244 0.835662 28.0249 
1 0 0 0 0 0.472536 0.881311 13.8278 0 -0.881311 0.472536 34.7908 
1 0 0 0 0 0.730449 0.682967 12.9429 0 -0.682967 0.730449 35.692 
0.994271 -0.00575551 -0.106732 0.866823 0.0118045 0.998354 0.05613 4.14095 0.106233 -0.0570684 0.992702 5.14575 
1 0 0 0 0 1 0 2.67527 0 0 1 0 
1 0 0 0 0 0.998806 0.0488498 2.94405 0 -0.0488498 0.998806 5.77544 
0.999583 0.000164327 -0.0288756 -0.0950859 0.00225275 0.996492 0.083654 2.91693 0.0287881 -0.0836842 0.996076 10.2084 
0.999999 0.00119422 -0.000921205 -0.141732 -0.00106849 0.992013 0.126128 3.71623 0.00106447 -0.126127 0.992014 16.3045 
0.995332 0.00119422 -0.096499 -0.238649 0.010992 0.992013 0.125653 3.71353 0.0958783 -0.126127 0.98737 16.2822 
0.999369 -0.0106625 -0.0338767 1.8864 0.0192929 0.963841 0.26578 8.74458 0.0298179 -0.266266 0.963438 39.8402 
0.995332 0.0134944 -0.0955583 -2.18683 0.010992 0.96788 0.251173 6.80432 0.0958783 -0.251051 0.963214 36.1523 
0.995332 -0.0284058 -0.0922312 3.19741 0.010992 0.98285 -0.184081 4.88063 0.0958783 0.182208 0.978574 -19.5221 
0.995332 -0.01257 -0.0956842 1.60463 0.010992 0.999795 -0.0170014 3.71133 0.0958783 0.0158702 0.995267 -2.85311 
0.995332 0.0140423 -0.0954793 -2.27236 0.010992 0.966423 0.256721 6.99962 0.0958783 -0.256572 0.961758 37.0177 
0.995332 -0.0541518 -0.0798816 6.5403 0.010992 0.88596 -0.463632 17.3978 0.0958783 0.46059 0.88242 -55.6603 
0.995332 -0.0541518 -0.0798816 6.5403 0.010992 0.88596 -0.463632 17.3978 0.0958783 0.46059 0.88242 -55.6603 
1 0 0 0 0 0.959546 -0.28155 5.69973 0 0.28155 0.959546 -28.3605 
1 0 0 0 0 0.996373 -0.0850924 4.03094 0 0.0850924 0.996373 -17.192 
1 0 0 0 0 0.907369 0.420335 0.268186 0 -0.420335 0.907369 -11.1836 
1 0 0 0 0 0.999868 0.0162744 -1.37108 0 -0.0162744 0.999868 -11.1861 
1 0 0 0 0 0.996398 -0.0847964 2.72621 0 0.0847964 0.996398 -8.51015 
1 0 0 0 0 0.847304 0.531108 12.4929 0 -0.531108 0.847304 26.21 
1 0 0 0 0 0.522884 0.852404 12.8487 0 -0.852404 0.522884 32.5073 
1 0 0 0 0 0.766335 0.642441 11.9257 0 -0.642441 0.766335 33.3473 
0.995332 -0.00754508 -0.096211 1.13057 0.010992 0.999315 0.0353472 4.09966 0.0958783 -0.0362398 0.994733 2.02375 
1 0 0 0 0 1 0 2.66175 0 0 1 0 
1 0 0 0 0 0.998684 0.0512902 2.95136 0 -0.0512902 0.998684 6.0638 
0.999628 0.000143025 -0.0272659 -0.0881956 0.0022531 0.996133 0.087829 2.9385 0.027173 -0.0878578 0.995762 10.7214 
0.999997 0.00108802 0.00208239 -0.117555 -0.00134912 0.991539 0.129802 3.75256 -0.00192355 -0.129804 0.991538 16.7457 
0.996285 0.00108802 -0.0861081 -0.207091 0.0101024 0.991539 0.129415 3.75006 0.0855204 -0.129804 0.987845 16.7257 
0.99944 -0.0119011 -0.0312571 2.09272 0.0198445 0.963283 0.267754 8.79121 0.0269228 -0.268225 0.96298 39.9912 
