21 176 1.75 1
0.891007 0 -0.45399 -0.69105 0 1 0 -14.8238 0.45399 0 0.891007 -0.254758 
0.891007 0 -0.45399 -1.15142 0 1 0 -16.1852 0.45399 0 0.891007 1.147 
0.878814 0 -0.477164 -1.12561 0 1 0 -13.7325 0.477164 0 0.878814 1.58275 
0.874768 0.314754 -0.368388 -46.0098 -0.0958455 0.857663 0.505201 8.59448 0.474967 -0.406626 0.780424 59.7222 
0.874768 0.238679 -0.421678 -33.6164 -0.0958455 0.938302 0.332269 -4.77721 0.474967 -0.250243 0.843673 34.1984 
0.950797 0.238679 -0.197527 -33.1671 -0.173382 0.938302 0.299212 -4.83118 0.256756 -0.250243 0.933518 34.4245 
0.860208 -0.308133 -0.40632 52.9599 0.467971 0.793559 0.388931 6.23793 0.202597 -0.524708 0.826823 83.2116 
0.860208 -0.500275 0.0988287 77.6504 0.467971 0.697442 -0.54275 18.589 0.202597 0.513127 0.83406 -50.1515 
0.790677 -0.500275 0.352924 80.195 0.60952 0.697442 -0.376908 15.5491 -0.0575865 0.513127 0.856379 -43.5387 
0.874768 -0.0840494 -0.477196 17.6397 -0.0958455 0.935366 -0.340446 -0.4496 0.474967 0.343549 0.810173 -59.3289 
0.874768 -0.483367 0.0337085 69.2431 -0.0958455 -0.240809 -0.965828 151.546 0.474967 0.841645 -0.256981 -123.697 
0.874768 -0.419671 0.242191 63.594 -0.0958455 -0.639829 -0.762517 191.663 0.474967 0.643813 -0.599926 -105.198 
0.703889 -0.301574 -0.643113 30.6869 0.447934 0.891132 0.0723875 -8.07909 0.551268 -0.339025 0.762342 32.2849 
0.311722 0.269784 -0.911069 2.90538 0.428192 0.816077 0.388161 -2.92863 0.848222 -0.511111 0.13887 36.8851 
0.309639 0.17525 -0.934565 4.11753 0.0426429 0.97932 0.197771 1.78347 0.949897 -0.10109 0.295763 30.0076 
0.309639 0.17525 -0.934565 4.11753 0.0426429 0.97932 0.197771 1.78347 0.949897 -0.10109 0.295763 30.0076 
0.931637 -0.11896 -0.343367 11.986 -0.183958 0.660493 -0.727948 14.9398 0.313388 0.741348 0.593457 -76.8485 
0.932165 0.04876 -0.358736 2.4207 -0.205281 0.887387 -0.412801 2.43584 0.298209 0.45844 0.8372 -60.4309 
0.932165 0.190456 -0.307889 0.49669 -0.205281 0.97857 -0.0161787 -2.16881 0.298209 0.0782847 0.951285 -57.5864 
0.932165 0.190456 -0.307889 0.49669 -0.205281 0.97857 -0.0161787 -2.16881 0.298209 0.0782847 0.951285 -57.5864 
0.790677 -0.500275 0.352924 80.195 0.60952 0.697442 -0.376908 15.5491 -0.0575865 0.513127 0.856379 -43.5387 
0.891007 0 -0.453991 -0.69105 0 1 0 -14.9555 0.453991 0 0.891007 -0.254758 
0.891007 -9.45874e-11 -0.453991 -1.15143 7.92361e-05 1 0.000155509 -16.3165 0.453991 -0.000174532 0.891007 1.16764 
0.878814 -9.45874e-11 -0.477164 -1.12561 8.32806e-05 1 0.000153381 -13.9176 0.477164 -0.000174532 0.878814 1.60298 
0.874579 0.316268 -0.367541 -46.2245 -0.096294 0.856188 0.507612 8.55706 0.475225 -0.408555 0.779258 59.9906 
0.874504 0.240058 -0.421444 -33.8064 -0.0933343 0.935975 0.339469 -4.74644 0.475953 -0.257532 0.84092 35.3382 
0.948578 0.242533 -0.203413 -33.8267 -0.173751 0.936088 0.30586 -4.81772 0.264594 -0.254789 0.930093 35.0827 
0.860806 -0.306881 -0.406002 52.7718 0.468346 0.789845 0.395975 6.53229 0.199162 -0.531008 0.823629 84.2881 
0.860807 -0.499439 0.0978393 77.5158 0.468221 0.701837 -0.536836 17.8444 0.19945 0.507923 0.837994 -49.2227 
0.791545 -0.499439 0.352161 80.0543 0.607981 0.701837 -0.371193 14.8488 -0.0617711 0.507923 0.859185 -42.5874 
0.874504 -0.0828367 -0.477892 17.4812 -0.0933343 0.93815 -0.333411 -1.22456 0.475953 0.336173 0.812685 -58.2057 
0.873512 -0.48625 0.0231788 69.5902 -0.0998075 -0.225493 -0.969119 148.997 0.476461 0.844224 -0.245503 -123.848 
0.873512 -0.426877 0.233991 64.3763 -0.0998075 -0.627506 -0.772188 189.391 0.476461 0.651162 -0.59074 -105.828 
0.70027 -0.308718 -0.643673 31.4365 0.45357 0.888682 0.067222 -8.03995 0.551268 -0.339025 0.762342 32.2849 
0.308771 0.264168 -0.913715 3.55579 0.430325 0.817913 0.381889 -3.08873 0.848222 -0.511111 0.13887 36.8851 
0.309313 0.167944 -0.936013 4.74272 0.0449503 0.9806 0.190798 1.63347 0.949897 -0.10109 0.295763 30.0075 
0.309313 0.167944 -0.936013 4.74272 0.0449503 0.9806 0.190798 1.63347 0.949897 -0.10109 0.295763 30.0075 
0.931637 -0.11896 -0.343367 11.986 -0.185487 0.656862 -0.730839 15.1481 0.312486 0.744567 0.589892 -77.1919 
0.932165 0.04876 -0.358736 2.4207 -0.202251 0.891982 -0.404304 2.25493 0.300272 0.449433 0.841336 -60.0271 
0.932165 0.190456 -0.307889 0.496687 -0.204968 0.978651 -0.0151824 -2.26905 0.298424 0.0772597 0.951301 -57.2502 
0.932165 0.190456 -0.307889 0.496688 -0.204968 0.978651 -0.0151824 -2.26905 0.298424 0.0772597 0.951301 -57.2502 
0.791542 -0.499441 0.352165 80.0546 0.607934 0.702248 -0.370491 14.8161 -0.0622687 0.507352 0.859486 -42.5194 
0.891007 0 -0.45399 -0.69105 0 1 0 -15.0872 0.45399 0 0.891007 -0.254758 
0.891007 -2.18279e-10 -0.45399 -1.15142 0.000158472 1 0.000311019 -16.4479 0.45399 -0.000349065 0.891006 1.18829 
0.878814 -2.18279e-10 -0.477164 -1.12561 0.000166561 1 0.000306763 -14.1027 0.477164 -0.000349065 0.878814 1.62323 
0.874389 0.31778 -0.366689 -46.4388 -0.0967415 0.854705 0.510019 8.52064 0.475485 -0.410481 0.778087 60.2585 
0.874248 0.241432 -0.42119 -33.9959 -0.0908146 0.933589 0.346646 -4.70625 0.47691 -0.264804 0.838114 36.4758 
0.946312 0.24637 -0.209271 -34.4837 -0.174017 0.933843 0.312498 -4.79974 0.272417 -0.259303 0.92658 35.7355 
0.861406 -0.305638 -0.405665 52.5851 0.468695 0.78608 0.402994 6.83566 0.195715 -0.537274 0.820385 85.3592 
0.861408 -0.498591 0.0968653 77.3797 0.468449 0.706192 -0.530893 17.1071 0.196293 0.502692 0.841885 -48.2915 
0.792412 -0.498591 0.351413 79.9123 0.606411 0.706192 -0.365456 14.1561 -0.0659519 0.502692 0.861946 -41.634 
0.874248 -0.0816149 -0.47857 17.3211 -0.0908146 0.940874 -0.326355 -1.9902 0.47691 0.328777 0.815146 -57.0788 
0.872184 -0.489015 0.0126248 69.9197 -0.103738 -0.210119 -0.972156 146.443 0.478052 0.84659 -0.233992 -123.968 
0.872184 -0.433989 0.225717 65.143 -0.103738 -0.61502 -0.781658 187.102 0.478052 0.658334 -0.581431 -106.43 
0.696606 -0.315843 -0.644192 32.1848 0.459178 0.886175 0.0620522 -7.99479 0.551268 -0.339024 0.762343 32.2849 
0.305806 0.258539 -0.916319 4.20627 0.432437 0.819709 0.375599 -3.24401 0.848222 -0.511111 0.13887 36.8851 
0.308969 0.160628 -0.93741 5.36789 0.0472553 0.981825 0.183814 1.48816 0.949897 -0.10109 0.295763 30.0075 
0.308969 0.160628 -0.93741 5.36789 0.0472553 0.981825 0.183814 1.48816 0.949897 -0.10109 0.295763 30.0075 
0.931637 -0.11896 -0.343367 11.986 -0.187012 0.653216 -0.733714 15.358 0.311575 0.747768 0.586313 -77.5336 
0.932165 0.04876 -0.358736 2.4207 -0.199201 0.896486 -0.395767 2.08025 0.302304 0.440381 0.845386 -59.6205 
0.932165 0.190456 -0.307889 0.496693 -0.204656 0.978731 -0.0141863 -2.36389 0.298638 0.0762351 0.951317 -56.9121 
0.932165 0.190456 -0.307889 0.496694 -0.204656 0.978731 -0.0141863 -2.36389 0.298638 0.0762351 0.951317 -56.9121 
0.792405 -0.498594 0.351424 79.9128 0.60631 0.707005 -0.364048 14.0918 -0.0669463 0.501545 0.862537 -41.4976 
0.891007 0 -0.453991 -0.69105 0 1 0 -15.2189 0.453991 0 0.891007 -0.254758 
0.891007 -3.0559e-10 -0.453991 -1.15142 0.000237708 1 0.000466528 -16.5793 0.45399 -0.000523597 0.891006 1.20893 
0.878814 -3.0559e-10 -0.477164 -1.12561 0.000249842 1 0.000460144 -14.2879 0.477164 -0.000523597 0.878814 1.64349 
0.874197 0.319289 -0.365833 -46.6527 -0.097188 0.853216 0.512422 8.48519 0.475745 -0.412404 0.77691 60.526 
0.874 0.242802 -0.420917 -34.185 -0.0882868 0.931144 0.353801 -4.65659 0.477838 -0.272061 0.835257 37.6111 
0.944 0.25019 -0.215101 -35.1381 -0.17418 0.931569 0.319123 -4.77742 0.280223 -0.263786 0.92298 36.383 
0.86201 -0.304405 -0.405309 52.3997 0.469015 0.782263 0.409986 7.14798 0.192257 -0.543508 0.81709 86.4252 
0.862013 -0.497731 0.0959067 77.2423 0.468654 0.710509 -0.524919 16.3771 0.193126 0.497434 0.845731 -47.358 
0.793276 -0.497731 0.35068 79.769 0.604809 0.710509 -0.359698 13.4708 -0.0701287 0.497434 0.864662 -40.6786 
0.874 -0.0803843 -0.479231 17.1593 -0.0882868 0.943539 -0.319279 -2.74658 0.477838 0.32136 0.817557 -55.9485 
0.870784 -0.491662 0.0020479 70.2316 -0.107634 -0.194691 -0.974941 143.884 0.47974 0.848742 -0.222453 -124.056 
0.870784 -0.441005 0.217371 65.8941 -0.107634 -0.602373 -0.790924 184.798 0.47974 0.665328 -0.572004 -107.004 
0.692897 -0.322948 -0.644669 32.9316 0.464756 0.88361 0.0568783 -7.94362 0.551268 -0.339025 0.762342 32.2849 
0.302826 0.252898 -0.918879 4.85677 0.434529 0.821467 0.369291 -3.39447 0.848222 -0.511111 0.13887 36.8851 
0.308608 0.153303 -0.938754 5.99299 0.0495577 0.982995 0.176819 1.34756 0.949897 -0.10109 0.295763 30.0075 
0.308608 0.153303 -0.938754 5.99299 0.0495577 0.982995 0.176819 1.34756 0.949897 -0.10109 0.295763 30.0075 
0.931637 -0.11896 -0.343367 11.986 -0.188532 0.649554 -0.73657 15.5696 0.310658 0.750952 0.582721 -77.8737 
0.932165 0.04876 -0.358736 2.4207 -0.196131 0.900898 -0.387189 1.91182 0.304305 0.431284 0.849349 -59.2112 
0.932165 0.190456 -0.307889 0.49669 -0.204343 0.978811 -0.01319 -2.45329 0.298853 0.0752102 0.951331 -56.5721 
0.932165 0.190456 -0.307889 0.496691 -0.204343 0.978811 -0.01319 -2.45329 0.298853 0.0752102 0.951331 -56.5721 
0.793266 -0.497733 0.350699 79.7696 0.604648 0.711715 -0.357579 13.3759 -0.0716191 0.495705 0.865533 -40.4732 
0.891007 0 -0.453991 -0.69105 0 1 0 -15.3507 0.453991 0 0.891007 -0.254758 
0.891007 -4.07454e-10 -0.453991 -1.15142 0.000316945 1 0.000622038 -16.7106 0.45399 -0.00069813 0.891006 1.22958 
0.878814 -4.07454e-10 -0.477164 -1.12561 0.000333123 1 0.000613526 -14.473 0.477164 -0.00069813 0.878814 1.66378 
0.874005 0.320796 -0.364973 -46.8663 -0.0976337 0.85172 0.514821 8.45074 0.476007 -0.414322 0.775728 60.793 
0.873761 0.244167 -0.420625 -34.3736 -0.0857511 0.928641 0.360933 -4.59752 0.478737 -0.2793 0.832347 38.744 
0.941642 0.253994 -0.220903 -35.7897 -0.17424 0.929267 0.325736 -4.75079 0.288013 -0.268236 0.919292 37.0252 
0.862618 -0.303182 -0.404934 52.2157 0.469308 0.778396 0.416952 7.46921 0.188787 -0.549709 0.813744 87.4858 
0.86262 -0.496859 0.0949636 77.1035 0.468835 0.714786 -0.518917 15.6544 0.18995 0.49215 0.849534 -46.4221 
0.794139 -0.496859 0.349963 79.6245 0.603177 0.714786 -0.353918 12.7931 -0.0743012 0.49215 0.867334 -39.7212 
0.873761 -0.079145 -0.479874 16.9959 -0.0857511 0.946144 -0.312183 -3.49359 0.478737 0.313923 0.819916 -54.8147 
0.869311 -0.494191 -0.00854976 70.5258 -0.111493 -0.179212 -0.977473 141.321 0.481526 0.850681 -0.210889 -124.113 
0.869311 -0.447924 0.208955 66.6295 -0.111493 -0.58957 -0.799985 182.479 0.481526 0.672139 -0.56246 -107.549 
0.689143 -0.330031 -0.645105 33.677 0.470303 0.880989 0.0517008 -7.88647 0.551268 -0.339024 0.762343 32.2849 
0.299832 0.247245 -0.921396 5.50722 0.4366 0.823186 0.362966 -3.54012 0.848222 -0.511111 0.13887 36.8851 
0.30823 0.145969 -0.940046 6.61796 0.0518571 0.984111 0.169815 1.21165 0.949897 -0.10109 0.295763 30.0075 
0.30823 0.145969 -0.940046 6.61796 0.0518571 0.984111 0.169815 1.21164 0.949897 -0.10109 0.295763 30.0075 
0.931637 -0.118959 -0.343367 11.986 -0.190048 0.645877 -0.739409 15.7828 0.309733 0.754117 0.579114 -78.2121 
0.932165 0.04876 -0.358736 2.42069 -0.193041 0.905218 -0.378572 1.74963 0.306275 0.422142 0.853225 -58.799 
0.932165 0.190456 -0.307889 0.496685 -0.20403 0.978889 -0.0121937 -2.53727 0.299067 0.074185 0.951344 -56.2301 
0.932165 0.190456 -0.307889 0.496685 -0.20403 0.978889 -0.0121937 -2.53727 0.299067 0.074185 0.951344 -56.2301 
0.794126 -0.49686 0.349992 79.625 0.602946 0.716376 -0.351084 12.6686 -0.0762867 0.489832 0.868473 -39.4464 
0.891007 0 -0.45399 -0.69105 0 1 0 -15.4824 0.45399 0 0.891007 -0.254758 
0.891007 -5.23869e-10 -0.45399 -1.15142 0.000396181 1 0.000777547 -16.842 0.45399 -0.000872662 0.891006 1.25022 
0.878814 -5.23869e-10 -0.477164 -1.12561 0.000416403 1 0.000766908 -14.6581 0.477164 -0.000872662 0.878814 1.68408 
0.873812 0.3223 -0.364109 -47.0796 -0.0980784 0.850217 0.517216 8.41727 0.47627 -0.416238 0.77454 61.0595 
0.873529 0.245527 -0.420313 -34.5617 -0.0832078 0.926078 0.368042 -4.52904 0.479608 -0.286522 0.829386 39.8744 
0.939238 0.25778 -0.226675 -36.4385 -0.174198 0.926935 0.332334 -4.71992 0.295783 -0.272654 0.915518 37.662 
0.863228 -0.301968 -0.40454 52.033 0.469573 0.774478 0.423892 7.79926 0.185306 -0.555876 0.810347 88.5411 
0.863229 -0.495976 0.0940361 76.9633 0.468993 0.719024 -0.512885 14.9391 0.186765 0.48684 0.853291 -45.484 
0.794999 -0.495976 0.349262 79.4788 0.601514 0.719024 -0.348118 12.1228 -0.0784692 0.48684 0.86996 -38.7619 
0.873529 -0.0778973 -0.480499 16.831 -0.0832078 0.948689 -0.305068 -4.2312 0.479608 0.306467 0.822225 -53.6776 
0.867767 -0.496601 -0.0191662 70.8021 -0.115313 -0.163686 -0.97975 138.754 0.483407 0.852405 -0.199306 -124.138 
0.867767 -0.454744 0.200469 67.3488 -0.115313 -0.576614 -0.808838 180.145 0.483407 0.678767 -0.552805 -108.065 
0.685345 -0.337094 -0.6455 34.4207 0.475821 0.878311 0.04652 -7.82334 0.551268 -0.339024 0.762342 32.2849 
0.296824 0.241581 -0.923869 6.15761 0.438651 0.824866 0.356624 -3.68096 0.848222 -0.511111 0.13887 36.8851 
0.307835 0.138628 -0.941286 7.2428 0.0541538 0.985172 0.162801 1.08041 0.949897 -0.10109 0.295763 30.0075 
0.307835 0.138628 -0.941286 7.2428 0.0541538 0.985172 0.162801 1.08042 0.949897 -0.10109 0.295763 30.0075 
0.931637 -0.118959 -0.343367 11.986 -0.191559 0.642183 -0.74223 15.9977 0.3088 0.757264 0.575494 -78.5488 
0.932165 0.0487601 -0.358736 2.42069 -0.18993 0.909444 -0.369915 1.59372 0.308213 0.412957 0.857013 -58.3842 
0.932165 0.190456 -0.307889 0.49668 -0.203716 0.978966 -0.0111975 -2.6158 0.29928 0.0731598 0.951356 -55.8863 
0.932165 0.190456 -0.307889 0.49668 -0.203716 0.978966 -0.0111975 -2.61579 0.29928 0.0731598 0.951356 -55.8863 
0.794983 -0.495973 0.349303 79.4791 0.601206 0.720989 -0.344565 11.9698 -0.0809489 0.483927 0.871356 -38.4173 
0.891007 0 -0.45399 -0.69105 0 1 0 -15.6141 0.45399 0 0.891007 -0.254758 
0.891007 -6.40284e-10 -0.453991 -1.15142 0.000475417 0.999999 0.000933057 -16.9733 0.45399 -0.00104719 0.891006 1.27087 
0.878814 -6.40284e-10 -0.477164 -1.12561 0.000499684 0.999999 0.000920289 -14.8432 0.477164 -0.00104719 0.878814 1.7044 
0.873618 0.323802 -0.363241 -47.2925 -0.0985222 0.848707 0.519606 8.3848 0.476534 -0.41815 0.773347 61.3254 
0.873306 0.246883 -0.419983 -34.7493 -0.0806571 0.923457 0.375128 -4.45114 0.480449 -0.293727 0.826374 41.0024 
0.936789 0.261549 -0.232419 -37.0846 -0.174053 0.924576 0.338916 -4.68497 0.303532 -0.27704 0.911656 38.2934 
0.863841 -0.300764 -0.404128 51.8518 0.46981 0.77051 0.430804 8.13814 0.181815 -0.562009 0.806901 89.5909 
0.863841 -0.495082 0.0931243 76.8218 0.469127 0.723221 -0.506824 14.2311 0.18357 0.481503 0.857005 -44.5436 
0.795857 -0.495082 0.348576 79.3318 0.599819 0.723221 -0.342298 11.4601 -0.0826325 0.481503 0.87254 -37.8008 
0.873306 -0.0766414 -0.481106 16.6645 -0.0806571 0.951173 -0.297933 -4.9594 0.480449 0.298992 0.824483 -52.5371 
0.866152 -0.498891 -0.0297994 71.0607 -0.119091 -0.148117 -0.981773 136.184 0.485384 0.853914 -0.187706 -124.131 
0.866152 -0.461464 0.191916 68.0522 -0.119091 -0.563508 -0.817482 177.798 0.485384 0.685208 -0.54304 -108.553 
0.681503 -0.344134 -0.645852 35.1629 0.481308 0.875576 0.0413361 -7.75426 0.551268 -0.339024 0.762343 32.2849 
0.293801 0.235905 -0.926299 6.8079 0.440681 0.826508 0.350265 -3.81699 0.848222 -0.511111 0.13887 36.8851 
0.307423 0.131279 -0.942474 7.86746 0.0564475 0.986178 0.155779 0.953872 0.949897 -0.10109 0.295763 30.0075 
0.307423 0.131279 -0.942474 7.86746 0.0564475 0.986178 0.155779 0.953871 0.949897 -0.10109 0.295763 30.0075 
0.931637 -0.118959 -0.343367 11.986 -0.193066 0.638475 -0.745034 16.2143 0.30786 0.760394 0.57186 -78.8838 
0.932165 0.04876 -0.358736 2.42069 -0.186801 0.913578 -0.361221 1.44411 0.31012 0.40373 0.860714 -57.9668 
0.932165 0.190456 -0.307889 0.496686 -0.203403 0.979042 -0.0102014 -2.68886 0.299493 0.0721347 0.951368 -55.5407 
0.932165 0.190456 -0.307889 0.496685 -0.203403 0.979042 -0.0102014 -2.68886 0.299493 0.0721347 0.951368 -55.5407 
0.795838 -0.495074 0.348631 79.3319 0.599427 0.725554 -0.338022 11.2796 -0.0856052 0.47799 0.874184 -37.3858 
0.891006 0 -0.453991 -0.69105 0 1 0 -15.7459 0.453991 0 0.891006 -0.254758 
0.891006 -5.82077e-10 -0.453991 -1.15143 0.000554653 0.999999 0.00108857 -17.1047 0.45399 -0.00122173 0.891006 1.29152 
0.878814 -5.82077e-10 -0.477164 -1.12561 0.000582965 0.999999 0.00107367 -15.0284 0.477164 -0.00122173 0.878814 1.72474 
0.873423 0.325302 -0.362369 -47.505 -0.098965 0.84719 0.521992 8.35329 0.4768 -0.420058 0.772148 61.5909 
0.873091 0.248233 -0.419634 -34.9363 -0.0780994 0.920778 0.382189 -4.36391 0.481262 -0.300913 0.82331 42.1277 
0.934296 0.2653 -0.238134 -37.7279 -0.173806 0.922189 0.345482 -4.64595 0.311261 -0.281393 0.907708 38.9196 
0.864457 -0.29957 -0.403697 51.6719 0.470019 0.766493 0.437688 8.48578 0.178313 -0.568108 0.803404 90.6351 
0.864456 -0.494176 0.0922282 76.6791 0.469237 0.727379 -0.500736 13.5306 0.180367 0.476141 0.860673 -43.6011 
0.796713 -0.494176 0.347907 79.1837 0.598093 0.727379 -0.336458 10.8049 -0.0867908 0.476141 0.875075 -36.8378 
0.873091 -0.0753776 -0.481695 16.4965 -0.0780994 0.953597 -0.290781 -5.67815 0.481262 0.291498 0.82669 -51.3935 
0.864466 -0.501062 -0.0404475 71.3015 -0.122825 -0.13251 -0.983542 133.611 0.487456 0.855206 -0.176093 -124.093 
0.864466 -0.468083 0.183297 68.7394 -0.122825 -0.550256 -0.825913 175.438 0.487456 0.69146 -0.53317 -109.01 
0.677617 -0.351152 -0.646163 35.9035 0.486764 0.872785 0.0361496 -7.67921 0.551268 -0.339024 0.762342 32.2849 
0.290765 0.230217 -0.928685 7.45806 0.44269 0.82811 0.343889 -3.9482 0.848222 -0.511111 0.13887 36.8851 
0.306993 0.123922 -0.943609 8.49189 0.058738 0.987129 0.148747 0.832035 0.949897 -0.10109 0.295763 30.0075 
0.306993 0.123922 -0.943609 8.49189 0.058738 0.987129 0.148747 0.832035 0.949897 -0.10109 0.295763 30.0075 
0.931637 -0.11896 -0.343367 11.986 -0.194568 0.634751 -0.747819 16.4325 0.306913 0.763505 0.568212 -79.2171 
0.932165 0.04876 -0.358736 2.4207 -0.183652 0.917618 -0.35249 1.30081 0.311995 0.394461 0.864326 -57.5468 
0.932165 0.190456 -0.307889 0.496691 -0.203089 0.979117 -0.00920522 -2.75648 0.299706 0.0711096 0.951378 -55.1934 
0.932165 0.190456 -0.307889 0.496693 -0.203089 0.979117 -0.00920522 -2.75648 0.299706 0.0711096 0.951378 -55.1934 
0.796691 -0.494162 0.347977 79.1834 0.59761 0.730068 -0.331454 10.5981 -0.0902553 0.472021 0.876955 -36.3521 
0.891007 0 -0.453991 -0.69105 0 1 0 -15.8776 0.453991 0 0.891007 -0.254758 
0.891007 -8.14907e-10 -0.453991 -1.15142 0.000633889 0.999999 0.00124408 -17.236 0.45399 -0.00139626 0.891006 1.31216 
0.878814 -8.14907e-10 -0.477164 -1.12561 0.000666246 0.999999 0.00122705 -15.2135 0.477164 -0.00139626 0.878813 1.7451 
0.873227 0.326799 -0.361493 -47.7171 -0.0994069 0.845666 0.524374 8.32279 0.477067 -0.421962 0.770944 61.8559 
0.872884 0.249578 -0.419266 -35.1228 -0.0755349 0.91804 0.389226 -4.2673 0.482045 -0.30808 0.820195 43.2504 
0.931758 0.269034 -0.243818 -38.3682 -0.173456 0.919776 0.35203 -4.60301 0.318966 -0.285715 0.903674 39.5405 
0.865076 -0.298386 -0.403248 51.4936 0.470199 0.762425 0.444545 8.84216 0.1748 -0.574172 0.799857 91.6738 
0.865073 -0.493258 0.0913482 76.5351 0.469324 0.731497 -0.494619 12.8374 0.177154 0.470754 0.864296 -42.6566 
0.797566 -0.493258 0.347253 79.0345 0.596337 0.731497 -0.330598 10.1573 -0.0909439 0.470754 0.877565 -35.8731 
0.872884 -0.0741058 -0.482267 16.327 -0.0755349 0.95596 -0.283609 -6.38747 0.482045 0.283986 0.828845 -50.2467 
0.862708 -0.503113 -0.0511084 71.5243 -0.126512 -0.116869 -0.985057 131.037 0.489621 0.856282 -0.164474 -124.023 
0.862708 -0.474599 0.174614 69.4103 -0.126512 -0.536862 -0.834131 173.065 0.489621 0.697521 -0.523198 -109.439 
0.673687 -0.358148 -0.646433 36.6424 0.492188 0.869938 0.0309608 -7.59824 0.551268 -0.339024 0.762343 32.2849 
0.287715 0.22452 -0.931027 8.10803 0.444679 0.829673 0.337497 -4.0746 0.848222 -0.511111 0.13887 36.8851 
0.306547 0.116559 -0.944692 9.11607 0.0610252 0.988026 0.141708 0.714867 0.949897 -0.10109 0.295763 30.0075 
0.306547 0.116559 -0.944692 9.11607 0.0610252 0.988026 0.141708 0.714866 0.949897 -0.10109 0.295763 30.0075 
0.931637 -0.118959 -0.343367 11.986 -0.196066 0.631013 -0.750587 16.6523 0.305959 0.766597 0.564551 -79.5486 
0.932165 0.0487601 -0.358736 2.42069 -0.180484 0.921564 -0.343722 1.16381 0.313838 0.385152 0.86785 -57.1242 
0.932165 0.190456 -0.307889 0.496682 -0.202775 0.979191 -0.00820866 -2.81865 0.299919 0.0700839 0.951387 -54.8443 
0.932165 0.190456 -0.307889 0.496683 -0.202775 0.979191 -0.00820866 -2.81865 0.299919 0.0700839 0.951387 -54.8443 
0.797541 -0.493237 0.347341 79.0337 0.595754 0.734534 -0.324864 9.92513 -0.0948991 0.466022 0.879669 -35.3162 
0.891007 0 -0.45399 -0.69105 0 1 0 -16.0093 0.45399 0 0.891007 -0.254758 
0.891007 -9.8953e-10 -0.45399 -1.15142 0.000713126 0.999999 0.00139959 -17.3673 0.45399 -0.00157079 0.891005 1.33281 
0.878814 -9.8953e-10 -0.477164 -1.12561 0.000749526 0.999999 0.00138043 -15.3986 0.477163 -0.00157079 0.878813 1.76547 
0.87303 0.328293 -0.360613 -47.9289 -0.0998478 0.844135 0.526751 8.29324 0.477335 -0.423863 0.769734 62.1204 
0.872686 0.250917 -0.418879 -35.3085 -0.0729638 0.915244 0.396237 -4.16138 0.482799 -0.315228 0.817029 44.3703 
0.929178 0.272749 -0.249474 -39.0057 -0.173005 0.917336 0.358559 -4.55623 0.326648 -0.290004 0.899555 40.156 
0.865698 -0.297213 -0.40278 51.3168 0.470352 0.758309 0.451372 9.2072 0.171278 -0.5802 0.796261 92.7068 
0.865693 -0.49233 0.0904844 76.3898 0.469386 0.735574 -0.488475 12.1516 0.173933 0.465341 0.867874 -41.7099 
0.798416 -0.49233 0.346615 78.8841 0.594549 0.735574 -0.324719 9.51723 -0.0950918 0.465341 0.880008 -34.9067 
0.872686 -0.0728265 -0.48282 16.156 -0.0729638 0.958263 -0.276421 -7.08725 0.482799 0.276457 0.830949 -49.0969 
0.860881 -0.505043 -0.0617804 71.7292 -0.13015 -0.101197 -0.986316 128.461 0.49188 0.857141 -0.15285 -123.921 
0.860881 -0.481012 0.165868 70.0648 -0.13015 -0.523328 -0.842133 170.68 0.49188 0.703388 -0.513127 -109.838 
0.669714 -0.365121 -0.64666 37.3795 0.497581 0.867035 0.02577 -7.51131 0.551268 -0.339024 0.762343 32.2849 
0.284652 0.218811 -0.933325 8.75782 0.446646 0.831196 0.331089 -4.19619 0.848222 -0.511111 0.13887 36.8851 
0.306083 0.109189 -0.945722 9.73998 0.0633092 0.988867 0.13466 0.602398 0.949897 -0.10109 0.295763 30.0075 
0.306083 0.109189 -0.945722 9.73998 0.0633092 0.988867 0.13466 0.602398 0.949897 -0.10109 0.295763 30.0075 
0.931637 -0.118959 -0.343367 11.986 -0.197559 0.627259 -0.753337 16.8737 0.304997 0.769672 0.560876 -79.8785 
0.932165 0.04876 -0.358736 2.42069 -0.177298 0.925416 -0.33492 1.03317 0.315649 0.375804 0.871285 -56.6992 
0.932165 0.190456 -0.307889 0.496682 -0.202461 0.979264 -0.00721264 -2.87535 0.300131 0.0690588 0.951395 -54.4936 
0.932165 0.190456 -0.307889 0.496682 -0.202461 0.979264 -0.00721264 -2.87535 0.300131 0.0690588 0.951395 -54.4936 
0.798388 -0.492301 0.346723 78.8828 0.59386 0.73895 -0.31825 9.26089 -0.0995362 0.459992 0.882326 -34.2782 
0.891007 0 -0.45399 -0.69105 0 1 0 -16.141 0.45399 0 0.891007 -0.254758 
0.891007 -1.04774e-09 -0.45399 -1.15142 0.000792362 0.999998 0.0015551 -17.4987 0.45399 -0.00174532 0.891005 1.35345 
0.878814 -1.04774e-09 -0.477164 -1.12561 0.000832807 0.999998 0.00153382 -15.5837 0.477163 -0.00174532 0.878813 1.78587 
0.872832 0.329785 -0.35973 -48.1403 -0.100288 0.842597 0.529125 8.2647 0.477605 -0.425761 0.768519 62.3844 
0.872496 0.25225 -0.418473 -35.4936 -0.0703865 0.91239 0.403224 -4.04613 0.483524 -0.322356 0.813812 45.4875 
0.926554 0.276447 -0.255099 -39.6403 -0.172451 0.91487 0.365067 -4.50566 0.334304 -0.294262 0.89535 40.7663 
0.866322 -0.29605 -0.402293 51.1416 0.470475 0.754143 0.458171 9.58084 0.167745 -0.586193 0.792615 93.734 
0.866314 -0.491391 0.0896365 76.2433 0.469425 0.73961 -0.482303 11.4733 0.170704 0.459904 0.871406 -40.7613 
0.799264 -0.491391 0.345994 78.7326 0.59273 0.73961 -0.318822 8.88477 -0.0992341 0.459904 0.882406 -33.9387 
0.872496 -0.0715398 -0.483355 15.9837 -0.0703865 0.960505 -0.269215 -7.77754 0.483524 0.26891 0.833001 -47.944 
0.858983 -0.506852 -0.0724613 71.9161 -0.133737 -0.0854985 -0.987322 125.885 0.49423 0.857783 -0.141227 -123.788 
0.858983 -0.48732 0.157061 70.7028 -0.133737 -0.509659 -0.849919 168.283 0.49423 0.70906 -0.502961 -110.206 
0.665698 -0.37207 -0.646846 38.1149 0.502942 0.864075 0.0205775 -7.4185 0.551268 -0.339024 0.762343 32.2849 
0.281575 0.213092 -0.935579 9.40735 0.448592 0.832681 0.324665 -4.31298 0.848222 -0.511111 0.13887 36.8851 
0.305603 0.101813 -0.9467 10.3636 0.0655894 0.989654 0.127605 0.494594 0.949897 -0.10109 0.295763 30.0075 
0.305603 0.101813 -0.9467 10.3636 0.0655894 0.989654 0.127605 0.494594 0.949897 -0.10109 0.295763 30.0075 
0.931637 -0.118959 -0.343367 11.986 -0.199047 0.62349 -0.756069 17.0967 0.304028 0.772728 0.557188 -80.2066 
0.932165 0.04876 -0.358736 2.42069 -0.174094 0.929173 -0.326083 0.908852 0.317428 0.366417 0.874631 -56.2718 
0.932165 0.190456 -0.307889 0.496683 -0.202147 0.979336 -0.0062162 -2.92659 0.300343 0.0680332 0.951402 -54.1413 
0.932165 0.190456 -0.307889 0.496684 -0.202147 0.979336 -0.0062162 -2.92658 0.300343 0.0680332 0.951402 -54.1413 
0.799232 -0.491352 0.346123 78.7306 0.591926 0.743316 -0.311615 8.60527 -0.104166 0.453932 0.884926 -33.2382 
0.891007 0 -0.45399 -0.69105 0 1 0 -16.2728 0.45399 0 0.891007 -0.254758 
0.891007 -1.16415e-09 -0.45399 -1.15142 0.000871598 0.999998 0.0017106 -17.63 0.45399 -0.00191986 0.891005 1.3741 
0.878814 -1.16415e-09 -0.477164 -1.12561 0.000916088 0.999998 0.0016872 -15.7688 0.477163 -0.00191986 0.878813 1.80628 
0.872634 0.331275 -0.358842 -48.3514 -0.100727 0.841052 0.531494 8.23711 0.477875 -0.427654 0.767299 62.6479 
0.872315 0.253577 -0.418049 -35.678 -0.0678032 0.909479 0.410184 -3.92168 0.48422 -0.329464 0.810545 46.6017 
0.923887 0.280126 -0.260694 -40.2719 -0.171795 0.912378 0.371553 -4.45148 0.341933 -0.298487 0.891059 41.3712 
0.866949 -0.294898 -0.401789 50.9679 0.470571 0.749929 0.464941 9.96301 0.164203 -0.59215 0.78892 94.7555 
0.866938 -0.490441 0.0888048 76.0957 0.46944 0.743606 -0.476105 10.8024 0.167466 0.454442 0.874893 -39.8107 
0.800109 -0.490441 0.345388 78.5801 0.59088 0.743606 -0.312906 8.25983 -0.10337 0.454442 0.884758 -32.9691 
0.872315 -0.070246 -0.483872 15.81 -0.0678032 0.962685 -0.261992 -8.4583 0.48422 0.261347 0.835002 -46.7883 
0.857015 -0.508539 -0.0831491 72.0851 -0.13727 -0.0697777 -0.988073 123.308 0.496672 0.858207 -0.129608 -123.623 
0.857015 -0.493522 0.148195 71.3241 -0.13727 -0.495859 -0.857486 165.875 0.496672 0.714535 -0.492704 -110.545 
0.661638 -0.378995 -0.646991 38.8484 0.50827 0.861061 0.0153837 -7.31979 0.551268 -0.339024 0.762343 32.2849 
0.278484 0.207363 -0.937788 10.0566 0.450517 0.834126 0.318226 -4.42498 0.848222 -0.511111 0.13887 36.8851 
0.305105 0.0944312 -0.947625 10.9868 0.0678662 0.990386 0.120543 0.391467 0.949897 -0.10109 0.295763 30.0075 
0.305105 0.0944312 -0.947625 10.9868 0.0678662 0.990386 0.120543 0.391467 0.949897 -0.10109 0.295763 30.0075 
0.931637 -0.118959 -0.343367 11.986 -0.20053 0.619707 -0.758783 17.3214 0.303051 0.775766 0.553487 -80.533 
0.932165 0.0487601 -0.358736 2.42069 -0.170872 0.932834 -0.317212 0.790905 0.319174 0.356992 0.877887 -55.842 
0.932165 0.190456 -0.307889 0.496677 -0.201832 0.979406 -0.00521988 -2.97233 0.300554 0.0670075 0.951408 -53.7874 
0.932165 0.190456 -0.307889 0.496678 -0.201832 0.979406 -0.00521988 -2.97233 0.300554 0.0670075 0.951408 -53.7874 
0.800074 -0.490391 0.345541 78.5773 0.589955 0.747632 -0.304958 7.95831 -0.108789 0.447842 0.887469 -32.1962 
0.891007 0 -0.453991 -0.69105 0 1 0 -16.4045 0.453991 0 0.891007 -0.254758 
0.891007 -1.10595e-09 -0.453991 -1.15143 0.000950834 0.999998 0.00186611 -17.7613 0.45399 -0.00209439 0.891005 1.39474 
0.878814 -1.10595e-09 -0.477164 -1.12561 0.000999368 0.999998 0.00184058 -15.9539 0.477163 -0.00209439 0.878812 1.82672 
0.872434 0.332762 -0.35795 -48.562 -0.101165 0.8395 0.533858 8.21052 0.478147 -0.429544 0.766072 62.9109 
0.872142 0.254898 -0.417607 -35.8617 -0.0652141 0.906509 0.417118 -3.78793 0.484887 -0.336552 0.807228 47.713 
0.921179 0.283787 -0.266259 -40.9006 -0.171038 0.909862 0.378017 -4.39371 0.349535 -0.302681 0.886684 41.971 
0.867578 -0.293757 -0.401267 50.7958 0.470637 0.745666 0.471681 10.3537 0.160651 -0.598071 0.785176 95.7711 
0.867564 -0.48948 0.0879894 75.9468 0.469431 0.747561 -0.46988 10.1389 0.16422 0.448956 0.878334 -38.8583 
0.800951 -0.48948 0.344799 78.4266 0.589 0.747561 -0.306972 7.64251 -0.107501 0.448956 0.887064 -31.9979 
0.872142 -0.0689452 -0.484371 15.6349 -0.0652141 0.964805 -0.254752 -9.12947 0.484887 0.253768 0.836951 -45.6297 
0.854977 -0.510106 -0.0938421 72.2361 -0.140746 -0.0540384 -0.98857 120.732 0.499204 0.858412 -0.117997 -123.426 
0.854977 -0.499618 0.139271 71.9287 -0.140746 -0.48193 -0.864832 163.457 0.499204 0.719809 -0.482358 -110.854 
0.657537 -0.385896 -0.647093 39.5801 0.513565 0.85799 0.0101889 -7.21519 0.551268 -0.339024 0.762343 32.2849 
0.275381 0.201624 -0.939954 10.7055 0.452421 0.835532 0.311772 -4.53217 0.848222 -0.511111 0.13887 36.8851 
0.304591 0.0870444 -0.948498 11.6096 0.0701391 0.991062 0.113474 0.293008 0.949897 -0.10109 0.295763 30.0075 
0.304591 0.0870444 -0.948498 11.6096 0.0701391 0.991062 0.113474 0.293007 0.949897 -0.10109 0.295763 30.0075 
0.931637 -0.118959 -0.343367 11.986 -0.202009 0.615908 -0.761479 17.5476 0.302068 0.778785 0.549772 -80.8577 
0.932165 0.0487601 -0.358736 2.42069 -0.167632 0.9364 -0.308309 0.679329 0.320887 0.347531 0.881053 -55.41 
0.932165 0.190456 -0.307889 0.496681 -0.201517 0.979476 -0.00422356 -3.0126 0.300765 0.065982 0.951413 -53.432 
0.932165 0.190456 -0.307889 0.496681 -0.201517 0.979476 -0.00422356 -3.0126 0.300765 0.065982 0.951413 -53.432 
0.800912 -0.489419 0.344977 78.4229 0.587945 0.751898 -0.298279 7.32002 -0.113404 0.441723 0.889955 -31.1523 
0.891007 0 -0.453991 -0.69105 0 1 0 -16.5362 0.453991 0 0.891007 -0.254758 
0.891007 -1.22236e-09 -0.453991 -1.15142 0.00103007 0.999997 0.00202162 -17.8927 0.453989 -0.00226892 0.891004 1.41539 
0.878814 -1.22236e-09 -0.477164 -1.12561 0.00108265 0.999997 0.00199396 -16.1389 0.477163 -0.00226892 0.878812 1.84717 
0.872233 0.334247 -0.357054 -48.7723 -0.101602 0.837942 0.536219 8.18488 0.47842 -0.43143 0.764841 63.1734 
0.871978 0.256212 -0.417145 -36.0445 -0.0626197 0.903483 0.424026 -3.64497 0.485524 -0.343619 0.803861 48.8213 
0.91843 0.287429 -0.271793 -41.5262 -0.17018 0.907322 0.384456 -4.33243 0.357108 -0.306842 0.882226 42.5654 
0.868209 -0.292627 -0.400726 50.6253 0.470675 0.741355 0.478391 10.7529 0.15709 -0.603955 0.781384 96.7807 
0.868191 -0.488509 0.0871905 75.7969 0.469397 0.751475 -0.46363 9.48289 0.160966 0.443446 0.881729 -37.904 
0.80179 -0.488509 0.344225 78.272 0.587088 0.751475 -0.301021 7.0328 -0.111625 0.443446 0.889323 -31.0253 
0.871978 -0.0676376 -0.484851 15.4585 -0.0626197 0.966863 -0.247497 -9.79108 0.485524 0.246173 0.838847 -44.4683 
0.852871 -0.51155 -0.104538 72.369 -0.144164 -0.0382849 -0.988813 118.157 0.501825 0.8584 -0.106399 -123.197 
0.852871 -0.505605 0.130291 72.5165 -0.144164 -0.467877 -0.871956 161.029 0.501825 0.724882 -0.471929 -111.132 
0.653392 -0.392772 -0.647154 40.3098 0.518828 0.854864 0.00499342 -7.10471 0.551268 -0.339024 0.762343 32.2849 
0.272264 0.195876 -0.942075 11.3541 0.454303 0.836898 0.305303 -4.63456 0.848222 -0.511111 0.138871 36.885 
0.304059 0.0796528 -0.949317 12.232 0.0724081 0.991683 0.106399 0.199228 0.949897 -0.10109 0.295763 30.0075 
0.304059 0.0796528 -0.949317 12.232 0.0724081 0.991683 0.106399 0.199228 0.949897 -0.10109 0.295763 30.0075 
0.931637 -0.118959 -0.343367 11.986 -0.203483 0.612095 -0.764156 17.7754 0.301077 0.781786 0.546044 -81.1806 
0.932165 0.04876 -0.358736 2.42069 -0.164375 0.93987 -0.299375 0.574135 0.322567 0.338034 0.884129 -54.9756 
0.932165 0.190456 -0.307889 0.496685 -0.201202 0.979544 -0.00322732 -3.04739 0.300976 0.0649563 0.951417 -53.0751 
0.932165 0.190456 -0.307889 0.496685 -0.201202 0.979544 -0.00322732 -3.04739 0.300976 0.0649563 0.951417 -53.0751 
0.801747 -0.488435 0.344431 78.2674 0.585896 0.756113 -0.29158 6.69046 -0.118011 0.435575 0.892383 -30.1066 
0.891007 0 -0.45399 -0.69105 0 1 0 -16.668 0.45399 0 0.891007 -0.254758 
0.891007 -1.39698e-09 -0.45399 -1.15142 0.00110931 0.999997 0.00217713 -18.024 0.453989 -0.00244345 0.891004 1.43603 
0.878814 -1.39698e-09 -0.477164 -1.12561 0.00116593 0.999997 0.00214734 -16.324 0.477163 -0.00244345 0.878812 1.86764 
0.872032 0.335729 -0.356155 -48.9823 -0.102038 0.836376 0.538574 8.16022 0.478695 -0.433313 0.763604 63.4354 
0.871822 0.25752 -0.416666 -36.2266 -0.0600201 0.900399 0.430906 -3.49281 0.486132 -0.350665 0.800443 49.9264 
0.915639 0.291052 -0.277297 -42.1488 -0.16922 0.904757 0.39087 -4.26779 0.36465 -0.310971 0.877683 43.1547 
0.868843 -0.291509 -0.400168 50.4566 0.470684 0.736996 0.48507 11.1604 0.15352 -0.609802 0.777543 97.7844 
0.868821 -0.487528 0.0864082 75.6458 0.469339 0.755347 -0.457353 8.83434 0.157704 0.437913 0.885077 -36.948 
0.802626 -0.487528 0.343669 78.1165 0.585145 0.755347 -0.295052 6.43067 -0.115743 0.437913 0.891536 -30.0513 
0.871822 -0.0663235 -0.485312 15.2808 -0.0600201 0.968859 -0.240227 -10.4431 0.486132 0.238563 0.840692 -43.3043 
0.850695 -0.512873 -0.115235 72.4838 -0.147521 -0.0225213 -0.988803 115.584 0.504535 0.858169 -0.0948182 -122.936 
0.850695 -0.511483 0.121256 73.0873 -0.147521 -0.453705 -0.878857 158.591 0.504535 0.729752 -0.461419 -111.379 
0.649206 -0.399622 -0.647174 41.0376 0.524057 0.851683 -0.000202369 -6.9884 0.551268 -0.339024 0.762343 32.2849 
0.269135 0.190118 -0.944151 12.0023 0.456164 0.838225 0.29882 -4.73218 0.848222 -0.511111 0.138871 36.885 
0.303511 0.0722566 -0.950084 12.8539 0.0746732 0.99225 0.0993182 0.110089 0.949897 -0.10109 0.295763 30.0075 
0.303511 0.0722566 -0.950084 12.8539 0.0746732 0.99225 0.0993182 0.11009 0.949897 -0.10109 0.295763 30.0075 
0.931637 -0.118959 -0.343367 11.986 -0.204951 0.608267 -0.766816 18.0047 0.300079 0.784767 0.542303 -81.5017 
0.932165 0.0487601 -0.358736 2.42068 -0.161101 0.943244 -0.29041 0.475319 0.324215 0.328503 0.887114 -54.5391 
0.932165 0.190456 -0.307889 0.496676 -0.200887 0.979612 -0.00223106 -3.07671 0.301187 0.0639304 0.95142 -52.7167 
0.932165 0.190456 -0.307889 0.496676 -0.200887 0.979612 -0.00223106 -3.07671 0.301187 0.0639304 0.95142 -52.7167 
0.802579 -0.487439 0.343904 78.1109 0.58381 0.760277 -0.284861 6.06959 -0.12261 0.429398 0.894754 -29.0591 
0.891007 0 -0.45399 -0.69105 0 1 0 -16.7997 0.45399 0 0.891007 -0.254758 
0.891007 -1.5134e-09 -0.45399 -1.15142 0.00118854 0.999997 0.00233264 -18.1553 0.453989 -0.00261799 0.891003 1.45668 
0.878814 -1.5134e-09 -0.477164 -1.12561 0.00124921 0.999997 0.00230072 -16.5091 0.477162 -0.00261799 0.878811 1.88813 
0.871829 0.337209 -0.355251 -49.1918 -0.102473 0.834804 0.540926 8.13651 0.47897 -0.435192 0.762362 63.6968 
0.871674 0.258821 -0.416168 -36.4078 -0.0574155 0.897257 0.437759 -3.33148 0.486711 -0.357688 0.796976 51.0284 
0.912808 0.294656 -0.28277 -42.7683 -0.168159 0.902169 0.397257 -4.19984 0.372161 -0.315069 0.873056 43.7387 
0.869479 -0.290402 -0.399591 50.2895 0.470663 0.732591 0.491718 11.5763 0.149941 -0.615612 0.773653 98.782 
0.869453 -0.486536 0.0856425 75.4936 0.469257 0.759178 -0.451051 8.19327 0.154435 0.432356 0.888379 -35.9902 
0.803459 -0.486536 0.343128 77.9599 0.583172 0.759178 -0.289067 5.83617 -0.119854 0.432356 0.893702 -29.0759 
0.871674 -0.0650031 -0.485756 15.1019 -0.0574155 0.970795 -0.232941 -11.0854 0.486711 0.230938 0.842484 -42.1376 
0.848452 -0.514073 -0.125931 72.5807 -0.150814 -0.00675131 -0.988539 113.013 0.507331 0.85772 -0.0832578 -122.644 
0.848452 -0.51725 0.112169 73.6411 -0.150814 -0.439415 -0.885533 156.145 0.507331 0.734416 -0.450831 -111.596 
0.644978 -0.406447 -0.647151 41.7634 0.529252 0.848448 -0.00539814 -6.86624 0.551268 -0.339024 0.762343 32.2849 
0.265993 0.184352 -0.946183 12.6501 0.458003 0.839512 0.292323 -4.825 0.848222 -0.511111 0.138871 36.885 
0.302946 0.0648565 -0.950798 13.4753 0.0769341 0.992761 0.0922318 0.0256195 0.949897 -0.10109 0.295763 30.0075 
0.302946 0.0648565 -0.950798 13.4753 0.0769341 0.992761 0.0922318 0.0256203 0.949897 -0.10109 0.295763 30.0075 
0.931637 -0.118959 -0.343367 11.986 -0.206415 0.604425 -0.769457 18.2357 0.299074 0.787731 0.538549 -81.8211 
0.932165 0.0487601 -0.358736 2.42068 -0.157811 0.946521 -0.281415 0.382908 0.325829 0.318938 0.890008 -54.1004 
0.932165 0.190456 -0.307889 0.496675 -0.200571 0.979678 -0.00123471 -3.10054 0.301397 0.0629045 0.951422 -52.357 
0.932165 0.190456 -0.307889 0.496676 -0.200571 0.979678 -0.00123471 -3.10054 0.301397 0.0629045 0.951422 -52.357 
0.803407 -0.486432 0.343395 77.9533 0.581685 0.76439 -0.278121 5.45745 -0.127201 0.423192 0.897066 -28.0099 
0.891007 0 -0.45399 -0.69105 0 1 0 -16.9314 0.45399 0 0.891007 -0.254758 
0.891007 -1.62981e-09 -0.45399 -1.15142 0.00126778 0.999996 0.00248815 -18.2866 0.453989 -0.00279252 0.891003 1.47732 
0.878814 -1.62981e-09 -0.477164 -1.12561 0.00133249 0.999996 0.00245411 -16.6942 0.477162 -0.00279252 0.878811 1.90864 
0.871626 0.338686 -0.354344 -49.401 -0.102907 0.833225 0.543273 8.11378 0.479247 -0.437067 0.761114 63.9578 
0.871535 0.260114 -0.415652 -36.5882 -0.0548063 0.894059 0.444583 -3.16103 0.48726 -0.36469 0.79346 52.1271 
0.909937 0.298241 -0.288212 -43.3847 -0.166999 0.899558 0.403617 -4.12868 0.379639 -0.319135 0.868347 44.3175 
0.870117 -0.289306 -0.398997 50.1242 0.470614 0.728138 0.498335 12.0004 0.146353 -0.621383 0.769716 99.7735 
0.870086 -0.485534 0.0848936 75.3404 0.46915 0.762967 -0.444724 7.55968 0.151158 0.426776 0.891635 -35.0308 
0.804288 -0.485534 0.342604 77.8025 0.581167 0.762967 -0.283065 5.24928 -0.123958 0.426776 0.895822 -28.0993 
0.871535 -0.0636766 -0.486181 14.9218 -0.0548063 0.972668 -0.22564 -11.7182 0.48726 0.223299 0.844224 -40.9684 
0.84614 -0.515151 -0.136625 72.6594 -0.154042 0.00902072 -0.988023 110.445 0.510213 0.857052 -0.071722 -122.32 
0.84614 -0.522907 0.10303 74.1777 -0.154042 -0.425013 -0.891984 153.691 0.510213 0.738872 -0.44017 -111.781 
0.640708 -0.413246 -0.647087 42.4871 0.534413 0.845157 -0.0105936 -6.73828 0.551268 -0.339024 0.762343 32.2849 
0.262838 0.178576 -0.94817 13.2974 0.459821 0.84076 0.285812 -4.91306 0.848222 -0.511111 0.138871 36.885 
0.302364 0.0574526 -0.95146 14.0963 0.0791906 0.993217 0.0851399 -0.0542116 0.949897 -0.10109 0.295763 30.0075 
0.302364 0.0574526 -0.95146 14.0963 0.0791906 0.993217 0.0851399 -0.0542129 0.949897 -0.10109 0.295763 30.0075 
0.931637 -0.118959 -0.343367 11.986 -0.207875 0.600568 -0.772079 18.4682 0.298061 0.790675 0.534783 -82.1387 
0.932165 0.0487601 -0.358736 2.42069 -0.154505 0.949701 -0.272391 0.296902 0.32741 0.30934 0.892811 -53.6597 
0.932165 0.190456 -0.307889 0.496678 -0.200255 0.979744 -0.000238419 -3.11888 0.301607 0.0618786 0.951422 -51.996 
0.932165 0.190456 -0.307889 0.496679 -0.200255 0.979744 -0.000238419 -3.11888 0.301607 0.0618786 0.951422 -51.996 
0.804231 -0.485415 0.342905 77.7947 0.579521 0.768451 -0.271363 4.85403 -0.131782 0.41696 0.899321 -26.9592 
0.891007 0 -0.45399 -0.69105 0 1 0 -17.0631 0.45399 0 0.891007 -0.254758 
0.891007 -1.86265e-09 -0.45399 -1.15142 0.00134702 0.999996 0.00264366 -18.4179 0.453988 -0.00296705 0.891003 1.49797 
0.878814 -1.86265e-09 -0.477164 -1.12561 0.00141577 0.999996 0.00260749 -16.8793 0.477162 -0.00296705 0.87881 1.92916 
0.871422 0.340161 -0.353432 -49.6098 -0.10334 0.831639 0.545616 8.09203 0.479526 -0.438938 0.759861 64.2182 
0.871405 0.261401 -0.415118 -36.7676 -0.0521928 0.890804 0.45138 -2.98141 0.48778 -0.371669 0.789894 53.2226 
0.907027 0.301807 -0.293623 -43.998 -0.165737 0.896924 0.409948 -4.05432 0.387083 -0.32317 0.863556 44.8912 
0.870756 -0.288223 -0.398386 49.9606 0.470536 0.723638 0.50492 12.4329 0.142757 -0.627117 0.765731 100.759 
0.870721 -0.484522 0.0841613 75.1862 0.469019 0.766714 -0.438373 6.93359 0.147874 0.421174 0.894844 -34.0697 
0.805113 -0.484522 0.342097 77.6442 0.579132 0.766714 -0.277047 4.67001 -0.128055 0.421174 0.897895 -27.1214 
0.871405 -0.0623442 -0.486587 14.7405 -0.0521928 0.974479 -0.218325 -12.3412 0.48778 0.215646 0.845912 -39.7967 
