21 101 1 1
0.891007 0 -0.45399 -0.69105 0 1 0 -14.8238 0.45399 0 0.891007 -0.254758 
0.891007 0 -0.45399 -1.15142 0 1 0 -16.1852 0.45399 0 0.891007 1.147 
0.878814 0 -0.477164 -1.12561 0 1 0 -13.7325 0.477164 0 0.878814 1.58275 
0.874768 0.314754 -0.368388 -46.0098 -0.0958455 0.857663 0.505201 8.59448 0.474967 -0.406626 0.780424 59.7222 
0.874768 0.238679 -0.421678 -33.6164 -0.0958455 0.938302 0.332269 -4.77721 0.474967 -0.250243 0.843673 34.1984 
0.950797 0.238679 -0.197527 -33.1671 -0.173382 0.938302 0.299212 -4.83118 0.256756 -0.250243 0.933518 34.4245 
0.860208 -0.308133 -0.40632 52.9599 0.467971 0.793559 0.388931 6.23793 0.202597 -0.524708 0.826823 83.2116 
0.860208 -0.500275 0.0988287 77.6504 0.467971 0.697442 -0.54275 18.589 0.202597 0.513127 0.83406 -50.1515 
0.790677 -0.500275 0.352924 80.195 0.60952 0.697442 -0.376908 15.5491 -0.0575865 0.513127 0.856379 -43.5387 
0.874768 -0.0840494 -0.477196 17.6397 -0.0958455 0.935366 -0.340446 -0.4496 0.474967 0.343549 0.810173 -59.3289 
0.874768 -0.483367 0.0337085 69.2431 -0.0958455 -0.240809 -0.965828 151.546 0.474967 0.841645 -0.256981 -123.697 
0.874768 -0.419671 0.242191 63.594 -0.0958455 -0.639829 -0.762517 191.663 0.474967 0.643813 -0.599926 -105.198 
0.703889 -0.301574 -0.643113 30.6869 0.447934 0.891132 0.0723875 -8.07909 0.551268 -0.339025 0.762342 32.2849 
0.311722 0.269784 -0.911069 2.90538 0.428192 0.816077 0.388161 -2.92863 0.848222 -0.511111 0.13887 36.8851 
0.309639 0.17525 -0.934565 4.11753 0.0426429 0.97932 0.197771 1.78347 0.949897 -0.10109 0.295763 30.0076 
0.309639 0.17525 -0.934565 4.11753 0.0426429 0.97932 0.197771 1.78347 0.949897 -0.10109 0.295763 30.0076 
0.931637 -0.11896 -0.343367 11.986 -0.183958 0.660493 -0.727948 14.9398 0.313388 0.741348 0.593457 -76.8485 
0.932165 0.04876 -0.358736 2.4207 -0.205281 0.887387 -0.412801 2.43584 0.298209 0.45844 0.8372 -60.4309 
0.932165 0.190456 -0.307889 0.49669 -0.205281 0.97857 -0.0161787 -2.16881 0.298209 0.0782847 0.951285 -57.5864 
0.932165 0.190456 -0.307889 0.49669 -0.205281 0.97857 -0.0161787 -2.16881 0.298209 0.0782847 0.951285 -57.5864 
0.790677 -0.500275 0.352924 80.195 0.60952 0.697442 -0.376908 15.5491 -0.0575865 0.513127 0.856379 -43.5387 
0.897104 0 -0.441819 -0.673111 0 1 0 -15.3815 0.441819 0 0.897104 -0.242953 
0.898947 0 -0.438058 -1.10566 0 1 0 -16.7429 0.438058 0 0.898947 1.17203 
0.887216 0.00812233 -0.461283 -2.10086 0.00671082 0.999512 0.0305069 -14.1557 0.461306 -0.0301618 0.886728 5.42791 
0.881675 0.320859 -0.345975 -46.6708 -0.0833907 0.827633 0.55504 12.4903 0.46443 -0.460514 0.75646 66.8638 
0.881675 0.248949 -0.400841 -34.9605 -0.0833907 0.918334 0.386923 -2.52277 0.46443 -0.307714 0.830432 41.9372 
0.952846 0.246673 -0.17674 -34.1178 -0.174587 0.922003 0.345584 -3.23744 0.248201 -0.298432 0.921593 40.5703 
0.869812 -0.307162 -0.386106 53.0329 0.46498 0.772025 0.433324 9.11407 0.164983 -0.556442 0.814342 87.4344 
0.869812 -0.481681 0.106818 75.4589 0.46498 0.727902 -0.503935 14.7839 0.164983 0.487997 0.857111 -46.7775 
0.797434 -0.481681 0.363431 78.083 0.594996 0.727902 -0.340789 12.0256 -0.100391 0.487997 0.867052 -40.073 
0.880775 -0.0520793 -0.470662 12.9335 -0.0749995 0.966046 -0.247245 -6.2316 0.467557 0.253066 0.846963 -46.6005 
0.880775 -0.473527 0.00259641 67.3968 -0.0749995 -0.144911 -0.986598 137.336 0.467557 0.868776 -0.163148 -126.168 
0.880775 -0.424465 0.209914 63.192 -0.0749995 -0.562741 -0.823224 179.189 0.467557 0.709331 -0.527483 -111.534 
0.710832 -0.307149 -0.632753 31.2485 0.445944 0.892494 0.0677398 -8.77068 0.543922 -0.330324 0.771385 31.3879 
0.325908 0.267945 -0.906637 3.15071 0.45313 0.797392 0.398545 -2.80277 0.829733 -0.540713 0.138463 38.2739 
0.32278 0.18002 -0.929196 4.29892 0.0710713 0.974363 0.213459 1.67756 0.943802 -0.13494 0.301711 31.2325 
0.32278 0.18002 -0.929196 4.29892 0.0710713 0.974363 0.213459 1.67755 0.943802 -0.13494 0.301711 31.2325 
0.936614 -0.111661 -0.332093 11.2597 -0.189529 0.635722 -0.748289 16.7416 0.294673 0.763799 0.574263 -79.2356 
0.932445 0.0689847 -0.354665 0.887455 -0.191863 0.92631 -0.324252 1.07103 0.306161 0.370394 0.876969 -56.0887 
0.936216 0.190015 -0.295624 -0.851745 -0.204498 0.978691 -0.0185653 -2.4572 0.285796 0.0778356 0.955124 -54.073 
0.936216 0.190015 -0.295624 -0.851744 -0.204498 0.978691 -0.0185653 -2.4572 0.285796 0.0778356 0.955124 -54.073 
0.797434 -0.481681 0.363431 78.083 0.594996 0.727902 -0.340789 12.0256 -0.100391 0.487997 0.867052 -40.073 
0.903036 0 -0.429566 -0.655012 0 1 0 -15.9393 0.429566 0 0.903036 -0.231393 
0.906603 0 -0.421985 -1.05943 0 1 0 -17.3007 0.421985 0 0.906603 1.19629 
0.895382 0.0151595 -0.44504 -2.93765 0.0134138 0.998049 0.0609843 -14.4553 0.445096 -0.0605739 0.893432 9.30165 
0.888666 0.324676 -0.323819 -47.0226 -0.0706406 0.794673 0.602914 16.7838 0.453081 -0.512914 0.729134 73.7763 
0.888666 0.256923 -0.37982 -35.9937 -0.0706406 0.895114 0.440206 0.18248 0.453081 -0.364365 0.813606 49.556 
0.954874 0.252808 -0.155895 -34.8334 -0.175346 0.90348 0.391123 -1.36812 0.239727 -0.346138 0.907039 46.6569 
0.878302 -0.307695 -0.365936 53.3177 0.460854 0.748606 0.476658 12.2529 0.127277 -0.587292 0.799305 91.5062 
0.878302 -0.463786 0.116139 73.3756 0.460854 0.756584 -0.46389 11.2276 0.127277 0.460959 0.878247 -43.1954 
0.802728 -0.463786 0.374874 76.0867 0.579019 0.756584 -0.303838 8.75761 -0.142708 0.460959 0.875872 -36.4135 
0.887321 -0.0227213 -0.460591 8.5786 -0.0533957 0.987005 -0.151556 -10.554 0.45805 0.159072 0.874578 -33.3038 
0.887321 -0.460443 -0.0255481 65.145 -0.0533957 -0.0475552 -0.99744 123.141 0.45805 0.886414 -0.0667825 -127.298 
0.887321 -0.425043 0.178883 62.2829 -0.0533957 -0.479992 -0.875647 166.309 0.45805 0.767428 -0.448602 -116.721 
0.717709 -0.312545 -0.622261 31.7915 0.443942 0.893832 0.0630902 -9.45969 0.536478 -0.321529 0.780263 30.4813 
0.339792 0.265242 -0.902324 3.43878 0.477581 0.777848 0.408496 -2.62201 0.810221 -0.569736 0.137632 39.6372 
0.335976 0.183873 -0.923748 4.51749 0.0994245 0.968356 0.228914 1.62171 0.936608 -0.168753 0.307063 32.4399 
0.335976 0.183873 -0.923748 4.51749 0.0994245 0.968356 0.228914 1.62171 0.936608 -0.168753 0.307063 32.4399 
0.941276 -0.103677 -0.321327 10.4612 -0.194901 0.610277 -0.767838 18.6154 0.275705 0.785374 0.554233 -81.5391 
0.933319 0.0875612 -0.348207 -0.568079 -0.176518 0.956413 -0.23263 0.267242 0.31266 0.278583 0.908095 -51.5293 
0.940163 0.189598 -0.2831 -2.12893 -0.203701 0.978809 -0.0209514 -2.27125 0.273128 0.0773654 0.958862 -50.4443 
0.940163 0.189598 -0.2831 -2.12893 -0.203701 0.978809 -0.0209514 -2.27125 0.273128 0.0773654 0.958862 -50.4443 
0.802728 -0.463786 0.374874 76.0867 0.579019 0.756584 -0.303838 8.75761 -0.142708 0.460959 0.875872 -36.4135 
0.9088 0 -0.417233 -0.636758 0 1 0 -16.4971 0.417233 0 0.9088 -0.220081 
0.913971 0 -0.40578 -1.01275 0 1 0 -17.8585 0.40578 0 0.913971 1.21975 
0.9033 0.0210992 -0.42849 -3.63454 0.0201024 0.995611 0.0914024 -14.6317 0.428538 -0.0911775 0.898911 13.1965 
0.895705 0.326253 -0.302111 -47.0731 -0.0576392 0.758899 0.648653 21.4576 0.440897 -0.563588 0.698554 80.4266 
0.895705 0.262613 -0.358813 -36.7179 -0.0576392 0.868724 0.491931 3.32684 0.440897 -0.419943 0.793258 57.0192 
0.956892 0.257095 -0.135128 -35.3151 -0.175652 0.882777 0.435719 0.77179 0.231309 -0.3932 0.889882 52.6651 
0.885667 -0.309702 -0.345945 53.8085 0.455601 0.723357 0.518827 15.6449 0.0895605 -0.617121 0.781754 95.4081 
0.885667 -0.446698 0.126706 71.4126 0.455601 0.783417 -0.422711 7.92714 0.0895605 0.432108 0.897363 -39.4193 
0.806575 -0.446698 0.387167 74.2177 0.561626 0.783417 -0.266145 5.75147 -0.184427 0.432108 0.882762 -32.5751 
0.894312 0.00363727 -0.447428 4.63636 -0.0312472 0.998033 -0.0543431 -13.3815 0.446351 0.0625806 0.892667 -19.5935 
0.894312 -0.444597 -0.0503863 62.5612 -0.0312472 0.0502775 -0.998246 109.096 0.446351 0.894318 0.0310713 -127.078 
0.894312 -0.421689 0.149612 60.9213 -0.0312472 -0.392413 -0.919258 153.145 0.446351 0.817429 -0.364117 -120.709 
0.724517 -0.31776 -0.611641 32.3157 0.441928 0.895145 0.0584388 -10.1462 0.528937 -0.312641 0.788974 29.5655 
0.353334 0.261696 -0.898148 3.76883 0.501518 0.757465 0.418003 -2.3872 0.789705 -0.598132 0.136393 40.9721 
0.349187 0.186808 -0.918244 4.77275 0.127672 0.961304 0.244119 1.61533 0.928315 -0.202477 0.311824 33.6273 
0.349187 0.186808 -0.918244 4.77275 0.127672 0.961304 0.244119 1.61534 0.928315 -0.202477 0.311824 33.6273 
0.945613 -0.0950371 -0.311103 9.59365 -0.200067 0.584187 -0.786574 20.5587 0.256496 0.806036 0.533401 -83.755 
0.934762 0.104209 -0.339648 -1.92948 -0.159399 0.977407 -0.138807 0.0360489 0.317509 0.183891 0.930254 -46.8044 
0.943994 0.189222 -0.270316 -3.32399 -0.202905 0.97892 -0.023334 -1.60864 0.260202 0.0768755 0.962489 -46.7436 
0.943994 0.189222 -0.270316 -3.32399 -0.202905 0.97892 -0.023334 -1.60864 0.260202 0.0768755 0.962489 -46.7436 
0.806575 -0.446698 0.387167 74.2177 0.561626 0.783417 -0.266145 5.75148 -0.184427 0.432108 0.882762 -32.5751 
0.914395 0 -0.404822 -0.618352 0 1 0 -17.0549 0.404822 0 0.914395 -0.209018 
0.92105 0 -0.389446 -0.96564 0 1 0 -18.4163 0.389446 0 0.92105 1.24242 
0.910955 0.0259315 -0.41169 -4.19043 0.0267701 0.992202 0.121732 -14.6852 0.411636 -0.121913 0.903157 17.1048 
0.902755 0.325656 -0.281038 -46.8323 -0.0444313 0.720438 0.692095 26.493 0.427855 -0.612305 0.664848 86.7831 
0.902755 0.266049 -0.338012 -37.1371 -0.0444313 0.839259 0.541913 6.89699 0.427855 -0.474196 0.769466 64.2918 
0.958908 0.259553 -0.114574 -35.5656 -0.175503 0.859945 0.479263 3.17651 0.222922 -0.439462 0.870161 58.5756 
0.891903 -0.313143 -0.326267 54.4984 0.449236 0.696341 0.559728 19.2804 0.0519177 -0.645794 0.761744 99.1214 
0.891903 -0.430519 0.138426 69.5814 0.449236 0.808336 -0.380499 4.88889 0.0519177 0.401554 0.914363 -35.4642 
0.808998 -0.430519 0.40022 72.4865 0.542862 0.808336 -0.2278 3.01289 -0.225439 0.401554 0.887655 -28.5732 
0.901644 0.0266754 -0.431656 1.158 -0.00877246 0.999019 0.0434135 -14.6942 0.432391 -0.0353568 0.900993 -5.63022 
0.901644 -0.426503 -0.0716496 59.7218 -0.00877246 0.147602 -0.989008 95.3336 0.432391 0.892361 0.129342 -125.518 
0.901644 -0.414748 0.122568 59.1672 -0.00877246 -0.300889 -0.953619 139.819 0.432391 0.858749 -0.274933 -123.459 
0.731254 -0.322791 -0.600894 32.8209 0.439902 0.896433 0.0537859 -10.83 0.5213 -0.303666 0.797517 28.6408 
0.366499 0.257327 -0.894126 4.14002 0.524916 0.736265 0.427056 -2.09927 0.768207 -0.625857 0.134765 42.2761 
0.362371 0.188825 -0.912706 5.06418 0.155784 0.953216 0.259057 1.65775 0.918923 -0.23606 0.316001 34.7925 
0.362371 0.188825 -0.912706 5.06418 0.155784 0.953216 0.259057 1.65775 0.918923 -0.23606 0.316001 34.7925 
0.949616 -0.0857754 -0.30145 8.6601 -0.205022 0.557479 -0.804477 22.5688 0.237057 0.825748 0.511805 -85.8796 
0.936735 0.118688 -0.329304 -3.18278 -0.140676 0.989092 -0.0436767 0.383812 0.320528 0.0872386 0.943213 -41.9676 
0.947695 0.188904 -0.257271 -4.42819 -0.202128 0.979022 -0.0257106 -0.471358 0.247017 0.0763677 0.965997 -43.0146 
0.947695 0.188904 -0.257271 -4.42819 -0.202128 0.979022 -0.0257106 -0.471358 0.247017 0.0763677 0.965997 -43.0146 
0.808998 -0.430519 0.40022 72.4865 0.542862 0.808336 -0.2278 3.01289 -0.225439 0.401554 0.887655 -28.5732 
0.919821 0 -0.392337 -0.599796 0 1 0 -17.6126 0.392337 0 0.919821 -0.198208 
0.927836 0 -0.372988 -0.918108 0 1 0 -18.974 0.372988 0 0.927836 1.26428 
0.918334 0.0296497 -0.394693 -4.60461 0.0334104 0.987824 0.151942 -14.6163 0.394393 -0.152721 0.906163 21.0191 
0.909775 0.322964 -0.260776 -46.3123 -0.0310625 0.679427 0.733085 31.8699 0.413938 -0.658842 0.628158 92.8154 
0.909775 0.267272 -0.317609 -37.2577 -0.0310625 0.806823 0.589975 10.878 0.413938 -0.526879 0.74233 71.3395 
0.960929 0.260213 -0.0943655 -35.5884 -0.174895 0.835039 0.521652 5.83987 0.214539 -0.484766 0.847924 64.3696 
0.89701 -0.317972 -0.307029 55.3795 0.441775 0.667623 0.599262 23.1489 0.0144311 -0.673181 0.739336 102.628 
0.89701 -0.415346 0.151199 67.8922 0.441775 0.831279 -0.337356 2.11881 0.0144311 0.369408 0.929155 -31.3459 
0.810027 -0.415346 0.413937 70.9027 0.522773 0.831279 -0.188898 0.547096 -0.265639 0.369408 0.89049 -24.4241 
0.909203 0.0461428 -0.413788 -1.81604 0.0138066 0.989952 0.140729 -14.4881 0.416124 -0.133664 0.89943 8.42154 
0.909203 -0.406698 -0.0891426 56.7042 0.0138066 0.243436 -0.969819 81.9833 0.416124 0.880531 0.226948 -122.642 
0.909203 -0.404616 0.098164 57.085 0.0138066 -0.206341 -0.978383 126.459 0.416124 0.890904 -0.18202 -124.95 
0.737919 -0.327638 -0.590024 33.307 0.437864 0.897698 0.0491315 -11.5113 0.513566 -0.294606 0.805889 27.7075 
0.379247 0.25216 -0.890273 4.55142 0.547749 0.714272 0.435645 -1.7592 0.745749 -0.652864 0.132765 43.5465 
0.375488 0.189929 -0.907158 5.39113 0.18373 0.9441 0.273712 1.74826 0.908434 -0.269448 0.319603 35.9329 
0.375488 0.189929 -0.907158 5.39113 0.18373 0.9441 0.273712 1.74826 0.908434 -0.269448 0.319603 35.9329 
0.953277 -0.0759262 -0.292399 7.66386 -0.20976 0.53018 -0.821529 24.643 0.2174 0.844479 0.489482 -87.9093 
0.939189 0.1308 -0.317516 -4.31655 -0.120534 0.991354 0.0518547 1.31164 0.321553 -0.0104299 0.946834 -37.0734 
0.951255 0.188662 -0.24397 -5.43497 -0.201388 0.979109 -0.0280797 1.13434 0.233575 0.0758434 0.969376 -39.3012 
0.951255 0.188662 -0.24397 -5.43497 -0.201388 0.979109 -0.0280797 1.13434 0.233575 0.0758434 0.969376 -39.3012 
0.810027 -0.415346 0.413937 70.9027 0.522773 0.831279 -0.188898 0.547096 -0.265639 0.369408 0.89049 -24.4241 
0.925077 0 -0.379779 -0.581095 0 1 0 -18.1704 0.379779 0 0.925077 -0.18765 
0.934329 0 -0.356412 -0.870169 0 1 0 -19.5318 0.356412 0 0.934329 1.28533 
0.925424 0.0322499 -0.377558 -4.8767 0.0400168 0.982483 0.182005 -14.4256 0.376814 -0.183541 0.907923 24.9317 
0.916725 0.31827 -0.241495 -45.5273 -0.0175788 0.636011 0.77148 37.5669 0.399132 -0.702989 0.588642 98.4948 
0.916725 0.266343 -0.297787 -37.0882 -0.0175788 0.771531 0.635949 15.2535 0.399132 -0.577755 0.711964 78.1293 
0.96296 0.259111 -0.0746338 -35.3881 -0.173829 0.808121 0.562782 8.75504 0.206136 -0.528963 0.823229 70.0285 
0.900991 -0.324134 -0.288359 56.4429 0.433236 0.637272 0.637331 27.2393 -0.0228174 -0.699158 0.714603 105.911 
0.900991 -0.401267 0.164922 66.3545 0.433236 0.852191 -0.293389 -0.378029 -0.0228174 0.335791 0.94166 -27.0809 
0.809698 -0.401267 0.428222 69.4753 0.501408 0.852191 -0.149533 -1.64163 -0.304924 0.335791 0.891216 -20.1448 
0.916871 0.061862 -0.394361 -4.25653 0.0362671 0.970924 0.236625 -12.7749 0.397533 -0.231257 0.887968 22.3953 
0.916871 -0.385735 -0.102745 53.5859 0.0362671 0.336818 -0.940871 69.17 0.397533 0.858931 0.322808 -118.489 
0.916871 -0.391737 0.0767483 54.7422 0.0362671 -0.109721 -0.9933 113.187 0.397533 0.913512 -0.0863932 -125.171 
0.744511 -0.332299 -0.579034 33.7738 0.435814 0.898937 0.0444757 -12.1901 0.505736 -0.285464 0.814089 26.766 
0.391544 0.246219 -0.886605 5.00191 0.569994 0.691508 0.443761 -1.36808 0.722357 -0.679111 0.130413 44.7808 
0.388499 0.190124 -0.901621 5.75283 0.211479 0.933966 0.288069 1.88605 0.896853 -0.302589 0.322638 37.0464 
0.388499 0.190124 -0.901621 5.75283 0.211479 0.933966 0.288069 1.88605 0.896853 -0.302589 0.322638 37.0464 
0.95659 -0.0655249 -0.283977 6.60833 -0.214278 0.50232 -0.837711 26.7786 0.197538 0.862195 0.466474 -89.8407 
0.942063 0.140394 -0.304641 -5.32218 -0.0991724 0.98417 0.146878 2.81527 0.32044 -0.108157 0.941074 -32.1766 
0.954659 0.188511 -0.230414 -6.3401 -0.200699 0.97918 -0.0304381 3.19793 0.219879 0.0753019 0.972616 -35.6469 
0.954659 0.188511 -0.230414 -6.3401 -0.200699 0.97918 -0.0304381 3.19793 0.219879 0.0753019 0.972616 -35.6469 
0.809698 -0.401267 0.428222 69.4753 0.501408 0.852191 -0.149533 -1.64162 -0.304924 0.335791 0.891216 -20.1448 
0.930161 0 -0.367151 -0.562253 0 1 0 -18.7282 0.367151 0 0.930161 -0.177348 
0.940526 0 -0.339723 -0.821838 0 1 0 -20.0896 0.339723 0 0.940526 1.30556 
0.932211 0.0337309 -0.36034 -5.0067 0.0465829 0.976183 0.211891 -14.1138 0.358905 -0.214312 0.908437 28.835 
0.923562 0.311681 -0.223357 -44.4931 -0.00402691 0.590345 0.807141 43.5615 0.383428 -0.744545 0.546475 103.794 
0.923562 0.263336 -0.278725 -36.6392 -0.00402691 0.733508 0.679669 20.0057 0.383428 -0.626594 0.678501 84.629 
0.965003 0.256296 -0.0555056 -34.9706 -0.172305 0.779255 0.602555 11.9146 0.197685 -0.571904 0.796145 75.5343 
0.903857 -0.331567 -0.27038 57.6784 0.423642 0.605363 0.673842 31.5402 -0.059746 -0.723601 0.687627 108.954 
0.903857 -0.388365 0.179484 64.977 0.423642 0.871019 -0.248704 -2.59692 -0.059746 0.30083 0.951804 -22.6862 
0.808052 -0.388365 0.442972 68.2118 0.478821 0.871019 -0.109802 -3.54932 -0.343194 0.30083 0.889786 -15.7527 
0.924524 0.0737308 -0.373923 -6.14582 0.0583873 0.942127 0.330133 -9.58212 0.376624 -0.327048 0.866714 36.1247 
0.924524 -0.364168 -0.112413 50.4434 0.0583873 0.426803 -0.902458 57.0126 0.376624 0.82778 0.415853 -113.113 
0.924524 -0.37659 0.0586051 52.2083 0.0583873 -0.0120032 -0.998222 100.129 0.376624 0.926302 0.0108908 -124.129 
0.751028 -0.336772 -0.567927 34.2211 0.433752 0.900152 0.0398187 -12.8662 0.497811 -0.276245 0.822115 25.8167 
0.403355 0.239532 -0.883136 5.49035 0.591625 0.668 0.451394 -0.926949 0.698058 -0.704557 0.127728 45.9765 
0.401363 0.189419 -0.896118 6.14845 0.239003 0.922825 0.302112 2.07031 0.884186 -0.335431 0.325116 38.1307 
0.401363 0.189419 -0.896118 6.14845 0.239003 0.922825 0.302112 2.07031 0.884186 -0.335431 0.325116 38.1307 
0.959545 -0.0546089 -0.276208 5.49711 -0.218569 0.473929 -0.853006 28.9726 0.177485 0.878868 0.44282 -91.6706 
0.945289 0.147369 -0.291053 -6.19382 -0.0768026 0.967609 0.240489 4.88517 0.317066 -0.204978 0.925988 -27.3323 
0.957893 0.188468 -0.216613 -7.14161 -0.20008 0.979231 -0.0327847 5.70471 0.205935 0.0747441 0.975707 -32.0946 
0.957893 0.188468 -0.216613 -7.14161 -0.20008 0.979231 -0.0327847 5.70471 0.205935 0.0747441 0.975707 -32.0946 
0.808052 -0.388365 0.442972 68.2118 0.478821 0.871019 -0.109802 -3.54931 -0.343194 0.30083 0.889786 -15.7527 
0.935073 0 -0.354454 -0.543271 0 1 0 -19.286 0.354454 0 0.935073 -0.167304 
0.946424 0 -0.322927 -0.773128 0 1 0 -20.6474 0.322927 0 0.946424 1.32495 
0.938682 0.0340946 -0.343095 -4.995 0.0531022 0.96893 0.241569 -13.6818 0.340671 -0.244976 0.907706 32.7213 
0.930243 0.303318 -0.206511 -43.2274 0.00954647 0.542589 0.839944 49.8302 0.366821 -0.783323 0.501844 108.688 
0.930243 0.258341 -0.260593 -35.9233 0.00954647 0.692889 0.720981 25.1153 0.366821 -0.673175 0.642089 90.8082 
0.967062 0.251822 -0.0371047 -34.3426 -0.170323 0.748512 0.640874 15.3108 0.18916 -0.613445 0.766749 80.8693 
0.905621 -0.340201 -0.253207 59.0749 0.413015 0.571973 0.708707 36.0396 -0.0962749 -0.746398 0.658499 111.742 
0.905621 -0.376715 0.194772 63.7671 0.413015 0.887718 -0.20341 -4.53405 -0.0962749 0.264656 0.959525 -18.1796 
0.805137 -0.376715 0.458083 67.119 0.455066 0.887718 -0.0697992 -5.17288 -0.380354 0.264656 0.886165 -11.2657 
0.932038 0.0817234 -0.353026 -7.47798 0.0799488 0.90385 0.420313 -4.95251 0.353432 -0.419971 0.835889 49.4455 
0.932038 -0.342549 -0.118177 47.3504 0.0799488 0.512488 -0.854964 45.6228 0.353432 0.787411 0.505045 -106.583 
0.932038 -0.359687 0.043947 49.5539 0.0799488 0.0858295 -0.993097 87.4048 0.353432 0.929117 0.108753 -121.846 
0.757469 -0.341056 -0.556706 34.6489 0.431678 0.901342 0.0351606 -13.5398 0.489791 -0.266951 0.829965 24.86 
0.414646 0.232127 -0.879878 6.01542 0.61262 0.643771 0.458537 -0.436977 0.672879 -0.729161 0.124731 47.1313 
0.414039 0.187824 -0.89067 6.57703 0.26627 0.910689 0.315825 2.3002 0.870443 -0.367923 0.327049 39.1836 
0.414039 0.187824 -0.89067 6.57703 0.26627 0.910689 0.315825 2.3002 0.870443 -0.367923 0.327049 39.1836 
0.962137 -0.0432166 -0.269118 4.33391 -0.222629 0.445036 -0.867398 31.2222 0.157253 0.894469 0.418564 -93.3958 
0.948786 0.151671 -0.27713 -6.92856 -0.0536448 0.941825 0.331795 7.50666 0.311332 -0.299935 0.901727 -22.5944 
0.960944 0.188548 -0.202573 -7.83987 -0.199545 0.979259 -0.0351167 8.636 0.191751 0.0741677 0.978637 -28.6855 
0.960944 0.188548 -0.202573 -7.83987 -0.199545 0.979259 -0.0351167 8.636 0.191751 0.0741677 0.978637 -28.6855 
0.805137 -0.376715 0.458083 67.119 0.455066 0.887718 -0.0697992 -5.17287 -0.380354 0.264656 0.886165 -11.2657 
0.939812 0 -0.341692 -0.524155 0 1 0 -19.8437 0.341692 0 0.939812 -0.157519 
0.952023 0 -0.306028 -0.724054 0 1 0 -21.2051 0.306028 0 0.952023 1.34352 
0.944823 0.0333455 -0.32588 -4.8423 0.0595684 0.960731 0.271013 -13.1305 0.32212 -0.275471 0.905734 36.5831 
0.936723 0.293312 -0.191097 -41.7496 0.0230945 0.492914 0.869771 56.3482 0.349309 -0.819148 0.45495 113.153 
0.936723 0.25146 -0.243553 -34.9551 0.0230945 0.649818 0.759739 30.5619 0.349309 -0.717289 0.602892 96.6376 
0.969135 0.245756 -0.0195497 -33.5119 -0.167887 0.715966 0.677647 18.9352 0.180533 -0.653449 0.735127 86.0164 
0.906301 -0.349959 -0.236954 60.6206 0.401383 0.537184 0.741839 40.7249 -0.132325 -0.767438 0.627318 114.26 
0.906301 -0.366385 0.210668 62.7313 0.401383 0.902246 -0.157617 -6.18604 -0.132325 0.227407 0.964767 -13.5791 
0.801005 -0.366385 0.473447 66.2025 0.430203 0.902246 -0.029624 -6.50974 -0.416312 0.227407 0.880324 -6.70225 
0.939286 0.0858886 -0.332213 -8.25861 0.100739 0.85648 0.506255 1.05615 0.328015 -0.508985 0.795827 62.1979 
0.939286 -0.321415 -0.120144 44.3768 0.100739 0.593008 -0.79887 35.1043 0.328015 0.738264 0.589383 -98.9828 
0.939286 -0.341554 0.0329147 46.8489 0.100739 0.182791 -0.977977 75.1311 0.328015 0.921916 0.2061 -118.355 
0.763831 -0.345151 -0.545374 35.057 0.429592 0.902508 0.0305016 -14.2107 0.481676 -0.257587 0.837638 23.8962 
0.425328 0.223863 -0.876916 6.58599 0.626324 0.62662 0.463751 -0.256012 0.65331 -0.74648 0.126309 47.8083 
0.426511 0.18516 -0.885327 7.04666 0.284486 0.901682 0.325633 2.301 0.858578 -0.390749 0.331902 39.7943 
0.426511 0.18516 -0.885327 7.04666 0.284486 0.901682 0.325633 2.301 0.858578 -0.390749 0.331902 39.7943 
0.964207 -0.0311094 -0.263317 3.09125 -0.22146 0.451617 -0.864291 30.0266 0.145806 0.89167 0.428563 -93.0748 
0.952509 0.153342 -0.263085 -7.54048 -0.0466579 0.927248 0.37153 7.66098 0.300916 -0.34161 0.890366 -20.0945 
0.963505 0.190016 -0.18855 -8.46447 -0.199956 0.97918 -0.0349959 8.9127 0.177974 0.0714203 0.98144 -26.7592 
0.963505 0.190016 -0.18855 -8.46447 -0.199956 0.97918 -0.0349959 8.91269 0.177974 0.0714203 0.98144 -26.7592 
0.801005 -0.366385 0.473447 66.2025 0.430203 0.902246 -0.029624 -6.50972 -0.416312 0.227407 0.880324 -6.70225 
0.944376 0 -0.328867 -0.504907 0 1 0 -20.4015 0.328867 0 0.944376 -0.147995 
0.957319 0 -0.289032 -0.67463 0 1 0 -21.7629 0.289032 0 0.957319 1.36124 
0.950621 0.0314914 -0.308751 -4.54971 0.0659752 0.951594 0.300192 -12.4611 0.303259 -0.305739 0.902528 40.4128 
0.942958 0.281806 -0.177242 -40.0805 0.0365702 0.441495 0.896518 63.0902 0.330895 -0.851861 0.406006 117.168 
0.942958 0.242809 -0.227756 -33.7512 0.0365702 0.604447 0.795805 36.3238 0.330895 -0.75874 0.561089 102.09 
0.971219 0.238167 -0.00295508 -32.4874 -0.165001 0.681697 0.712786 22.7788 0.171777 -0.691784 0.701375 90.9593 
0.905919 -0.36076 -0.221727 62.3025 0.388775 0.50108 0.773158 45.5834 -0.167821 -0.78662 0.594192 116.494 
0.905919 -0.357433 0.22705 61.8751 0.388775 0.914568 -0.111438 -7.55039 -0.167821 0.189226 0.967486 -8.90329 
0.795715 -0.357433 0.488957 65.467 0.404292 0.914568 0.0106266 -7.55814 -0.450983 0.189226 0.872243 -2.08103 
0.946145 0.0863492 -0.312014 -8.50476 0.120552 0.800491 0.587095 8.37182 0.30046 -0.593091 0.746972 74.2282 
0.946145 -0.301279 -0.118491 41.588 0.120552 0.667553 -0.734738 25.5513 0.30046 0.680885 0.667922 -90.4064 
0.946145 -0.32273 0.0255733 44.1619 0.120552 0.277905 -0.953014 63.4202 0.30046 0.904773 0.301844 -113.706 
0.770114 -0.349054 -0.533934 35.4453 0.427495 0.903648 0.0258417 -14.8791 0.473468 -0.248155 0.845131 22.9257 
0.4356 0.215092 -0.874064 7.17996 0.636443 0.613084 0.468048 -0.233887 0.636548 -0.760174 0.130166 48.2456 
0.438805 0.181859 -0.879987 7.53722 0.298196 0.89434 0.33352 2.18328 0.847661 -0.408759 0.338211 40.1831 
0.438805 0.181859 -0.879987 7.53722 0.298196 0.89434 0.33352 2.18328 0.847661 -0.408759 0.338211 40.1831 
0.966129 -0.0190664 -0.257353 1.85573 -0.217615 0.475811 -0.852202 27.1219 0.1387 0.879341 0.455546 -91.6983 
0.956106 0.154266 -0.249126 -8.10669 -0.0479367 0.921089 0.386391 6.42689 0.289074 -0.357488 0.888053 -18.6344 
0.965705 0.192063 -0.174718 -9.05905 -0.200807 0.979053 -0.0336576 7.74734 0.164594 0.0675879 0.984043 -25.488 
0.965705 0.192063 -0.174718 -9.05905 -0.200807 0.979053 -0.0336576 7.74734 0.164594 0.0675879 0.984043 -25.488 
0.795715 -0.357433 0.488957 65.467 0.404292 0.914568 0.0106266 -7.55814 -0.450983 0.189226 0.872243 -2.08103 
0.948766 0 -0.31598 -0.485532 0 1 0 -20.9593 0.31598 0 0.948766 -0.138734 
0.962313 0 -0.271944 -0.624872 0 1 0 -22.3207 0.271944 0 0.962313 1.37811 
0.956065 0.0285426 -0.291763 -4.11869 0.0723163 0.94153 0.329078 -11.6747 0.284096 -0.335719 0.898099 44.203 
0.948905 0.268953 -0.165059 -38.2422 0.0499271 0.388516 0.920089 70.0296 0.311588 -0.881317 0.355236 120.715 
0.948905 0.232517 -0.213345 -32.3297 0.0499271 0.556939 0.829052 42.3779 0.311588 -0.797343 0.516873 107.14 
0.973313 0.229138 0.0125708 -31.2787 -0.161669 0.645788 0.746205 26.8323 0.162866 -0.728323 0.665598 95.682 
0.904503 -0.372513 -0.207626 64.107 0.375223 0.463749 0.802586 50.6018 -0.202687 -0.803847 0.559238 118.432 
0.904503 -0.349912 0.243795 61.2027 0.375223 0.924654 -0.0649848 -8.62511 -0.202687 0.150257 0.967647 -4.17112 
0.789329 -0.349912 0.504501 64.9158 0.377398 0.924654 0.0508546 -8.31685 -0.484283 0.150257 0.861912 2.5789 
0.952497 0.0832982 -0.292933 -8.24428 0.139194 0.736449 0.662018 16.9088 0.270875 -0.671345 0.689872 85.3909 
0.952497 -0.282621 -0.113462 39.0431 0.139194 0.735371 -0.663215 17.0481 0.270875 0.615918 0.739778 -80.9607 
0.952497 -0.303756 0.0219142 41.5585 0.139194 0.370213 -0.918459 52.3781 0.270875 0.877881 0.394908 -107.961 
0.776316 -0.352765 -0.522389 35.8137 0.425386 0.904764 0.0211811 -15.5449 0.465167 -0.23866 0.852444 21.9489 
0.445517 0.205959 -0.871261 7.7885 0.646368 0.599361 0.472202 -0.198013 0.619454 -0.773529 0.1339 48.6643 
0.450912 0.178085 -0.874622 8.04081 0.311815 0.886725 0.341306 2.07857 0.836331 -0.426619 0.344306 40.5571 
0.450912 0.178085 -0.874622 8.04081 0.311815 0.886725 0.341306 2.07857 0.836331 -0.426619 0.344306 40.5571 
0.968034 -0.00737658 -0.250709 0.659359 -0.213607 0.49965 -0.839477 24.2566 0.131459 0.866196 0.482103 -90.2419 
0.959505 0.154802 -0.235342 -8.63575 -0.0491807 0.914692 0.401148 5.22232 0.277364 -0.37333 0.885265 -17.1397 
0.967693 0.194021 -0.161018 -9.62012 -0.201651 0.978924 -0.0323243 6.60782 0.151353 0.0637493 0.986422 -24.184 
0.967693 0.194021 -0.161018 -9.62012 -0.201651 0.978924 -0.0323243 6.60782 0.151353 0.0637493 0.986422 -24.184 
0.789329 -0.349912 0.504501 64.9158 0.377398 0.924654 0.0508546 -8.31685 -0.484283 0.150257 0.861912 2.5789 
0.952979 0 -0.303035 -0.466032 0 1 0 -21.5171 0.303035 0 0.952979 -0.129738 
0.967001 0 -0.254771 -0.574792 0 1 0 -22.8785 0.254771 0 0.967001 1.39413 
0.96114 0.0245122 -0.27497 -3.55103 0.0785855 0.930546 0.357644 -10.7726 0.264639 -0.365355 0.892458 47.9463 
0.954517 0.254914 -0.154648 -36.2581 0.0631191 0.334162 0.9404 77.1395 0.291399 -0.907389 0.302874 123.776 
0.954517 0.220723 -0.200447 -30.7102 0.0631191 0.507459 0.859361 48.7005 0.291399 -0.832926 0.470447 111.763 
0.975408 0.218754 0.0269254 -29.8964 -0.157899 0.608325 0.777823 31.0858 0.153772 -0.762947 0.627906 100.17 
0.902083 -0.385124 -0.194744 66.0197 0.360759 0.425282 0.830053 55.7664 -0.236852 -0.819032 0.522577 120.064 
0.902083 -0.343862 0.260777 60.7175 0.360759 0.932478 -0.0183703 -9.40891 -0.236852 0.110649 0.965224 0.598324 
0.781915 -0.343862 0.519969 64.5515 0.349586 0.932478 0.0909622 -8.78539 -0.516138 0.110649 0.849328 7.25842 
0.95823 0.0769954 -0.275441 -7.5154 0.15648 0.664997 0.730268 26.5687 0.239395 -0.742866 0.625172 95.5508 
0.95823 -0.265884 -0.105365 36.7945 0.15648 0.795779 -0.585021 9.66791 0.239395 0.544097 0.804145 -70.7621 
0.95823 -0.285163 0.0218542 39.1007 0.15648 0.458785 -0.87466 42.1035 0.239395 0.841545 0.484244 -101.195 
0.782436 -0.356282 -0.510742 36.1621 0.423265 0.905855 0.01652 -16.2081 0.456773 -0.229105 0.859575 20.9661 
0.455068 0.196475 -0.86851 8.41106 0.656096 0.585456 0.476213 -0.148579 0.602038 -0.786536 0.137516 49.0638 
0.462819 0.173843 -0.869239 8.55699 0.32534 0.878841 0.348988 1.98674 0.824592 -0.444316 0.350187 40.9156 
0.462819 0.173843 -0.869239 8.55699 0.32534 0.878841 0.348988 1.98674 0.824592 -0.444316 0.350187 40.9156 
0.969917 0.00393139 -0.243403 -0.495079 -0.209439 0.523116 -0.826126 21.4324 0.12408 0.852252 0.508203 -88.7074 
0.962714 0.154953 -0.221748 -9.12647 -0.0503827 0.90806 0.415798 4.048 0.26579 -0.389122 0.882009 -15.612 
0.969477 0.195885 -0.147453 -10.1465 -0.202482 0.978795 -0.0309957 5.4948 0.138254 0.0599062 0.988583 -22.8486 
0.969477 0.195885 -0.147453 -10.1465 -0.202482 0.978795 -0.0309957 5.4948 0.138254 0.0599062 0.988583 -22.8486 
0.781915 -0.343862 0.519969 64.5515 0.349586 0.932478 0.0909622 -8.78539 -0.516138 0.110649 0.849328 7.25842 
0.957016 0 -0.290034 -0.446412 0 1 0 -22.0748 0.290034 0 0.957016 -0.121008 
0.971383 0 -0.237516 -0.524408 0 1 0 -23.4362 0.237516 0 0.971383 1.40929 
0.965835 0.0194162 -0.258428 -2.84891 0.0847768 0.918653 0.385861 -9.75626 0.244898 -0.394587 0.885622 51.6353 
0.959751 0.239861 -0.146096 -34.1525 0.0761006 0.278628 0.957379 84.3919 0.270344 -0.929964 0.24916 126.337 
0.959751 0.207577 -0.18918 -28.9142 0.0761006 0.456186 0.886625 55.2664 0.270344 -0.865336 0.422028 115.939 
0.977499 0.20711 0.0400125 -28.3521 -0.153699 0.569399 0.807565 35.529 0.144471 -0.795544 0.58842 104.408 
0.898695 -0.398494 -0.183168 68.0256 0.34542 0.385773 0.855491 61.0633 -0.270246 -0.832095 0.48434 121.377 
0.898695 -0.339318 0.277868 60.4215 0.34542 0.938022 0.0282913 -9.90135 -0.270246 0.0705559 0.960202 5.38565 
0.773544 -0.339318 0.53525 64.3751 0.320925 0.938022 0.130852 -8.96405 -0.546477 0.0705559 0.834496 11.9382 
0.963237 0.0677624 -0.259967 -6.36588 0.172241 0.586855 0.79116 37.2414 0.206174 -0.806851 0.553609 104.584 
0.963237 -0.25146 -0.0945652 34.8869 0.172241 0.848169 -0.500942 3.47213 0.206174 0.466238 0.860299 -59.9361 
0.963237 -0.267465 0.0252382 36.8459 0.172241 0.54273 -0.822056 32.6869 0.206174 0.796182 0.568846 -93.4949 
0.788471 -0.359604 -0.498997 36.4903 0.421132 0.906922 0.0118583 -16.8686 0.448287 -0.219494 0.866522 19.9777 
0.464245 0.18665 -0.865816 9.04711 0.665626 0.571372 0.480079 -0.0857697 0.58431 -0.799184 0.141018 49.4436 
0.474514 0.169138 -0.863845 9.08534 0.338766 0.87069 0.356563 1.90763 0.812449 -0.461836 0.355856 41.2583 
0.474514 0.169138 -0.863845 9.08534 0.338766 0.87069 0.356563 1.90763 0.812449 -0.461836 0.355856 41.2583 
0.971773 0.0148296 -0.235451 -1.60488 -0.205113 0.546192 -0.812159 18.6509 0.116557 0.837528 0.533817 -87.0968 
0.965738 0.15472 -0.208357 -9.57773 -0.0515358 0.901197 0.430334 2.90454 0.254352 -0.404852 0.878294 -14.0526 
0.971067 0.19765 -0.134025 -10.6371 -0.203293 0.978668 -0.0296728 4.4089 0.125302 0.0560606 0.990534 -21.4831 
0.971067 0.19765 -0.134025 -10.6371 -0.203293 0.978668 -0.0296728 4.4089 0.125302 0.0560606 0.990534 -21.4831 
0.773544 -0.339318 0.53525 64.3751 0.320925 0.938022 0.130852 -8.96405 -0.546477 0.0705559 0.834496 11.9382 
0.960876 0 -0.276979 -0.426674 0 1 0 -22.6326 0.276979 0 0.960876 -0.112546 
0.975458 0 -0.220187 -0.473732 0 1 0 -23.994 0.220187 0 0.975458 1.42358 
0.970138 0.0132734 -0.242189 -2.0148 0.090884 0.905865 0.413701 -8.62725 0.224882 -0.423359 0.877608 55.263 
0.964565 0.223967 -0.139474 -31.9508 0.0888267 0.222111 0.970967 91.7587 0.248443 -0.94895 0.194346 128.387 
0.964565 0.19324 -0.179646 -26.964 0.0888267 0.403299 0.910747 62.0498 0.248443 -0.894432 0.371843 119.648 
0.979575 0.194305 0.0517431 -26.658 -0.149077 0.529105 0.835358 40.1512 0.134937 -0.82601 0.547265 108.384 
0.894376 -0.412518 -0.172976 70.1091 0.329243 0.345318 0.878837 66.4782 -0.302804 -0.842961 0.444663 122.365 
0.894376 -0.336305 0.294941 60.3157 0.329243 0.941271 0.0748863 -10.1025 -0.302804 0.0301309 0.952576 10.1714 
0.764291 -0.336305 0.550234 64.3868 0.291486 0.941271 0.170426 -8.85365 -0.575234 0.0301309 0.817433 16.5988 
0.967425 0.0559755 -0.246893 -4.85195 0.186322 0.50281 0.844077 48.8062 0.171388 -0.862583 0.476001 112.38 
0.967425 -0.23969 -0.0814762 33.3566 0.186322 0.892011 -0.411825 -1.48992 0.171388 0.383229 0.907613 -48.6152 
0.967425 -0.251149 0.0318428 34.8454 0.186322 0.621202 -0.761178 24.2101 0.171388 0.742315 0.647761 -84.9583 
0.794421 -0.362732 -0.487157 36.7983 0.418988 0.907963 0.0071964 -17.5266 0.43971 -0.20983 0.873285 18.9841 
0.473038 0.176496 -0.863182 9.69609 0.674952 0.557115 0.483799 -0.00982285 0.566281 -0.811463 0.144411 49.8032 
0.485984 0.163975 -0.858447 9.62542 0.352088 0.862273 0.364031 1.84105 0.799908 -0.479162 0.361318 41.5847 
0.485984 0.163975 -0.858447 9.62542 0.352088 0.862273 0.364031 1.84104 0.799908 -0.479162 0.361318 41.5847 
0.973596 0.0252912 -0.226871 -2.66746 -0.200633 0.568861 -0.797586 15.9138 0.108886 0.822045 0.558915 -85.4125 
0.968584 0.154107 -0.195183 -9.98846 -0.0526327 0.894105 0.444754 1.79263 0.243053 -0.420508 0.874127 -12.4633 
0.97247 0.19931 -0.120738 -11.0908 -0.204076 0.978544 -0.0283552 3.35076 0.112496 0.0522141 0.992279 -20.0891 
0.97247 0.19931 -0.120738 -11.0908 -0.204076 0.978544 -0.0283552 3.35076 0.112496 0.0522141 0.992279 -20.0891 
0.764291 -0.336305 0.550234 64.3868 0.291486 0.941271 0.170426 -8.85364 -0.575234 0.0301309 0.817433 16.5988 
0.964557 0 -0.263873 -0.406823 0 1 0 -23.1904 0.263873 0 0.964557 -0.104353 
0.979223 0 -0.202787 -0.422781 0 1 0 -24.5518 0.202787 0 0.979223 1.437 
0.974037 0.00610522 -0.226306 -1.05158 0.0969013 0.892192 0.441139 -7.38717 0.204602 -0.451615 0.868437 58.8223 
0.968915 0.207417 -0.134837 -29.6788 0.101253 0.164809 0.981115 99.2111 0.225722 -0.96427 0.138685 129.917 
0.968915 0.177878 -0.171936 -24.8834 0.101253 0.348987 0.931642 69.0241 0.225722 -0.920091 0.320128 122.874 
0.981626 0.180447 0.0620355 -24.827 -0.144043 0.487541 0.861136 44.9412 0.125145 -0.85425 0.504575 112.084 
0.88917 -0.427087 -0.164238 72.2539 0.31227 0.304016 0.900034 71.9967 -0.334462 -0.85157 0.403688 123.018 
0.88917 -0.334838 0.311866 60.3999 0.31227 0.942217 0.121301 -10.013 -0.334462 -0.0104708 0.942351 14.9361 
0.754236 -0.334838 0.56481 64.5856 0.261341 0.942217 0.209588 -8.45571 -0.602352 -0.0104708 0.798162 21.221 
0.970709 0.0420601 -0.236546 -3.03746 0.198584 0.413706 0.888488 61.1332 0.13523 -0.909438 0.393236 118.843 
0.970709 -0.230854 -0.0665555 32.2309 0.198584 0.926865 -0.318567 -5.18188 0.13523 0.296019 0.945561 -36.9373 
0.970709 -0.236666 0.04138 33.1442 0.198584 0.69341 -0.692637 16.7447 0.13523 0.680567 0.720098 -75.6919 
0.800283 -0.365662 -0.475224 37.0859 0.416832 0.90898 0.00253426 -18.182 0.431042 -0.200117 0.879861 17.9858 
0.481438 0.166023 -0.860612 10.3574 0.684074 0.542689 0.487372 0.0790825 0.54796 -0.823362 0.147699 50.142 
0.497218 0.158361 -0.853051 10.1768 0.365304 0.853595 0.371387 1.78686 0.786973 -0.496283 0.366574 41.8944 
0.497218 0.158361 -0.853051 10.1768 0.365304 0.853595 0.371387 1.78686 0.786973 -0.496283 0.366574 41.8944 
0.975382 0.0352897 -0.217681 -3.68027 -0.196003 0.591104 -0.782418 13.2227 0.101061 0.805823 0.583469 -83.6567 
0.971259 0.153116 -0.182239 -10.3577 -0.0536667 0.886788 0.459051 0.712879 0.231895 -0.436078 0.869518 -10.8457 
0.973693 0.20086 -0.107593 -11.5066 -0.204825 0.978425 -0.0270432 2.32096 0.0998397 0.0483695 0.993827 -18.668 
0.973693 0.20086 -0.107593 -11.5066 -0.204825 0.978425 -0.0270432 2.32096 0.0998397 0.0483695 0.993827 -18.668 
0.754236 -0.334838 0.56481 64.5856 0.261341 0.942217 0.209588 -8.45572 -0.602352 -0.0104708 0.798162 21.221 
0.96806 0 -0.250718 -0.386863 0 1 0 -23.7482 0.250718 0 0.96806 -0.0964311 
0.982678 0 -0.185324 -0.37157 0 1 0 -25.1096 0.185324 0 0.982678 1.44954 
0.97752 -0.0020643 -0.210831 0.0375936 0.102823 0.877649 0.468145 -6.0378 0.184069 -0.4793 0.858132 62.3063 
0.972762 0.190396 -0.132224 -27.363 0.113338 0.106927 0.987786 106.72 0.202208 -0.975867 0.0824359 130.921 
0.972762 0.161668 -0.166124 -22.697 0.113338 0.293441 0.949235 76.1619 0.202208 -0.942208 0.267126 125.602 
0.983639 0.165646 0.070816 -22.8731 -0.138609 0.444807 0.884836 49.8874 0.11507 -0.880175 0.46049 115.498 
0.883121 -0.442089 -0.157017 74.4435 0.294541 0.261967 0.919031 77.6039 -0.36516 -0.857864 0.361562 123.332 
0.883121 -0.334924 0.328515 60.6728 0.294541 0.940859 0.167422 -9.63457 -0.36516 -0.0510928 0.929541 19.6604 
0.743461 -0.334924 0.57887 64.9692 0.230564 0.940859 0.248244 -7.77251 -0.627778 -0.0510928 0.776713 25.7856 
0.973021 0.0264823 -0.229191 -0.992535 0.20891 0.32044 0.923945 74.0844 0.09791 -0.946898 0.306263 123.893 
0.973021 -0.225167 -0.0502941 31.5278 0.20891 0.952379 -0.222106 -7.58045 0.09791 0.205607 0.973724 -25.0441 
0.973021 -0.224426 0.0535027 31.7798 0.20891 0.758627 -0.617123 10.3522 0.09791 0.611651 0.785045 -65.8104 
0.806057 -0.368396 -0.463202 37.3532 0.414665 0.909971 -0.00212795 -18.8347 0.422285 -0.190359 0.88625 16.9829 
0.489437 0.155244 -0.858109 11.0305 0.692987 0.528097 0.490797 0.180717 0.529359 -0.834873 0.150888 50.4597 
0.508204 0.152301 -0.847663 10.7389 0.378409 0.844657 0.378631 1.74489 0.773651 -0.513185 0.371626 42.1868 
0.508204 0.152301 -0.847663 10.7389 0.378409 0.844657 0.378631 1.74489 0.773651 -0.513185 0.371626 42.1868 
0.977123 0.0447998 -0.207903 -4.6409 -0.191226 0.612907 -0.766667 10.5792 0.093079 0.788884 0.607452 -81.8317 
0.97377 0.151751 -0.169538 -10.6844 -0.0546307 0.879247 0.473223 -0.334114 0.220878 -0.451548 0.864475 -9.20142 
0.974746 0.202295 -0.0945916 -11.8837 -0.205533 0.978312 -0.0257375 1.32011 0.0873335 0.0445289 0.995183 -17.2215 
0.974746 0.202295 -0.0945916 -11.8837 -0.205533 0.978312 -0.0257375 1.32011 0.0873335 0.0445289 0.995183 -17.2215 
0.743461 -0.334924 0.57887 64.9692 0.230564 0.940859 0.248244 -7.7725 -0.627778 -0.0510928 0.776713 25.7856 
0.970296 -6.98492e-10 -0.241922 -0.373497 -0.00422213 0.999848 -0.0169341 -21.6794 0.241885 0.0174525 0.970148 -1.98717 
0.984808 -9.8953e-10 -0.173648 -0.337292 -0.00369722 0.999773 -0.020968 -23.0683 0.173609 0.0212915 0.984584 -0.916757 
0.979591 -0.00820351 -0.200834 0.850757 0.105017 0.872836 0.476581 -3.35477 0.171385 -0.487945 0.855883 63.7729 
0.975075 0.178585 -0.131665 -25.7684 0.112375 0.114178 0.987084 107.635 0.191312 -0.977277 0.0912634 131.386 
0.975075 0.150181 -0.163322 -21.1531 0.112375 0.300425 0.947163 77.1192 0.191312 -0.941908 0.27606 125.788 
0.985009 0.154897 0.0759197 -21.4485 -0.139718 0.458261 0.877768 49.7022 0.101173 -0.875216 0.473033 114.894 
0.878507 -0.452562 -0.15301 75.9621 0.30141 0.27658 0.9125 77.2218 -0.370643 -0.847757 0.379384 121.807 
0.878507 -0.335915 0.339685 60.9728 0.30141 0.941394 0.151425 -8.2077 -0.370643 -0.0306436 0.92827 16.8067 
0.735702 -0.335915 0.588135 65.3424 0.241926 0.941394 0.235053 -6.44981 -0.632625 -0.0306436 0.773852 22.911 
0.974005 0.0151019 -0.226023 0.504253 0.210891 0.303818 0.929096 78.7887 0.082701 -0.95261 0.292735 125.065 
0.974005 -0.223207 -0.038645 31.3006 0.210891 0.955764 -0.205036 -5.46164 0.082701 0.191557 0.977991 -22.7946 
0.974005 -0.217558 0.0631134 31.0605 0.210891 0.769153 -0.603265 11.7544 0.082701 0.600893 0.795039 -63.8687 
0.809856 -0.370108 -0.45514 37.52 0.398769 0.91636 -0.0356089 -17.3664 0.430251 -0.152657 0.889708 12.9021 
0.494541 0.147894 -0.856479 11.4854 0.680492 0.547146 0.487403 0.953457 0.540703 -0.823868 0.169946 47.8753 
0.515384 0.148017 -0.844079 11.1194 0.360366 0.856214 0.37018 2.70781 0.777506 -0.494963 0.387939 39.6436 
0.515384 0.148017 -0.844079 11.1194 0.360366 0.856214 0.37018 2.70781 0.777506 -0.494963 0.387939 39.6436 
0.978256 0.0508565 -0.201068 -5.25116 -0.188144 0.62556 -0.757151 11.5249 0.0872741 0.778517 0.621526 -80.8647 
