21 67 0.666667 1
0.891007 0 -0.45399 -0.69105 0 1 0 -14.8238 0.45399 0 0.891007 -0.254758 
0.891007 0 -0.45399 -1.15142 0 1 0 -16.1852 0.45399 0 0.891007 1.147 
0.878814 0 -0.477164 -1.12561 0 1 0 -13.7325 0.477164 0 0.878814 1.58275 
0.874768 0.314754 -0.368388 -46.0098 -0.0958455 0.857663 0.505201 8.59448 0.474967 -0.406626 0.780424 59.7222 
0.874768 0.238679 -0.421678 -33.6164 -0.0958455 0.938302 0.332269 -4.77721 0.474967 -0.250243 0.843673 34.1984 
0.950797 0.238679 -0.197527 -33.1671 -0.173382 0.938302 0.299212 -4.83118 0.256756 -0.250243 0.933518 34.4245 
0.860208 -0.308133 -0.40632 52.9599 0.467971 0.793559 0.388931 6.23793 0.202597 -0.524708 0.826823 83.2116 
0.860208 -0.500275 0.0988287 77.6504 0.467971 0.697442 -0.54275 18.589 0.202597 0.513127 0.83406 -50.1515 
0.790677 -0.500275 0.352924 80.195 0.60952 0.697442 -0.376908 15.5491 -0.0575865 0.513127 0.856379 -43.5387 
0.874768 -0.0840494 -0.477196 17.6397 -0.0958455 0.935366 -0.340446 -0.4496 0.474967 0.343549 0.810173 -59.3289 
0.874768 -0.483367 0.0337085 69.2431 -0.0958455 -0.240809 -0.965828 151.546 0.474967 0.841645 -0.256981 -123.697 
0.874768 -0.419671 0.242191 63.594 -0.0958455 -0.639829 -0.762517 191.663 0.474967 0.643813 -0.599926 -105.198 
0.703889 -0.301574 -0.643113 30.6869 0.447934 0.891132 0.0723875 -8.07909 0.551268 -0.339025 0.762342 32.2849 
0.311722 0.269784 -0.911069 2.90538 0.428192 0.816077 0.388161 -2.92863 0.848222 -0.511111 0.13887 36.8851 
0.309639 0.17525 -0.934565 4.11753 0.0426429 0.97932 0.197771 1.78347 0.949897 -0.10109 0.295763 30.0076 
0.309639 0.17525 -0.934565 4.11753 0.0426429 0.97932 0.197771 1.78347 0.949897 -0.10109 0.295763 30.0076 
0.931637 -0.11896 -0.343367 11.986 -0.183958 0.660493 -0.727948 14.9398 0.313388 0.741348 0.593457 -76.8485 
0.932165 0.04876 -0.358736 2.4207 -0.205281 0.887387 -0.412801 2.43584 0.298209 0.45844 0.8372 -60.4309 
0.932165 0.190456 -0.307889 0.49669 -0.205281 0.97857 -0.0161787 -2.16881 0.298209 0.0782847 0.951285 -57.5864 
0.932165 0.190456 -0.307889 0.49669 -0.205281 0.97857 -0.0161787 -2.16881 0.298209 0.0782847 0.951285 -57.5864 
0.790677 -0.500275 0.352924 80.195 0.60952 0.697442 -0.376908 15.5491 -0.0575865 0.513127 0.856379 -43.5387 
0.891007 0 -0.45399 -0.69105 0 1 0 -17.0756 0.45399 0 0.891007 -0.254758 
0.891007 0 -0.45399 -1.15142 0 1 0 -18.437 0.45399 0 0.891007 1.147 
0.878814 0 -0.477164 -1.12561 0 1 0 -16.0723 0.477164 0 0.878814 1.58275 
0.874768 0.32916 -0.355575 -48.0357 -0.0958455 0.836885 0.538922 9.1837 0.474967 -0.437351 0.76363 64.0394 
0.874768 0.255266 -0.411849 -36.0021 -0.0958455 0.92434 0.369335 -5.29979 0.474967 -0.283608 0.83305 38.954 
0.948419 0.255266 -0.18799 -35.5529 -0.182349 0.92434 0.335177 -5.3544 0.259326 -0.283608 0.92321 39.1803 
0.871598 -0.289653 -0.395497 50.0368 0.453258 0.783497 0.425075 5.40529 0.186746 -0.549757 0.814182 86.9891 
0.871598 -0.483835 0.0788691 74.9894 0.453258 0.734092 -0.505634 11.7539 0.186746 0.476457 0.859135 -44.8808 
0.812451 -0.481194 0.329203 76.9973 0.580833 0.716983 -0.385445 10.6315 -0.0505589 0.504368 0.862007 -41.6925 
0.874768 -0.0649986 -0.480162 14.9386 -0.0958455 0.94817 -0.302965 -5.19901 0.474967 0.311046 0.823199 -54.8454 
0.874768 -0.484529 0.00339264 69.1541 -0.0958455 -0.179894 -0.979006 140.58 0.474967 0.856078 -0.203806 -125.279 
0.874768 -0.434005 0.215453 64.8195 -0.0958455 -0.590856 -0.801064 181.799 0.474967 0.680095 -0.55846 -108.978 
0.674446 -0.433737 -0.59749 44.3881 0.534435 0.845148 -0.0102502 -6.88051 0.509413 -0.312406 0.801811 30.1757 
0.307617 0.242754 -0.920023 10.2317 0.464779 0.805373 0.367906 -2.95061 0.830272 -0.540782 0.134919 37.5562 
0.316982 0.154395 -0.93578 11.1716 0.0829589 0.978365 0.189522 1.50566 0.944796 -0.137706 0.297315 30.5449 
0.316982 0.154395 -0.93578 11.1716 0.0829589 0.978365 0.189522 1.50566 0.944796 -0.137706 0.297315 30.5449 
0.932414 -0.147148 -0.330077 14.866 -0.19298 0.569499 -0.799018 21.4679 0.305552 0.808714 0.502613 -83.9989 
0.934091 0.0628771 -0.351454 2.89566 -0.202788 0.903614 -0.377306 3.22678 0.293854 0.423709 0.856808 -61.5016 
0.934091 0.190694 -0.301843 1.12547 -0.202788 0.979182 -0.00893959 -0.956299 0.293854 0.0695603 0.953316 -58.7613 
0.934091 0.190694 -0.301843 1.12547 -0.202788 0.979182 -0.00893959 -0.956298 0.293854 0.0695603 0.953316 -58.7613 
0.813707 -0.469089 0.343273 75.9241 0.579531 0.700392 -0.416647 12.0136 -0.044981 0.537966 0.841765 -45.1129 
0.891007 0 -0.453991 -0.69105 0 1 0 -19.3275 0.453991 0 0.891007 -0.254758 
0.891007 0 -0.453991 -1.15143 0 1 0 -20.6889 0.453991 0 0.891007 1.147 
0.878814 0 -0.477164 -1.12561 0 1 0 -18.412 0.477164 0 0.878814 1.58275 
0.874768 0.343046 -0.342199 -49.9846 -0.0958455 0.814783 0.571789 9.96046 0.474967 -0.467384 0.745626 68.2527 
0.874768 0.271448 -0.401368 -38.3298 -0.0958455 0.908915 0.405815 -5.61197 0.474967 -0.316525 0.821108 43.6452 
0.945884 0.271448 -0.17782 -37.8808 -0.191174 0.908915 0.370574 -5.66719 0.262215 -0.316525 0.911622 43.8717 
0.882524 -0.2714 -0.384047 47.1531 0.437864 0.772122 0.460546 4.77385 0.171539 -0.574604 0.800253 90.7279 
0.882524 -0.466425 0.0599842 72.2141 0.437864 0.768477 -0.466603 5.24228 0.171539 0.438054 0.88243 -39.3999 
0.83267 -0.46274 0.30419 73.8648 0.552163 0.735577 -0.392481 5.88679 -0.0421385 0.49477 0.868001 -39.7376 
0.874768 -0.0458449 -0.482368 12.2147 -0.0958455 0.959472 -0.265004 -9.73808 0.474967 0.27805 0.834922 -50.2776 
0.874768 -0.483792 -0.0269366 68.8102 -0.0958455 -0.118274 -0.988344 129.538 0.474967 0.867154 -0.149832 -126.407 
0.874768 -0.446637 0.18787 65.8071 -0.0958455 -0.539566 -0.83647 171.697 0.474967 0.713711 -0.514803 -112.368 
0.63161 -0.556994 -0.539283 57.3754 0.616448 0.782645 -0.0863632 -3.95846 0.470171 -0.277892 0.837684 27.2364 
0.297746 0.216468 -0.929779 17.1789 0.500536 0.793944 0.345132 -2.2067 0.812903 -0.568149 0.128043 37.7404 
0.31885 0.13185 -0.938589 17.8753 0.123113 0.976126 0.178946 1.9897 0.939775 -0.17261 0.295005 30.616 
0.31885 0.13185 -0.938589 17.8753 0.123113 0.976126 0.178946 1.9897 0.939775 -0.17261 0.295005 30.616 
0.933548 -0.173595 -0.313613 17.5861 -0.201039 0.470783 -0.859038 28.8186 0.296768 0.865002 0.404599 -90.0737 
0.936156 0.0758328 -0.343308 3.36849 -0.199561 0.918532 -0.341283 4.45068 0.289459 0.388005 0.875023 -62.0483 
0.936156 0.190125 -0.295742 1.75596 -0.199561 0.979884 -0.00175545 0.680247 0.289459 0.060662 0.955266 -59.4326 
0.936156 0.190125 -0.295742 1.75596 -0.199561 0.979884 -0.00175545 0.680246 0.289459 0.060662 0.955266 -59.4326 
0.835033 -0.440074 0.330234 71.8531 0.549325 0.700663 -0.455316 8.8163 -0.0310097 0.561609 0.826821 -46.5489 
0.891007 0 -0.453991 -0.69105 0 1 0 -21.5793 0.453991 0 0.891007 -0.254758 
0.891007 0 -0.453991 -1.15143 0 1 0 -22.9407 0.453991 0 0.891007 1.147 
0.878814 0 -0.477164 -1.12561 0 1 0 -20.7518 0.477164 0 0.878814 1.58276 
0.874768 0.356388 -0.32828 -51.8533 -0.0958455 0.791391 0.60375 10.9195 0.474967 -0.496678 0.726442 72.3552 
0.874768 0.287201 -0.390251 -40.5959 -0.0958455 0.892051 0.441653 -5.71719 0.474967 -0.348941 0.807865 48.2647 
0.943194 0.287201 -0.167033 -40.1471 -0.199844 0.892051 0.405347 -5.77301 0.265418 -0.348941 0.898773 48.4914 
0.89298 -0.253399 -0.37199 44.3129 0.421828 0.759441 0.495288 4.34184 0.156999 -0.599198 0.785056 94.4203 
0.89298 -0.448112 0.0422221 69.3338 0.421828 0.800483 -0.42578 -0.93206 0.156999 0.398023 0.903841 -33.7239 
0.851307 -0.444958 0.278007 70.8054 0.52367 0.753258 -0.39796 1.3117 -0.0323355 0.48437 0.874265 -37.6811 
0.874768 -0.0266187 -0.48381 9.47257 -0.0958455 0.969255 -0.226624 -14.0637 0.474967 0.244615 0.845322 -45.6329 
0.874768 -0.481158 -0.0571602 68.2122 -0.0958455 -0.05619 -0.993809 118.453 0.474967 0.874831 -0.0952702 -127.075 
0.874768 -0.457519 0.159551 66.5523 -0.0958455 -0.486161 -0.868597 161.388 0.474967 0.744529 -0.469129 -115.354 
0.576254 -0.668828 -0.469681 69.3834 0.692298 0.704901 -0.154397 0.581345 0.434343 -0.236188 0.86923 23.527 
0.28231 0.19123 -0.94007 23.6185 0.534732 0.78221 0.319701 -0.769814 0.796469 -0.59294 0.118569 37.4505 
0.315283 0.10805 -0.942826 24.1017 0.162297 0.972722 0.165748 3.16813 0.935017 -0.205276 0.289147 30.2333 
0.315283 0.10805 -0.942826 24.1017 0.162297 0.972722 0.165748 3.16813 0.935017 -0.205276 0.289147 30.2333 
0.935022 -0.197941 -0.294198 20.1094 -0.208026 0.365689 -0.907192 36.861 0.287156 0.909446 0.30075 -94.9901 
0.938326 0.0875545 -0.334481 3.82662 -0.195611 0.932127 -0.304754 6.05092 0.285097 0.351387 0.891766 -62.039 
0.938326 0.188758 -0.289679 2.37392 -0.195611 0.980667 0.00539386 2.68372 0.285097 0.051603 0.957109 -59.5681 
0.938326 0.188758 -0.289679 2.37392 -0.195611 0.980667 0.00539386 2.68372 0.285097 0.051603 0.957109 -59.5681 
0.854584 -0.413515 0.31415 68.0148 0.519075 0.698443 -0.492685 5.94032 -0.0156834 0.584109 0.811524 -47.8547 
0.891007 0 -0.45399 -0.69105 0 1 0 -23.8312 0.45399 0 0.891007 -0.254758 
0.891007 0 -0.45399 -1.15142 0 1 0 -25.1926 0.45399 0 0.891007 1.147 
0.878814 0 -0.477164 -1.12561 0 1 0 -23.0916 0.477164 0 0.878814 1.58275 
0.874768 0.369166 -0.313842 -53.639 -0.0958455 0.766745 0.634756 12.0553 0.474967 -0.525184 0.706107 76.3404 
0.874768 0.302499 -0.378516 -42.7967 -0.0958455 0.873775 0.476792 -5.61929 0.474967 -0.380804 0.793344 52.8051 
0.940355 0.302499 -0.155647 -42.3481 -0.208345 0.873775 0.439442 -5.6757 0.268931 -0.380804 0.884683 53.032 
0.902956 -0.235676 -0.359343 41.52 0.405191 0.745466 0.529246 4.10715 0.143147 -0.623488 0.768617 98.0586 
0.902956 -0.428968 0.0256282 66.3583 0.405191 0.830006 -0.383289 -6.75636 0.143147 0.356478 0.923272 -27.8682 
0.868343 -0.42789 0.250778 67.8264 0.495511 0.770061 -0.401838 -3.09744 -0.0211718 0.473197 0.880702 -35.5295 
0.874768 -0.00735016 -0.484485 6.71634 -0.0958455 0.977503 -0.187885 -18.173 0.474967 0.210791 0.854385 -40.9187 
0.874768 -0.476637 -0.0871597 67.3619 -0.0958455 0.00611423 -0.995377 107.359 0.474967 0.879079 -0.0403351 -127.281 
0.874768 -0.466607 0.130606 67.0517 -0.0958455 -0.430849 -0.897319 150.9 0.474967 0.772429 -0.421616 -117.923 
0.509511 -0.766952 -0.390105 80.1667 0.760436 0.613503 -0.21296 6.60018 0.402661 -0.188144 0.895804 19.1232 
0.261625 0.167263 -0.950566 29.4355 0.566668 0.770634 0.291567 1.27089 0.781307 -0.614936 0.106834 36.7088 
0.306445 0.0834044 -0.948227 29.7364 0.199705 0.968351 0.149714 4.95732 0.930704 -0.235245 0.28009 29.4185 
0.306445 0.0834044 -0.948227 29.7364 0.199705 0.968351 0.149714 4.95732 0.930704 -0.235245 0.28009 29.4185 
0.936817 -0.219854 -0.272098 22.4016 -0.213846 0.255649 -0.942822 45.455 0.276845 0.941439 0.192481 -98.6812 
0.940567 0.0979986 -0.325163 4.25701 -0.190957 0.944378 -0.267744 7.96714 0.280838 0.313923 0.906964 -61.4487 
0.940567 0.186611 -0.283744 2.96478 -0.190957 0.981519 0.0125278 4.99327 0.280838 0.0423996 0.958818 -59.1429 
0.940567 0.186611 -0.283744 2.96478 -0.190957 0.981519 0.0125278 4.99327 0.280838 0.0423996 0.958818 -59.1429 
0.872305 -0.389652 0.295389 64.4376 0.48896 0.693933 -0.528559 3.36689 0.000974523 0.605499 0.795845 -49.0366 
0.891007 0 -0.45399 -0.69105 0 1 0 -26.0831 0.45399 0 0.891007 -0.254758 
0.891007 0 -0.45399 -1.15142 0 1 0 -27.4445 0.45399 0 0.891007 1.147 
0.878814 0 -0.477164 -1.12561 0 1 0 -25.4314 0.477164 0 0.878814 1.58275 
0.874768 0.381359 -0.298907 -55.3389 -0.0958455 0.740885 0.664757 13.3621 0.474967 -0.55286 0.684655 80.202 
0.874768 0.317318 -0.366182 -44.9289 -0.0958455 0.854115 0.511176 -5.32243 0.474967 -0.412064 0.777566 57.259 
0.937371 0.317318 -0.143679 -44.4804 -0.216663 0.854115 0.472805 -5.37939 0.272748 -0.412064 0.869374 57.4862 
0.912447 -0.218259 -0.346127 38.7784 0.387995 0.730209 0.562365 4.06717 0.130004 -0.647424 0.75096 101.635 
0.912447 -0.409067 0.0102436 63.2976 0.387995 0.856947 -0.339266 -12.2189 0.130004 0.313536 0.940635 -21.8496 
0.883767 -0.411572 0.22263 64.9345 0.467847 0.786022 -0.404091 -7.3447 -0.00867946 0.461279 0.887213 -33.2886 
0.874768 0.01193 -0.484394 3.95044 -0.0958455 0.984204 -0.148848 -22.0635 0.474967 0.176635 0.862094 -36.1425 
0.874768 -0.470249 -0.116818 66.2619 -0.0958455 0.0683944 -0.993044 96.2857 0.474967 0.87988 0.0147579 -127.022 
0.874768 -0.473866 0.101149 67.3028 -0.0958455 -0.373849 -0.922524 140.263 0.474967 0.7973 -0.37245 -120.065 
0.432744 -0.849364 -0.302182 89.5052 0.819468 0.510319 -0.260858 13.929 0.375772 -0.134744 0.916864 14.1151 
0.236114 0.144703 -0.960891 34.5315 0.595692 0.7597 0.260781 3.81258 0.767725 -0.633969 0.0931773 35.5467 
0.292625 0.0582848 -0.954449 34.6805 0.23455 0.963273 0.130735 7.25988 0.927015 -0.262122 0.268207 28.2018 
0.292625 0.0582848 -0.954449 34.6805 0.23455 0.963273 0.130735 7.25988 0.927015 -0.262122 0.268207 28.2018 
0.938909 -0.239036 -0.247613 24.4313 -0.218419 0.14216 -0.965445 54.4528 0.265977 0.960548 0.0812655 -101.097 
0.942842 0.107152 -0.315544 4.64629 -0.18563 0.955256 -0.230276 10.136 0.276751 0.275689 0.920546 -60.2603 
0.942842 0.183716 -0.278025 3.51374 -0.18563 0.982423 0.019665 7.54503 0.276751 0.0330688 0.960372 -58.1398 
0.942842 0.183716 -0.278025 3.51374 -0.18563 0.982423 0.019665 7.54503 0.276751 0.0330688 0.960372 -58.1398 
0.888152 -0.368684 0.274332 61.146 0.45916 0.687346 -0.562785 1.07553 0.0189287 0.625801 0.779753 -50.0997 
0.891007 0 -0.45399 -0.69105 0 1 0 -28.3349 0.45399 0 0.891007 -0.254758 
0.891007 0 -0.45399 -1.15142 0 1 0 -29.6963 0.45399 0 0.891007 1.147 
0.878814 0 -0.477164 -1.12561 0 1 0 -27.7712 0.477164 0 0.878814 1.58275 
0.874768 0.392949 -0.283499 -56.9501 -0.0958455 0.713853 0.693706 14.8338 0.474967 -0.57966 0.662118 83.9336 
0.874768 0.331635 -0.353268 -46.9889 -0.0958455 0.833103 0.544751 -4.83104 0.474967 -0.442672 0.760558 61.6193 
0.934247 0.331635 -0.131149 -46.5407 -0.224786 0.833103 0.505382 -4.8886 0.276863 -0.442672 0.852871 61.8468 
0.921447 -0.201172 -0.332364 36.0921 0.370282 0.713686 0.594594 4.21912 0.117588 -0.670955 0.732115 105.142 
0.921447 -0.388485 -0.00389493 60.1621 0.370282 0.881218 -0.293848 -17.3089 0.117588 0.269323 0.955844 -15.6849 
0.897575 -0.396035 0.19369 62.1357 0.440833 0.801175 -0.404705 -11.4342 0.00509802 0.448637 0.893699 -30.9639 
0.874768 0.0311912 -0.483536 1.17925 -0.0958455 0.989347 -0.109576 -25.7329 0.474967 0.142198 0.868439 -31.312 
0.874768 -0.462016 -0.146017 64.916 -0.0958455 0.130406 -0.986817 85.2671 0.474967 0.877231 0.0697931 -126.3 
0.874768 -0.479267 0.071295 67.3037 -0.0958455 -0.315384 -0.944112 129.509 0.474967 0.819046 -0.321823 -121.77 
0.34752 -0.914378 -0.207708 97.2079 0.86819 0.397457 -0.297111 22.3722 0.354226 -0.0770776 0.931978 8.60497 
0.206297 0.123583 -0.970654 38.8269 0.621211 0.749893 0.227504 6.7417 0.756002 -0.649914 0.0779299 34.003 
0.274238 0.0330007 -0.961096 38.8526 0.266088 0.957788 0.108813 9.9674 0.924116 -0.285577 0.253881 26.6207 
0.274238 0.0330007 -0.961096 38.8526 0.266088 0.957788 0.108813 9.9674 0.924116 -0.285577 0.253881 26.6207 
0.941268 -0.255225 -0.221077 26.171 -0.221683 0.0267695 -0.974751 63.7013 0.254699 0.966511 -0.0313818 -102.204 
0.945116 0.11503 -0.305817 4.98092 -0.179667 0.964733 -0.192379 12.492 0.272903 0.236765 0.932452 -58.4647 
0.945116 0.180115 -0.272607 4.006 -0.179667 0.983362 0.0268237 10.273 0.272903 0.023627 0.961751 -56.5492 
0.945116 0.180115 -0.272607 4.006 -0.179667 0.983362 0.0268237 10.273 0.272903 0.023627 0.961751 -56.5492 
0.902093 -0.350766 0.251377 58.1602 0.429853 0.678903 -0.595245 -0.955017 0.038131 0.645022 0.763212 -51.0473 
0.891007 0 -0.453991 -0.69105 0 1 0 -30.5868 0.453991 0 0.891007 -0.254758 
0.891007 0 -0.453991 -1.15143 0 1 0 -31.9482 0.453991 0 0.891007 1.147 
0.878814 0 -0.477164 -1.12561 0 1 0 -30.111 0.477164 0 0.878814 1.58275 
0.874768 0.403916 -0.267642 -58.4702 -0.0958455 0.68569 0.721556 16.4642 0.474967 -0.605542 0.638534 87.5294 
0.874768 0.345426 -0.339795 -48.9735 -0.0958455 0.810771 0.577463 -4.14992 0.474967 -0.472578 0.742345 65.8792 
0.930988 0.345426 -0.118076 -48.5255 -0.232699 0.810771 0.537122 -4.20801 0.281269 -0.472578 0.835199 66.107 
0.929952 -0.184442 -0.318074 33.4648 0.352096 0.695916 0.625882 4.5596 0.105914 -0.694033 0.71211 108.572 
0.929952 -0.3673 -0.0167547 56.9623 0.352096 0.902735 -0.24718 -22.0168 0.105914 0.223966 0.968825 -9.39199 
0.909772 -0.381303 0.164083 59.4353 0.414622 0.815555 -0.403682 -15.3705 0.0201067 0.435291 0.900065 -28.5604 
0.874768 0.050403 -0.481913 -1.59283 -0.0958455 0.992923 -0.0701297 -29.1795 0.474967 0.107536 0.873408 -26.4348 
0.874768 -0.451973 -0.174645 63.3287 -0.0958455 0.191907 -0.976722 74.335 0.474967 0.871144 0.124555 -125.115 
0.874768 -0.48279 0.0411621 67.054 -0.0958455 -0.255682 -0.961998 118.667 0.474967 0.83758 -0.269935 -123.03 
0.255582 -0.960667 -0.108612 103.118 0.905605 0.277222 -0.320979 31.7112 0.338463 -0.0163232 0.940838 2.70535 
0.172784 0.103836 -0.979471 42.2624 0.642703 0.741665 0.192002 9.93721 0.746377 -0.662685 0.0614125 32.1226 
0.251818 0.00779131 -0.967744 42.191 0.293637 0.952213 0.0840743 12.9635 0.922152 -0.305337 0.237497 24.7189 
0.251818 0.00779131 -0.967744 42.191 0.293637 0.952213 0.0840743 12.9635 0.922152 -0.305337 0.237497 24.7189 
0.943862 -0.268202 -0.192851 27.597 -0.223593 -0.0889522 -0.970615 73.0438 0.243166 0.959247 -0.143927 -101.988 
0.947355 0.12168 -0.296165 5.24748 -0.173115 0.972774 -0.154082 14.9684 0.269353 0.19724 0.942627 -56.0608 
0.947355 0.175862 -0.267567 4.42708 -0.173115 0.984314 0.0340197 13.1099 0.269353 0.014091 0.962938 -54.3698 
0.947355 0.175862 -0.267567 4.42709 -0.173115 0.984314 0.0340197 13.1099 0.269353 0.014091 0.962938 -54.3698 
0.914112 -0.336012 0.226927 55.496 0.401217 0.668824 -0.625859 -2.74666 0.0585214 0.663152 0.746194 -51.8812 
0.891007 0 -0.45399 -0.69105 0 1 0 -32.8387 0.45399 0 0.891007 -0.254758 
0.891007 0 -0.45399 -1.15142 0 1 0 -34.2001 0.45399 0 0.891007 1.147 
0.878814 0 -0.477164 -1.12561 0 1 0 -32.4508 0.477164 0 0.878814 1.58275 
0.874768 0.414244 -0.251361 -59.8967 -0.0958455 0.656442 0.748263 18.2465 0.474967 -0.630465 0.613938 90.9837 
0.874768 0.358671 -0.325784 -50.8797 -0.0958455 0.787156 0.609261 -3.28412 0.474967 -0.501737 0.722957 70.0317 
0.927598 0.358671 -0.104481 -50.4319 -0.240392 0.787156 0.567976 -3.34271 0.28596 -0.501737 0.816387 70.2599 
0.937958 -0.168092 -0.30328 30.9002 0.333481 0.676919 0.656179 5.08502 0.0949977 -0.716606 0.690978 111.918 
0.937958 -0.34559 -0.0283075 53.7089 0.333481 0.921426 -0.199411 -26.3344 0.0949977 0.177599 0.979507 -2.98895 
0.92037 -0.367398 0.133935 56.838 0.389362 0.829196 -0.401038 -19.1578 0.036282 0.421252 0.906217 -26.0824 
0.874768 0.0695349 -0.479526 -4.36142 -0.0958455 0.994926 -0.0305727 -32.4018 0.474967 0.0727045 0.876995 -21.5188 
0.874768 -0.440157 -0.202588 61.5056 -0.0958455 0.252656 -0.962797 63.5211 0.474967 0.861642 0.178828 -123.472 
0.874768 -0.484419 0.0108678 66.5538 -0.0958455 -0.194977 -0.976113 107.769 0.474967 0.852832 -0.216989 -123.841 
0.158806 -0.987286 -0.00691912 107.114 0.93095 0.152071 -0.331974 41.7093 0.328805 0.0462781 0.943263 -3.46322 
0.13626 0.0853015 -0.986994 44.8001 0.659731 0.73542 0.154639 13.2738 0.739046 -0.672221 0.0439325 29.9552 
0.226008 -0.0171792 -0.973974 44.6543 0.316597 0.94686 0.0567648 16.1268 0.921242 -0.321187 0.219437 22.5447 
0.226008 -0.0171792 -0.973974 44.6543 0.316597 0.94686 0.0567648 16.1268 0.921242 -0.321187 0.219437 22.5447 
0.946657 -0.277788 -0.16332 28.6898 -0.224124 -0.203429 -0.953092 82.3225 0.231534 0.938856 -0.254837 -100.45 
0.949524 0.127176 -0.286759 5.43283 -0.166028 0.979343 -0.11542 17.4982 0.266157 0.157204 0.951024 -53.0555 
0.949524 0.171021 -0.262976 4.76302 -0.166028 0.985257 0.0412672 15.988 0.266157 0.00447717 0.963919 -51.608 
0.949524 0.171021 -0.262976 4.76302 -0.166028 0.985257 0.0412672 15.988 0.266157 0.00447717 0.963919 -51.608 
0.924202 -0.324489 0.201388 53.1649 0.373425 0.657324 -0.654583 -4.32116 0.0800279 0.680171 0.728672 -52.6019 
0.891007 0 -0.45399 -0.69105 0 1 0 -33.5984 0.45399 0 0.891007 -0.254758 
0.891007 0 -0.45399 -1.15142 0 1 0 -34.9598 0.45399 0 0.891007 1.147 
0.878814 0 -0.477164 -1.12561 0 1 0 -33.2985 0.477164 0 0.878814 1.58275 
0.874768 0.423916 -0.234682 -61.2275 -0.0958455 0.626154 0.773786 21.6662 0.474967 -0.65439 0.58837 94.2907 
0.874768 0.371348 -0.311257 -52.7043 -0.0958455 0.762295 0.640094 -0.74691 0.474967 -0.530101 0.702424 74.0703 
0.924084 0.371348 -0.090386 -52.2568 -0.247851 0.762295 0.597893 -0.806046 0.290927 -0.530101 0.796464 74.2988 
0.945464 -0.152148 -0.288007 28.4017 0.314479 0.656719 0.685437 7.28342 0.0848515 -0.738628 0.668751 115.171 
0.945464 -0.323438 -0.03853 50.4128 0.314479 0.937227 -0.150694 -28.7623 0.0848515 0.130359 0.987829 3.5055 
0.929388 -0.354333 0.103369 54.3479 0.365198 0.842128 -0.396802 -21.3086 0.0535499 0.406533 0.912065 -23.5339 
0.874768 0.0885569 -0.47638 -7.12217 -0.0958455 0.995355 0.00903267 -33.9065 0.474967 0.0377574 0.879193 -16.5718 
0.874768 -0.426616 -0.229736 59.4531 -0.0958455 0.312414 -0.945099 54.3493 0.474967 0.848762 0.2324 -121.377 
0.874768 -0.48415 -0.0194693 65.8045 -0.0958455 -0.133508 -0.986402 98.3406 0.474967 0.864739 -0.163193 -124.197 
0.146486 -0.989147 0.0113887 107.489 0.932421 0.134222 -0.335524 42.7106 0.330354 0.0597686 0.941963 -4.83509 
0.134169 0.0781394 -0.987873 45.3032 0.659329 0.737173 0.147857 13.1858 0.739786 -0.671171 0.047386 29.306 
0.22683 -0.0318976 -0.973412 45.1866 0.316491 0.947634 0.0426976 16.1126 0.921076 -0.317761 0.225047 21.862 
0.22683 -0.0318976 -0.973412 45.1866 0.316491 0.947634 0.0426976 16.1126 0.921076 -0.317761 0.225047 21.862 
0.947132 -0.277951 -0.160264 28.7214 -0.222961 -0.211 -0.951718 82.3365 0.230715 0.937135 -0.261817 -100.311 
0.950119 0.132223 -0.282471 5.17216 -0.162486 0.982917 -0.0864378 16.9646 0.266217 0.128024 0.955373 -51.3196 
0.950119 0.167443 -0.263127 4.63189 -0.162486 0.985873 0.0406527 15.7586 0.266217 0.00412938 0.963904 -50.1275 
0.950119 0.167443 -0.263127 4.63189 -0.162486 0.985873 0.0406527 15.7586 0.266217 0.00412938 0.963904 -50.1275 
0.932372 -0.316226 0.175163 51.1745 0.346643 0.644609 -0.681408 -4.20756 0.102567 0.696045 0.710634 -53.2086 
0.891007 0 -0.45399 -0.69105 0 1 0 -33.612 0.45399 0 0.891007 -0.254758 
0.891007 0 -0.45399 -1.15142 0 1 0 -34.9734 0.45399 0 0.891007 1.147 
0.878814 0 -0.477164 -1.12561 0 1 0 -33.4001 0.477164 0 0.878814 1.58275 
0.874768 0.432916 -0.217632 -62.4604 -0.0958455 0.594875 0.798084 25.9702 0.474967 -0.67728 0.561871 97.4454 
0.874768 0.383436 -0.296238 -54.4445 -0.0958455 0.736227 0.669913 2.71004 0.474967 -0.557626 0.680779 77.9885 
0.92045 0.383436 -0.0758124 -53.9973 -0.255065 0.736227 0.626827 2.65042 0.296163 -0.557626 0.775461 78.2173 
0.952469 -0.136632 -0.272277 25.9731 0.295135 0.63534 0.713609 10.4044 0.0754862 -0.760049 0.645467 118.326 
0.952469 -0.300925 -0.0474026 47.0849 0.295135 0.950082 -0.101187 -30.0404 0.0754862 0.0823876 0.993737 10.0721 
0.936854 -0.34212 0.0725068 51.9686 0.342264 0.854378 -0.391016 -22.573 0.0718263 0.391142 0.917523 -20.9184 
0.874768 0.107439 -0.47248 -9.87066 -0.0958455 0.994208 0.0486237 -34.4391 0.474967 0.00275058 0.879999 -11.6017 
0.874768 -0.411403 -0.255984 57.1787 -0.0958455 0.370947 -0.923695 46.1043 0.474967 0.832554 0.285062 -118.836 
0.874768 -0.481983 -0.0497299 64.8083 -0.0958455 -0.0715164 -0.992824 89.6662 0.474967 0.873257 -0.108756 -124.098 
0.177232 -0.984091 -0.0124308 106.591 0.925146 0.170898 -0.338968 39.0812 0.3357 0.0485756 0.940716 -3.77092 
0.149823 0.0764898 -0.98575 45.0321 0.651292 0.742492 0.156603 11.3619 0.74389 -0.665474 0.0614251 29.4645 
0.241562 -0.0414324 -0.969501 44.9909 0.305971 0.951376 0.0355782 14.4815 0.920885 -0.305233 0.242493 21.9704 
0.241562 -0.0414324 -0.969501 44.9909 0.305971 0.951376 0.0355782 14.4815 0.920885 -0.305233 0.242493 21.9704 
0.946424 -0.274161 -0.170639 28.2976 -0.221236 -0.16555 -0.961066 77.7494 0.235237 0.947327 -0.217335 -101.13 
0.949974 0.137343 -0.280512 4.70521 -0.160823 0.985011 -0.0623625 14.9126 0.267743 0.104356 0.957823 -50.3371 
0.949974 0.164605 -0.265434 4.28606 -0.160823 0.986324 0.0360754 13.9884 0.267743 0.00841731 0.963454 -49.405 
0.949974 0.164605 -0.265434 4.28606 -0.160823 0.986324 0.0360754 13.9884 0.267743 0.00841731 0.963454 -49.405 
0.938643 -0.31121 0.148649 49.5278 0.321031 0.630873 -0.706355 -3.17207 0.126046 0.710737 0.692073 -53.6996 
0.891007 0 -0.453991 -0.69105 0 1 0 -33.6257 0.453991 0 0.891007 -0.254758 
0.891007 0 -0.453991 -1.15142 0 1 0 -34.9871 0.453991 0 0.891007 1.147 
0.878814 0 -0.477164 -1.12561 0 1 0 -33.5017 0.477164 0 0.878814 1.58275 
0.874768 0.441232 -0.200237 -63.5934 -0.0958455 0.562654 0.821118 30.405 0.474967 -0.699096 0.534482 100.443 
0.874768 0.394918 -0.280749 -56.0976 -0.0958455 0.708993 0.698672 6.33469 0.474967 -0.584268 0.658056 81.7799 
0.916703 0.394918 -0.0607839 -55.6506 -0.262023 0.708993 0.654731 6.27459 0.301661 -0.584268 0.753414 82.0091 
0.958971 -0.121569 -0.256116 23.6175 0.275495 0.612811 0.740652 13.6971 0.0669109 -0.780822 0.62116 121.375 
0.958971 -0.278135 -0.0549112 43.7365 0.275495 0.959946 -0.0510511 -30.9102 0.0669109 0.0338288 0.997185 16.6915 
0.942801 -0.330766 0.0414655 49.7028 0.320689 0.865971 -0.383735 -23.7012 0.0910185 0.375083 0.922512 -18.2392 
0.874768 0.12615 -0.467832 -12.6025 -0.0958455 0.991486 0.0881374 -34.745 0.474967 -0.0322603 0.879412 -6.61646 
0.874768 -0.394577 -0.281228 54.6905 -0.0958455 0.428026 -0.89867 38.0704 0.474967 0.813083 0.336605 -115.859 
0.874768 -0.477926 -0.0797953 63.5684 -0.0958455 -0.00924426 -0.995353 81.0321 0.474967 0.878352 -0.0538936 -123.541 
0.207618 -0.977535 -0.0363456 105.546 0.916708 0.207397 -0.341515 35.4842 0.341381 0.0375865 0.939173 -2.73159 
0.165116 0.0750589 -0.983414 44.6868 0.642662 0.74817 0.165007 9.53041 0.748146 -0.659248 0.0752975 29.5824 
0.255852 -0.050762 -0.965382 44.7222 0.294818 0.955146 0.0279111 12.8485 0.920664 -0.291753 0.259342 22.0401 
0.255852 -0.050762 -0.965382 44.7222 0.294818 0.955146 0.0279111 12.8485 0.920664 -0.291753 0.259342 22.0401 
0.945759 -0.269889 -0.180828 27.8265 -0.2193 -0.119722 -0.968284 73.1339 0.23968 0.95542 -0.172415 -101.738 
0.949844 0.142385 -0.278429 4.22242 -0.159095 0.986522 -0.038248 12.8807 0.26923 0.0806262 0.959695 -49.2608 
0.949844 0.161684 -0.267684 3.92504 -0.159095 0.986761 0.0314838 12.2332 0.26923 0.0126823 0.962992 -48.5943 
0.949844 0.161684 -0.267684 3.92504 -0.159095 0.986761 0.0314838 12.2332 0.26923 0.0126823 0.962992 -48.5943 
0.943047 -0.309389 0.122232 48.2243 0.296739 0.616293 -0.729472 -1.97961 0.15036 0.724197 0.673001 -54.0723 
0.891007 0 -0.45399 -0.69105 0 1 0 -33.6394 0.45399 0 0.891007 -0.254758 
0.891007 0 -0.45399 -1.15142 0 1 0 -35.0008 0.45399 0 0.891007 1.147 
0.878814 0 -0.477164 -1.12561 0 1 0 -33.6033 0.477164 0 0.878814 1.58275 
0.874768 0.448848 -0.182525 -64.6247 -0.0958455 0.529542 0.842852 34.9633 0.474967 -0.719806 0.506247 103.277 
0.874768 0.405774 -0.264816 -57.6608 -0.0958455 0.680636 0.726325 10.1209 0.474967 -0.609985 0.634291 85.4387 
0.912849 0.405774 -0.0453238 -57.2141 -0.268712 0.680636 0.681563 10.0604 0.30741 -0.609985 0.730355 85.6683 
0.964972 -0.106978 -0.23955 21.3382 0.255601 0.589162 0.766522 17.1565 0.0591324 -0.800902 0.595869 124.311 
0.964972 -0.255151 -0.0610459 40.3786 0.255601 0.966782 -0.00044778 -31.3681 0.0591324 -0.0151712 0.998135 23.3438 
0.947268 -0.320273 0.0103593 47.5531 0.300593 0.876929 -0.375021 -24.697 0.111025 0.358359 0.926959 -15.4989 
0.874768 0.144662 -0.462443 -15.3135 -0.0958455 0.987195 0.127512 -34.8245 0.474967 -0.0672205 0.877432 -1.62399 
0.874768 -0.376204 -0.305371 51.9974 -0.0958455 0.483427 -0.870122 30.277 0.474967 0.790424 0.386829 -112.456 
0.874768 -0.471995 -0.109548 62.0888 -0.0958455 0.0530649 -0.993981 72.4701 0.474967 0.880003 0.00118083 -122.528 
0.237598 -0.969489 -0.0603188 104.356 0.907121 0.243664 -0.343162 31.9252 0.347389 0.0268182 0.937338 -1.71867 
0.180024 0.0738612 -0.980885 44.2673 0.633451 0.754185 0.173049 7.69482 0.75255 -0.652495 0.088984 29.6592 
0.269677 -0.0598805 -0.961087 44.3806 0.283056 0.958901 0.0196802 11.2172 0.920409 -0.277349 0.275543 22.071 
0.269677 -0.0598805 -0.961087 44.3806 0.283056 0.958901 0.0196802 11.2172 0.920409 -0.277349 0.275543 22.071 
0.94514 -0.265145 -0.190809 27.3093 -0.217158 -0.0736164 -0.973357 68.5003 0.244034 0.961394 -0.127156 -102.134 
0.949732 0.147346 -0.276222 3.72441 -0.157302 0.98745 -0.0141094 10.8736 0.270676 0.0568503 0.96099 -48.091 
0.949732 0.158681 -0.26987 3.54936 -0.157302 0.987185 0.0268769 10.4971 0.270676 0.0169251 0.962522 -47.6956 
0.949732 0.158681 -0.26987 3.54936 -0.157302 0.987185 0.0268769 10.4971 0.270676 0.0169251 0.962522 -47.6956 
0.945627 -0.310676 0.0962805 47.2593 0.273907 0.601024 -0.75083 -0.64727 0.175398 0.736377 0.653441 -54.3236 
0.891007 0 -0.45399 -0.69105 0 1 0 -33.653 0.45399 0 0.891007 -0.254758 
0.891007 0 -0.45399 -1.15142 0 1 0 -35.0144 0.45399 0 0.891007 1.147 
0.878814 0 -0.477164 -1.12561 0 1 0 -33.7049 0.477164 0 0.878814 1.58275 
0.874768 0.455754 -0.164524 -65.5528 -0.0958455 0.495591 0.863251 39.6373 0.474967 -0.739376 0.47721 105.945 
0.874768 0.415988 -0.248463 -59.1319 -0.0958455 0.651202 0.752828 14.0622 0.474967 -0.634736 0.609522 88.9587 
0.908893 0.415988 -0.029457 -58.6854 -0.275124 0.651202 0.707278 14.0012 0.313402 -0.634736 0.706321 89.1888 
0.970474 -0.0928833 -0.222604 19.1384 0.235499 0.564426 0.791178 20.7771 0.0521563 -0.820241 0.569635 127.127 
0.970474 -0.232056 -0.065802 37.0223 0.235499 0.970564 0.0504563 -31.4121 0.0521563 -0.0644627 0.996556 30.009 
0.950302 -0.310641 -0.0207023 45.5213 0.282085 0.887266 -0.36495 -25.5639 0.131737 0.340972 0.930797 -12.7002 
0.874768 0.162945 -0.456321 -17.9993 -0.0958455 0.981341 0.166685 -34.6776 0.474967 -0.102074 0.874063 3.36769 
0.874768 -0.356356 -0.328315 49.1094 -0.0958455 0.536933 -0.838163 22.7528 0.474967 0.764666 0.435537 -108.64 
0.874768 -0.464214 -0.138872 60.3747 -0.0958455 0.115166 -0.988712 64.0118 0.474967 0.878204 0.0562505 -121.062 
0.267125 -0.959966 -0.0843129 103.022 0.896399 0.279641 -0.343904 28.4098 0.353714 0.0162875 0.935212 -0.73375 
0.194524 0.0729094 -0.978184 43.7735 0.623673 0.76051 0.18071 5.85886 0.757094 -0.64522 0.102466 29.6943 
0.283013 -0.0687851 -0.956647 43.9662 0.27071 0.962599 0.0108735 9.59137 0.920119 -0.262051 0.291049 22.063 
0.283013 -0.0687851 -0.956647 43.9662 0.27071 0.962599 0.0108735 9.59137 0.920119 -0.262051 0.291049 22.063 
0.944567 -0.259939 -0.20056 26.747 -0.214814 -0.027334 -0.976273 63.8586 0.248289 0.965238 -0.0816573 -102.316 
0.949637 0.152224 -0.273894 3.2118 -0.155445 0.987794 0.0100398 8.89544 0.272079 0.0330411 0.961708 -46.828 
0.949637 0.155599 -0.27199 3.15956 -0.155445 0.987594 0.0222547 8.78448 0.272079 0.0211455 0.962043 -46.7091 
0.949637 0.155599 -0.27199 3.15956 -0.155445 0.987594 0.0222547 8.78448 0.272079 0.0211455 0.962043 -46.7091 
0.946438 -0.314949 0.0711474 46.6248 0.252662 0.585202 -0.77052 0.809837 0.201038 0.747226 0.633433 -54.4504 
0.891007 0 -0.45399 -0.69105 0 1 0 -33.6667 0.45399 0 0.891007 -0.254758 
0.891007 0 -0.45399 -1.15142 0 1 0 -35.0281 0.45399 0 0.891007 1.147 
0.878814 0 -0.477164 -1.12561 0 1 0 -33.8065 0.477164 0 0.878814 1.58275 
0.874768 0.461939 -0.146262 -66.3761 -0.0958455 0.460856 0.882284 44.4192 0.474967 -0.757776 0.447417 108.442 
0.874768 0.425544 -0.231717 -60.5083 -0.0958455 0.620737 0.778138 18.1519 0.474967 -0.658482 0.583787 92.3346 
0.904841 0.425544 -0.0132084 -60.0621 -0.281247 0.620737 0.731837 18.0905 0.319628 -0.658482 0.681351 92.565 
0.975479 -0.0793041 -0.205306 17.0209 0.215232 0.538638 0.814582 24.5532 0.0459859 -0.838797 0.542499 129.818 
0.975479 -0.208935 -0.0691789 33.6787 0.215232 0.971274 0.101494 -31.0411 0.0459859 -0.113895 0.992428 36.6668 
0.951953 -0.301865 -0.0516137 43.6088 0.265265 0.896994 -0.353605 -26.3048 0.153038 0.322924 0.93397 -9.84547 
0.874768 0.18097 -0.449478 -20.6556 -0.0958455 0.973933 0.205593 -34.3052 0.474967 -0.136766 0.869311 8.35065 
0.874768 -0.335111 -0.349973 46.0369 -0.0958455 0.588334 -0.802918 15.5254 0.474967 0.73591 0.482537 -104.424 
0.874768 -0.454613 -0.167651 58.4321 -0.0958455 0.176815 -0.979566 55.6887 0.474967 0.872962 0.111099 -119.149 
0.296154 -0.948982 -0.108291 101.547 0.884559 0.315274 -0.343742 24.9432 0.360346 0.00601077 0.932799 0.221633 
0.208593 0.0722145 -0.975333 43.2056 0.613346 0.76712 0.187974 4.02626 0.761772 -0.637426 0.115723 29.6873 
0.295838 -0.0774761 -0.952091 43.4796 0.257806 0.966196 0.00148264 7.97467 0.919791 -0.245893 0.305811 22.0163 
0.295838 -0.0774761 -0.952091 43.4796 0.257806 0.966196 0.00148264 7.97467 0.919791 -0.245893 0.305811 22.0163 
0.944042 -0.254283 -0.21006 26.1409 -0.212274 0.0190241 -0.977025 59.2189 0.252437 0.966943 -0.0360181 -102.284 
0.94956 0.157015 -0.271445 2.68529 -0.153525 0.987553 0.0341853 6.95074 0.273434 0.00921266 0.961847 -45.4724 
0.94956 0.15244 -0.27404 2.75623 -0.153525 0.987988 0.0176171 7.09956 0.273434 0.0253436 0.961557 -45.6352 
0.94956 0.15244 -0.27404 2.75623 -0.153525 0.987988 0.0176171 7.09956 0.273434 0.0253436 0.961557 -45.6352 
0.945545 -0.322055 0.0471634 46.3096 0.233119 0.568937 -0.788648 2.37882 0.227155 0.756697 0.613033 -54.4494 
0.891007 0 -0.45399 -0.69105 0 1 0 -33.6804 0.45399 0 0.891007 -0.254758 
0.891007 0 -0.45399 -1.15142 0 1 0 -35.0418 0.45399 0 0.891007 1.147 
0.878814 0 -0.477164 -1.12561 0 1 0 -33.9081 0.477164 0 0.878814 1.58275 
0.874768 0.467392 -0.127769 -67.0934 -0.0958455 0.425392 0.89992 49.3011 0.474967 -0.774975 0.416917 110.764 
0.874768 0.434425 -0.214604 -61.7879 -0.0958455 0.589289 0.802217 22.3831 0.474967 -0.681185 0.557129 95.5607 
0.900702 0.434425 0.00339609 -61.342 -0.287072 0.589289 0.755201 22.3213 0.326077 -0.681185 0.655485 95.7916 
0.979992 -0.0662602 -0.187683 14.9887 0.194846 0.511835 0.836696 28.4787 0.040623 -0.856525 0.514504 132.375 
0.979992 -0.185872 -0.0711813 30.359 0.194846 0.968906 0.152497 -30.2556 0.040623 -0.163316 0.985737 43.2969 
0.952277 -0.293937 -0.0822755 41.8167 0.250222 0.906121 -0.341078 -26.9225 0.174807 0.304213 0.936428 -6.93685 
0.874768 0.198708 -0.441922 -23.2783 -0.0958455 0.964983 0.244177 -33.7082 0.474967 -0.171242 0.863182 13.3169 
0.874768 -0.312552 -0.370259 42.7913 -0.0958455 0.637429 -0.764525 8.6213 0.474967 0.70427 0.527646 -99.8246 
0.874768 -0.443231 -0.195773 56.2677 -0.0958455 0.237771 -0.966581 47.5314 0.474967 0.864298 0.165513 -116.793 
0.324638 -0.936552 -0.132215 99.932 0.871619 0.350506 -0.342675 21.5309 0.367275 -0.00399607 0.930104 1.146 
0.22221 0.0717858 -0.972353 42.5641 0.602483 0.773988 0.194825 2.20078 0.766575 -0.629118 0.128738 29.6377 
0.308131 -0.0859568 -0.947453 42.9212 0.244369 0.969645 -0.00849625 6.37085 0.919423 -0.22891 0.319783 21.931 
0.308131 -0.0859568 -0.947453 42.9212 0.244369 0.969645 -0.00849625 6.37085 0.919423 -0.22891 0.319783 21.931 
0.943566 -0.248188 -0.219287 25.4923 -0.209544 0.065356 -0.975613 54.5914 0.256467 0.966505 0.00966138 -102.038 
0.949501 0.161717 -0.268877 2.14561 -0.151545 0.986729 0.0583126 5.04383 0.274739 -0.014621 0.961408 -44.025 
0.949501 0.149206 -0.276016 2.34 -0.151545 0.988365 0.0129636 5.44657 0.274739 0.0295198 0.961065 -44.4747 
0.949501 0.149206 -0.276016 2.34 -0.151545 0.988365 0.0129636 5.44657 0.274739 0.0295198 0.961065 -44.4747 
0.943022 -0.331817 0.0246343 46.2994 0.215379 0.552317 -0.805331 4.04902 0.253616 0.76475 0.592314 -54.3179 
0.891007 0 -0.45399 -0.69105 0 1 0 -33.694 0.45399 0 0.891007 -0.254758 
0.891007 0 -0.45399 -1.15142 0 1 0 -35.0554 0.45399 0 0.891007 1.147 
0.878814 0 -0.477164 -1.12561 0 1 0 -34.0097 0.477164 0 0.878814 1.58275 
0.874768 0.472105 -0.109074 -67.7034 -0.0958455 0.389253 0.916131 54.2746 0.474967 -0.790948 0.385756 112.907 
0.874768 0.442619 -0.197152 -62.9688 -0.0958455 0.556908 0.825026 26.7487 0.474967 -0.70281 0.529588 98.632 
0.896479 0.442619 0.0203303 -62.5232 -0.29259 0.556908 0.777332 26.6865 0.33274 -0.70281 0.628762 98.8634 
0.984017 -0.0537704 -0.169763 13.0444 0.174384 0.484055 0.857485 32.5472 0.0360671 -0.873384 0.485695 134.794 
0.984017 -0.16295 -0.0718185 27.0741 0.174384 0.963463 0.203297 -29.0574 0.0360671 -0.212572 0.976479 49.879 
0.951336 -0.28685 -0.112593 40.1455 0.237032 0.914649 -0.327465 -27.4194 0.196917 0.284842 0.938131 -3.97645 
0.874768 0.216132 -0.433667 -25.8631 -0.0958455 0.954505 0.282373 -32.8881 0.474967 -0.205446 0.855686 18.2585 
0.874768 -0.288768 -0.389093 39.3846 -0.0958455 0.684024 -0.723135 2.06583 0.474967 0.669869 0.570686 -94.8576 
0.874768 -0.43011 -0.223127 53.8893 -0.0958455 0.297795 -0.949806 39.5701 0.474967 0.852246 0.219278 -114.003 
0.352534 -0.922696 -0.156049 98.1807 0.857599 0.385284 -0.340705 18.1782 0.374491 -0.0137176 0.927129 2.03792 
0.235353 0.0716308 -0.969267 41.8494 0.591102 0.781086 0.201253 0.386211 0.771497 -0.620301 0.14149 29.5453 
0.319874 -0.0942335 -0.942763 42.2918 0.230428 0.972903 -0.019063 4.78361 0.919012 -0.211141 0.33292 21.8072 
0.319874 -0.0942335 -0.942763 42.2918 0.230428 0.972903 -0.019063 4.78361 0.919012 -0.211141 0.33292 21.8072 
0.943139 -0.241669 -0.228221 24.8027 -0.206629 0.11156 -0.972039 49.9863 0.260372 0.963925 0.0552805 -101.579 
0.949462 0.166327 -0.266192 1.59354 -0.149505 0.985321 0.0824065 3.17906 0.275991 -0.0384448 0.960391 -42.4869 
0.949462 0.145899 -0.277914 1.91155 -0.149505 0.988726 0.00829299 3.82977 0.275991 0.0336756 0.96057 -43.2285 
0.949462 0.145899 -0.277914 1.91155 -0.149505 0.988726 0.00829299 3.82977 0.275991 0.0336756 0.96057 -43.2285 
0.938951 -0.34403 0.00384005 46.5774 0.199527 0.535404 -0.820689 5.81211 0.280285 0.771353 0.571362 -54.054 
0.891007 0 -0.453991 -0.69105 0 1 0 -33.1343 0.453991 0 0.891007 -0.254758 
0.891007 0 -0.453991 -1.15143 0 1 0 -34.4957 0.453991 0 0.891007 1.147 
0.878814 0 -0.477164 -1.12561 0 1 0 -33.4988 0.477164 0 0.878814 1.58275 
0.874768 0.474185 -0.0996413 -67.9684 -0.0958455 0.370914 0.923708 57.3406 0.474967 -0.79848 0.369913 113.907 
0.874768 0.446461 -0.188289 -63.5226 -0.0958455 0.540351 0.835963 29.5264 0.474967 -0.713227 0.515473 100.106 
0.894335 0.446461 0.0289292 -63.0772 -0.295236 0.540351 0.787944 29.464 0.336154 -0.713227 0.615067 100.338 
0.986001 -0.0445329 -0.160683 11.5965 0.162595 0.470314 0.867391 35.127 0.0369437 -0.881375 0.470971 135.871 
0.986001 -0.148791 -0.0752553 24.9938 0.162595 0.957994 0.236241 -27.5406 0.0369437 -0.24517 0.968776 54.1179 
0.947755 -0.28719 -0.138859 39.582 0.232487 0.919911 -0.315776 -27.2232 0.218425 0.266995 0.938618 -1.70438 
0.874768 0.224733 -0.429273 -27.1425 -0.0958455 0.948686 0.301344 -31.8514 0.474967 -0.222462 0.851421 20.7179 
0.874768 -0.27187 -0.401082 37.033 -0.0958455 0.714314 -0.693232 -1.56358 0.474967 0.644859 0.598801 -91.3652 
0.874768 -0.420178 -0.24131 52.2076 -0.0958455 0.338128 -0.936207 34.8959 0.474967 0.842093 0.255511 -111.956 
0.379799 -0.907436 -0.179756 96.2953 0.842522 0.419553 -0.337836 15.4636 0.381981 -0.0231386 0.92388 2.89601 
0.248002 0.0717548 -0.966099 41.0624 0.579221 0.788386 0.207244 -0.840309 0.776529 -0.610982 0.153959 29.4098 
0.331049 -0.0895867 -0.939352 41.4738 0.216011 0.976243 -0.0169781 3.66427 0.918557 -0.197289 0.342536 21.7174 
0.331049 -0.0895867 -0.939352 41.4738 0.216011 0.976243 -0.0169781 3.66427 0.918557 -0.197289 0.342536 21.7174 
0.942763 -0.234739 -0.236844 24.0736 -0.203535 0.157535 -0.966311 45.9869 0.264142 0.959208 0.10074 -100.907 
0.949441 0.170842 -0.263392 1.02987 -0.147407 0.98333 0.106454 1.9341 0.277188 -0.0622462 0.958797 -40.8592 
0.949441 0.147623 -0.277073 1.39463 -0.147407 0.988837 0.0217289 2.66142 0.277188 0.0202122 0.960603 -41.7219 
0.949441 0.147623 -0.277073 1.39463 -0.147407 0.988837 0.0217289 2.66142 0.277188 0.0202122 0.960603 -41.7219 
0.932581 -0.360625 -0.0155906 47.6517 0.194578 0.538621 -0.819772 6.1393 0.304028 0.76147 0.572478 -52.5801 
0.891007 0 -0.453991 -0.69105 0 1 0 -31.4279 0.453991 0 0.891007 -0.254758 
0.891007 0 -0.453991 -1.15142 0 1 0 -32.7893 0.453991 0 0.891007 1.147 
0.878814 0 -0.477164 -1.12561 0 1 0 -31.763 0.477164 0 0.878814 1.58275 
